OrganisationID¬OrganisationCode¬OrganisationType¬SubType¬OrganisationStatus¬IsPimsManaged¬isEPSEnabled¬OrganisationName¬Address1¬Address2¬Address3¬City¬County¬Postcode¬Latitude¬Longitude¬ParentODSCode¬ParentName¬Phone¬Email¬Website¬Fax
2915¬Y02622¬GP¬UNKNOWN¬Visible¬True¬True¬Blackfriars Medical Practice¬138 Chapel Street¬Salford¬¬Manchester¬Greater Manchester¬M3 6AF¬53.484138488769531¬-2.2542295455932617¬01G¬NHS Salford CCG¬01618194790¬¬http://www.blackfriarsmedicalpractice.co.uk/¬0161 819 4791
3028¬A81001¬GP¬UNKNOWN¬Visible¬True¬True¬The Densham Surgery¬Health Centre¬Lawson Street¬¬Stockton On Tees¬Cleveland¬TS18 1HU¬54.561626434326172¬-1.3189703226089478¬16C¬NHS Tees Valley CCG¬01642606490¬¬http://www.williamsoliver.me.uk¬01642 618112
3029¬A81002¬GP¬UNKNOWN¬Visible¬True¬True¬Queens Park Medical Centre¬Farrer Street¬¬¬Stockton On Tees¬Cleveland¬TS18 2AW¬54.569164276123047¬-1.3138643503189087¬16C¬NHS Tees Valley CCG¬01642679681¬¬http://www.qpmc.org.uk¬01642 677124
3031¬A81004¬GP¬UNKNOWN¬Visible¬True¬True¬Bluebell Medical Centre¬Bluebell Medical Centre¬Trimdon Avenue¬Acklam¬Middlesbrough¬Cleveland¬TS5 8SB¬54.538188934326172¬-1.2621129751205444¬16C¬NHS Tees Valley CCG¬01642827697¬stccg.bluebellmedicalcentre@nhs.net¬https://bluebellmedicalcentre.co.uk¬01642 529049
3033¬A81005¬GP¬UNKNOWN¬Visible¬True¬True¬Springwood Surgery¬Rectory Lane¬¬¬Guisborough¬Cleveland¬TS14 7DJ¬54.532600402832031¬-1.0554283857345581¬16C¬NHS Tees Valley CCG¬01287619611¬rc-pct.springwood@nhs.net¬http://www.springwoodsurgery.co.uk/¬01287 619613
3034¬A81006¬GP¬UNKNOWN¬Visible¬True¬True¬Tennant Street Medical Practice¬Tennant Street¬¬¬Stockton On Tees¬Cleveland¬TS18 2AT¬54.568607330322266¬-1.3135643005371094¬16C¬NHS Tees Valley CCG¬01642613331¬¬http://www.tsmp.gpsurgery.net¬01642 675612
3035¬A81007¬GP¬UNKNOWN¬Visible¬True¬True¬Bankhouse Surgery¬One Life Hartlepool¬Park Road¬¬Hartlepool¬Cleveland¬TS24 7PW¬54.682334899902344¬-1.2141339778900146¬16C¬NHS Tees Valley CCG¬01429274800¬¬www.bankhousesurgery.co.uk¬01429 860811
3037¬A81009¬GP¬UNKNOWN¬Visible¬True¬True¬Village Medical Centre¬400-404 Linthorpe Road¬¬¬Middlesbrough¬Cleveland¬TS5 6HF¬54.562274932861328¬-1.2418678998947144¬16C¬NHS Tees Valley CCG¬01642851122¬¬¬01642 820 821
3038¬A81011¬GP¬UNKNOWN¬Visible¬True¬True¬Chadwick Practice¬One Life Hartlepool¬Park Road¬¬Hartlepool¬Cleveland¬TS24 7PW¬54.682334899902344¬-1.2141339778900146¬16C¬NHS Tees Valley CCG¬01429234646¬¬www.chadwickpractice.co.uk¬01429 861559
3039¬A81012¬GP¬UNKNOWN¬Visible¬True¬True¬Westbourne Medical Centre¬North Ormesby Health Village¬7 Trinity Mews¬North Ormesby¬Middlesbrough¬Cleveland¬TS3 6AL¬54.571720123291016¬-1.2163864374160767¬16C¬NHS Tees Valley CCG¬01642277000¬¬¬01642 281000
3040¬A81013001¬GP¬UNKNOWN¬Visible¬True¬True¬Brotton Surgery¬East Cleveland Hospital¬High Street¬Lingdale¬Saltburn By Sea¬Cleveland¬TS12 2FF¬54.565269470214844¬-0.93634134531021118¬16C¬NHS Tees Valley CCG¬01287650406¬¬www.brottonsurgey.co.uk¬
3041¬A81013¬GP¬UNKNOWN¬Visible¬True¬True¬Brotton Surgery¬East Cleveland Hospital¬Alford Road¬Brotton¬Saltburn By The Sea¬Cleveland¬TS12 2FF¬54.565269470214844¬-0.93634134531021118¬16C¬NHS Tees Valley CCG¬01287676215¬¬www.brottonsurgey.co.uk¬01287 678121
3042¬A81014¬GP¬UNKNOWN¬Visible¬True¬True¬Queenstree Practice¬Queensway¬Billingham¬Cleveland¬Billingham¬Cleveland¬TS23 2LA¬54.608291625976563¬-1.2947828769683838¬16C¬NHS Tees Valley CCG¬01642553389¬queenstree.practice@nhs.net¬http://www.queenstreepractice.co.uk/¬01642 365 872
3044¬A81016¬GP¬UNKNOWN¬Visible¬True¬True¬Park Surgery¬One Life¬Linthorpe Road¬¬Middlesbrough¬Cleveland¬TS1 3QY¬54.566394805908203¬-1.2400282621383667¬16C¬NHS Tees Valley CCG¬03001112300¬¬http://www.parksurgery.co.uk¬01642 245748
3045¬A81017¬GP¬UNKNOWN¬Visible¬True¬True¬Woodbridge Practice¬The Health Centre¬Trenchard Avenue¬Thornaby¬Stockton On Tees¬Cleveland¬TS17 0EE¬54.538150787353516¬-1.2921129465103149¬16C¬NHS Tees Valley CCG¬01642760185¬¬¬01642 766464
3046¬A81017002¬GP¬UNKNOWN¬Visible¬True¬True¬Woodbridge Practice¬30 Myton Road¬Ingleby Barwick¬Stockton On Tees¬Stockton-On-Tees¬Cleveland¬TS17 0WG¬54.518039703369141¬-1.31861412525177¬16C¬NHS Tees Valley CCG¬01642352541¬¬¬
3047¬A81018¬GP¬UNKNOWN¬Visible¬True¬True¬Bentley Medical Practice¬Redcar Primary Care Hospital¬West Dyke Road¬¬Redcar¬Cleveland¬TS10 4NW¬54.600582122802734¬-1.0696914196014404¬16C¬NHS Tees Valley CCG¬01642470444¬stccg.bentleymedical@nhs.net¬http://www.bentleymedicalpractice.co.uk¬01642 497175
3048¬A81019¬GP¬UNKNOWN¬Visible¬True¬True¬Crossfell Health Centre¬Crossfell Road¬¬¬Middlesbrough¬Cleveland¬TS3 7RL¬54.560832977294922¬-1.20386803150177¬16C¬NHS Tees Valley CCG¬01642296777¬¬¬06142 296851
3049¬A81020¬GP¬UNKNOWN¬Visible¬True¬True¬Martonside Medical Centre¬1A Martonside Way¬¬¬Middlesbrough¬Cleveland¬TS4 3BU¬54.553176879882813¬-1.2203134298324585¬16C¬NHS Tees Valley CCG¬01642812266¬¬¬01642 811299
3050¬A81021¬GP¬UNKNOWN¬Visible¬True¬True¬Normanby Medical Centre¬Low Grange Health Village¬Normanby Road¬¬Middlesbrough¬Cleveland¬TS6 6TD¬54.571125030517578¬-1.168013334274292¬16C¬NHS Tees Valley CCG¬01642511660¬¬https://www.normanbymedical.co.uk¬01642 466723
3051¬A81022001¬GP¬UNKNOWN¬Visible¬True¬True¬Lingdale Surgery¬The Clinic¬The High Street¬Lingdale¬Saltburn-By-The-Sea¬Cleveland¬TS12 3EX¬54.539657592773438¬-0.9677196741104126¬16C¬NHS Tees Valley CCG¬01287650406¬¬¬
3052¬A81022¬GP¬UNKNOWN¬Visible¬True¬True¬Hillside Practice¬Windermere Drive¬¬¬Saltburn By The Sea¬Cleveland¬TS12 2TG¬54.563117980957031¬-0.98109251260757446¬16C¬NHS Tees Valley CCG¬01287650430¬¬http://www.hillsidepractice.co.uk¬01287 651547
3053¬A81023¬GP¬UNKNOWN¬Visible¬True¬True¬The Endeavour Practice¬Cleveland Health Centre¬20 Cleveland Square¬¬Middlesbrough¬Cleveland¬TS1 2NX¬54.575050354003906¬-1.2353812456130981¬16C¬NHS Tees Valley CCG¬01642242192¬endeavour.practice@nhs.net¬http://www.endeavourpractice.co.uk/¬01642 231 809
3054¬A81025¬GP¬UNKNOWN¬Visible¬True¬True¬The Dovecot Surgery¬Health Centre¬Lawson Street¬¬Stockton On Tees¬Cleveland¬TS18 1HU¬54.561626434326172¬-1.3189703226089478¬16C¬NHS Tees Valley CCG¬01642676520¬simon.neil@nhs.net¬http://www.thedovecotsurgery@nhs.uk¬01642 260897
3055¬A81026¬GP¬UNKNOWN¬Visible¬True¬True¬Linthorpe Surgery¬378 Linthorpe Road¬¬¬Middlesbrough¬Cleveland¬TS5 6HA¬54.563331604003906¬-1.241585373878479¬16C¬NHS Tees Valley CCG¬0164 2856066¬¬http://www.linthorpesurgery.com¬01642 856060
3056¬A81027¬GP¬UNKNOWN¬Visible¬True¬True¬Yarm Medical Practice¬1 Worsall Road¬¬¬Yarm¬Cleveland¬TS15 9DD¬54.505306243896484¬-1.3555034399032593¬16C¬NHS Tees Valley CCG¬01642745800¬¬www.yarmmedicalpractice.nhs.uk¬01642 745802
3057¬A81029¬GP¬UNKNOWN¬Visible¬True¬True¬Prospect Surgery¬20 Cleveland Square¬Cleveland Centre¬¬Middlesbrough¬Cleveland¬TS1 2NX¬54.575050354003906¬-1.2353812456130981¬16C¬NHS Tees Valley CCG¬01642210220¬¬¬01642 223893
3058¬A81030001¬GP¬UNKNOWN¬Visible¬True¬True¬Nunthorpe Surgery¬87 Guisborough Road¬Nunthorpe¬¬Middlesbrough¬Cleveland¬TS7 0JS¬54.528629302978516¬-1.1685683727264404¬16C¬NHS Tees Valley CCG¬01642315390¬¬¬
3059¬A81030¬GP¬UNKNOWN¬Visible¬True¬True¬Borough Road & Nunthorpe Medical Group¬167A Borough Road¬¬¬Middlesbrough¬Cleveland¬TS1 3RY¬54.571968078613281¬-1.2271941900253296¬16C¬NHS Tees Valley CCG¬01642243668¬¬http://www.boroughroadandnunthorpe.nhs.uk/¬01642 222 252
3061¬A81032¬GP¬UNKNOWN¬Visible¬True¬True¬The Garth Surgery¬Rectory Lane¬¬¬Guisborough¬Cleveland¬TS14 7DJ¬54.532600402832031¬-1.0554283857345581¬16C¬NHS Tees Valley CCG¬01287632206¬¬http://www.thegarthsurgery.nhs.uk¬
3062¬A81026001¬GP¬UNKNOWN¬Visible¬True¬True¬Linthorpe Surgery Oakfield Branch¬North Ormesby Health Village¬1 Trinity Mews¬North Ormesby¬Middlesbrough¬Cleveland¬TS3 6AL¬54.571720123291016¬-1.2163864374160767¬16C¬NHS Tees Valley CCG¬01642 856066¬¬http://www.linthorpesurgery.com¬01642 856060
3063¬A81034¬GP¬UNKNOWN¬Visible¬True¬True¬Thornaby & Barwick Medical Group¬Trenchard Avenue¬Thornaby¬¬Stockton On Tees¬Cleveland¬TS17 0EE¬54.538150787353516¬-1.2921129465103149¬16C¬NHS Tees Valley CCG¬01642762921¬¬www.tbmg.nhs.uk¬01642 760608
3064¬A81034001¬GP¬UNKNOWN¬Visible¬True¬True¬Barwick Medical Centre¬Lowfields Avenue¬Ingleby Barwick¬¬Stockton-On-Tees¬Cleveland¬TS17 0RJ¬54.523666381835937¬-1.3077672719955444¬16C¬NHS Tees Valley CCG¬01642766505¬¬www.tbmg.nhs.uk¬01642 769516
3065¬A81035¬GP¬UNKNOWN¬Visible¬True¬True¬Newlands Medical Practice¬Borough Road¬¬¬Middlesbrough¬Cleveland¬TS1 3RX¬54.571933746337891¬-1.2260191440582275¬16C¬NHS Tees Valley CCG¬01642247029¬¬¬01642 223803
3066¬A81036¬GP¬UNKNOWN¬Visible¬True¬True¬Norton Medical Centre¬Billingham Road¬Norton¬¬Stockton On Tees¬County Durham¬TS20 2UZ¬54.588699340820313¬-1.3083057403564453¬16C¬NHS Tees Valley CCG¬01642745350¬¬http://www.nortonmedicalcentre.nhs.uk¬01642 745 351
3067¬A81037¬GP¬UNKNOWN¬Visible¬True¬True¬The Erimus Practice¬The Cleveland Health Centre¬20 Cleveland Square¬¬Middlesbrough¬Cleveland¬TS1 2NX¬54.575050354003906¬-1.2353812456130981¬16C¬NHS Tees Valley CCG¬01642242746¬¬www.erimuspractice.nhs.uk¬01642 734972
3068¬A81038¬GP¬UNKNOWN¬Visible¬True¬True¬Dr Geetha Ramachandran & Dr Prasanna Balakrishnan¬North Ormesby Health Village¬5 Trinity Mews¬North Ormesby¬Middlesbrough¬Cleveland¬TS3 6AL¬54.571720123291016¬-1.2163864374160767¬16C¬NHS Tees Valley CCG¬01642242880¬¬¬01642 251494
3069¬A81039¬GP¬UNKNOWN¬Visible¬True¬True¬The Eaglescliffe Medical Practice¬Sunningdale Drive¬Eaglescliffe¬¬Stockton On Tees¬Cleveland¬TS16 9EA¬54.520015716552734¬-1.3481037616729736¬16C¬NHS Tees Valley CCG¬01642780113¬¬http://www.eaglescliffemedical.co.uk/¬01642 791 020
3070¬A81040¬GP¬UNKNOWN¬Visible¬True¬True¬Marsh House Medical Centre¬Abbey Health Centre¬Finchale Avenue¬¬Billingham¬Cleveland¬TS23 2DG¬54.611728668212891¬-1.2921997308731079¬16C¬NHS Tees Valley CCG¬01642561282¬¬¬01642 565 982
3071¬A81041¬GP¬UNKNOWN¬Visible¬True¬True¬Hart Medical Practice¬The General Medical Centre¬Surgery Lane¬¬Hartlepool¬Cleveland¬TS24 9DN¬54.703971862792969¬-1.2234150171279907¬16C¬NHS Tees Valley CCG¬01429 282700¬¬http://www.hartmedicalpractice.co.uk¬01429 282166
3072¬A81042¬GP¬UNKNOWN¬Visible¬True¬True¬South Grange Medical Group Practice¬Trunk Road¬Eston¬¬Middlesbrough¬Cleveland¬TS6 9QG¬54.569957733154297¬-1.1664904356002808¬16C¬NHS Tees Valley CCG¬01642467001¬karen.brain@nhs.net¬http://www.southgrangemedical.co.uk/¬01642 463334
3073¬A81043¬GP¬UNKNOWN¬Visible¬True¬True¬The Manor House Surgery¬Braidwood Road¬Normanby¬¬Middlesbrough¬Cleveland¬TS6 0HA¬54.557403564453125¬-1.1592158079147339¬16C¬NHS Tees Valley CCG¬01642374788¬¬¬01642 374789
3074¬A81044¬GP¬UNKNOWN¬Visible¬True¬True¬Mckenzie Group Practice ¬17 Kendal Road¬¬¬Hartlepool¬Cleveland¬TS25 1QU¬54.67242431640625¬-1.2103711366653442¬16C¬NHS Tees Valley CCG¬01429230000¬hlp-pct.a81044@nhs.net¬http://www.mckenziegrouppractice.co.uk¬01429 297713
3075¬A81044001¬GP¬UNKNOWN¬Visible¬True¬True¬Throston Medical Centre¬82 Wiltshire Way¬¬¬Hartlepool¬Cleveland¬TS26 0XT¬54.694332122802734¬-1.2441098690032959¬16C¬NHS Tees Valley CCG¬01429282200¬¬www.mckenziegrouppractice.co.uk¬
3076¬A81045¬GP¬UNKNOWN¬Visible¬True¬True¬The Coatham Surgery¬Coatham Health Village¬Coatham Road¬¬Redcar¬Cleveland¬TS10 1SR¬54.617366790771484¬-1.0719102621078491¬16C¬NHS Tees Valley CCG¬01642 483638¬¬http://coathamsurgery.co.uk/¬01642 759959
3077¬A81046¬GP¬UNKNOWN¬Visible¬True¬True¬Woodlands Family Medical Centre¬106 Yarm Lane¬¬¬Stockton On Tees¬Cleveland¬TS18 1YE¬54.56121826171875¬-1.3211885690689087¬16C¬NHS Tees Valley CCG¬01642607398¬woodlands.enquiries@nhs.net¬http://www.woodlandsmedical.co.uk¬01642 604 603
3079¬A81048001¬GP¬UNKNOWN¬Visible¬True¬True¬Saltburn Branch Surgery¬2 Windsor Road¬¬¬Saltburn-By-The-Sea¬Cleveland¬TS12 1BH¬54.582462310791016¬-0.9742351770401001¬16C¬NHS Tees Valley CCG¬01287622393¬les.boyd@nhs.net¬http://www.zetlandmedicalpractice.co.uk/¬01642 475150
3080¬A81048¬GP¬UNKNOWN¬Visible¬True¬True¬Zetland Medical Practice¬Windy Hill Lane¬Marske-By-The-Sea¬¬Redcar¬Cleveland¬TS11 7BL¬54.591701507568359¬-1.0163770914077759¬16C¬NHS Tees Valley CCG¬01642477133¬¬http://www.zetlandmedicalpractice.co.uk/¬01642 475150
3081¬A81049¬GP¬UNKNOWN¬Visible¬True¬True¬Kings Medical Centre¬North Ormesby Health Village¬3 Trinity Mews¬North Ormesby¬Middlesbrough¬Cleveland¬TS3 6AL¬54.571720123291016¬-1.2163864374160767¬16C¬NHS Tees Valley CCG¬01642244766¬¬¬01642 246 243
3082¬A81051¬GP¬UNKNOWN¬Visible¬True¬True¬Cambridge Medical Group¬10A Cambridge Road¬Linthorpe¬¬Middlesbrough¬Cleveland¬TS5 5NN¬54.554149627685547¬-1.2522851228713989¬16C¬NHS Tees Valley CCG¬01642851177¬stccg.enquiries.cmg@nhs.net¬http://www.cambridgemedicalgroup.co.uk¬
3083¬A81052¬GP¬UNKNOWN¬Visible¬True¬True¬The Green House Surgery¬Redcar Primary Care Hospital¬West Dyke Road¬¬Redcar¬Cleveland¬TS10 4NW¬54.600582122802734¬-1.0696914196014404¬16C¬NHS Tees Valley CCG¬01642475157¬¬http://www.thegreenhousesurgery.co.uk¬01642 470885
3084¬A81053¬GP¬UNKNOWN¬Visible¬True¬True¬Woodside Surgery¬High Street¬Loftus¬¬Saltburn By The Sea¬Cleveland¬TS13 4HW¬54.553909301757812¬-0.88677161931991577¬16C¬NHS Tees Valley CCG¬01287640385¬¬¬01287 644071
3085¬A81053001¬GP¬UNKNOWN¬Visible¬True¬True¬Dr Glasby¬The Clinic, Brotton Road¬Carlin How¬Saltburn-By-The-Sea¬Saltburn By Sea¬Cleveland¬TS13 4DY¬54.564624786376953¬-0.91068428754806519¬16C¬NHS Tees Valley CCG¬01287640662¬alison.king@nhs.net¬¬
3086¬A81054¬GP¬UNKNOWN¬Visible¬True¬True¬The Saltscar Surgery¬22 Kirkleatham Street¬¬¬Redcar¬Cleveland¬TS10 1UA¬54.616283416748047¬-1.0736228227615356¬16C¬NHS Tees Valley CCG¬01642484495¬¬¬01642 488701
3087¬A81056¬GP¬UNKNOWN¬Visible¬True¬True¬Melrose Medical Centre Ltd¬38 Melrose Avenue¬¬¬Billingham¬Cleveland¬TS23 2JW¬54.609397888183594¬-1.2872856855392456¬16C¬NHS Tees Valley CCG¬01642553055¬¬¬01642 365 906
3088¬A81057¬GP¬UNKNOWN¬Visible¬True¬True¬Drs. Gittens, Longwill, Sinha & Vijayakumar¬Kingsway¬¬¬Billingham¬Cleveland¬TS23 2LS¬54.606460571289063¬-1.2889934778213501¬16C¬NHS Tees Valley CCG¬01642553738¬¬http://www.kingswaymedicalcentre.co.uk¬01642 533 011
3089¬A81058¬GP¬UNKNOWN¬Visible¬True¬True¬Coulby Medical Practice¬Cropton Way¬Coulby Newham¬¬Middlesbrough¬Cleveland¬TS8 0TL¬54.524806976318359¬-1.2137465476989746¬16C¬NHS Tees Valley CCG¬01642746800¬¬¬01642 746802
3090¬A81060¬GP¬UNKNOWN¬Visible¬True¬True¬The Koh Practice¬Health Centre¬Victoria Road¬¬Hartlepool¬Cleveland¬TS26 8DB¬54.68524169921875¬-1.2175834178924561¬16C¬NHS Tees Valley CCG¬01429273191¬¬¬01429 864006
3091¬A81063¬GP¬UNKNOWN¬Visible¬True¬True¬The Headland Medical Centre¬2 Groves Street¬¬¬Hartlepool¬Cleveland¬TS24 0NZ¬54.696643829345703¬-1.1830894947052002¬16C¬NHS Tees Valley CCG¬01429222170¬¬http://www.headlandmedicalcentre.co.uk¬01429 222140
3092¬A81064¬GP¬UNKNOWN¬Visible¬True¬True¬The Discovery Practice¬20 Cleveland Square¬Cleveland Centre¬¬Middlesbrough¬Cleveland¬TS1 2NX¬54.575050354003906¬-1.2353812456130981¬16C¬NHS Tees Valley CCG¬01642245069¬¬http://www.thediscoverypractice.co.uk¬01642 230 388
3093¬A81065¬GP¬UNKNOWN¬Visible¬True¬True¬The Eston Surgery¬Low Grange Health Village¬Normanby Road¬¬Middlesbrough¬Cleveland¬TS6 6TD¬54.571121215820313¬-1.1673439741134644¬16C¬NHS Tees Valley CCG¬01642511567¬stccg.estonsurgery@nhs.net¬http://www.estonsurgery.co.uk/¬01642 511667
3094¬A81066¬GP¬UNKNOWN¬Visible¬True¬True¬Park Lane Surgery¬Redmarshall Street¬Stillington¬¬Stockton On Tees¬Cleveland¬TS21 1JS¬54.604640960693359¬-1.4251160621643066¬16C¬NHS Tees Valley CCG¬01740631001¬¬http://www.stillingtondoctors.co.uk¬01740 631201
3095¬A81067¬GP¬UNKNOWN¬Visible¬True¬True¬Alma Medical Centre¬Nolan Place¬¬¬Stockton On Tees¬Cleveland¬TS18 2BP¬54.569492340087891¬-1.3176329135894775¬16C¬NHS Tees Valley CCG¬01642607248¬hstccg.amc@nhs.net¬https://www.almamedicalcentre.nhs.uk¬01642 612968
3096¬A81031001¬GP¬UNKNOWN¬Visible¬True¬True¬Brierton Medical Centre¬Earlsferry Road¬¬¬Hartlepool¬Cleveland¬TS25 4AZ¬54.665988922119141¬-1.2441554069519043¬16C¬NHS Tees Valley CCG¬01429272000¬¬www.havelockgrangepractice.co.uk¬01429 277757
3097¬A81031¬GP¬UNKNOWN¬Visible¬True¬True¬HAVELOCK GRANGE PRACTICE¬One Life Hartlepool¬Park Road¬¬Hartlepool¬Cleveland¬TS24 7PW¬54.682334899902344¬-1.2141339778900146¬16C¬NHS Tees Valley CCG¬01429272000¬¬www.havelockgrangepractice.co.uk¬01429 861265
3100¬A81070¬GP¬UNKNOWN¬Visible¬True¬True¬Wynyard Road Medical Practice¬Wynyard Road¬¬¬Hartlepool¬Cleveland¬TS25 3DQ¬54.660469055175781¬-1.2392507791519165¬16C¬NHS Tees Valley CCG¬01429223195¬¬https://www.wynyardandhartfields.co.uk¬01429 296 007
3101¬A81602¬GP¬UNKNOWN¬Visible¬True¬True¬Dr Shafquth Rasool¬Abbey Health Centre¬Finchale Avenue¬¬Billingham¬Cleveland¬TS23 2DG¬54.611728668212891¬-1.2921997308731079¬16C¬NHS Tees Valley CCG¬01642360033¬¬¬01642 552892
3103¬A81608¬GP¬UNKNOWN¬Visible¬True¬True¬Elm Tree Medical Centre¬22B  Westbury Street¬Thornaby¬¬Stockton On Tees¬Cleveland¬TS17 6PG¬54.554874420166016¬-1.2996317148208618¬16C¬NHS Tees Valley CCG¬01642616663¬¬¬01642 808113
3106¬A81057001¬GP¬UNKNOWN¬Visible¬True¬True¬Dr Geoghegan & Partners¬Port Clarence Clinic, Royal Buildings¬Port Clarence Road¬¬Port Clarence¬County Durham¬TS2 1TW¬54.589229583740234¬-1.2325623035430908¬16C¬NHS Tees Valley CCG¬01642 564 310¬¬¬01642 566 854
3107¬A81610¬GP¬UNKNOWN¬Visible¬True¬True¬The Roseberry Practice¬Abbey Health Centre¬Finchale Avenue¬¬Billingham¬Cleveland¬TS23 2DG¬54.611728668212891¬-1.2921997308731079¬16C¬NHS Tees Valley CCG¬01642552700¬¬¬01642 532 908
3108¬A81611¬GP¬UNKNOWN¬Visible¬True¬True¬Parkway Medical Centre¬Cropton Way¬Coulby Newham¬¬Middlesbrough¬Cleveland¬TS8 0TL¬54.524806976318359¬-1.2137465476989746¬16C¬NHS Tees Valley CCG¬01642270033¬contactus@parkwaymedicalcentre.com¬www.parkwaymedicalcentre.com¬01642 270055
3109¬A81612¬GP¬UNKNOWN¬Visible¬True¬True¬The Patel Practice¬Station Lane¬Seaton Carew¬¬Hartlepool¬Cleveland¬TS25 1AX¬54.661407470703125¬-1.1885557174682617¬16C¬NHS Tees Valley CCG¬01429278827¬¬¬01429 864513
3111¬A81618¬GP¬UNKNOWN¬Visible¬True¬True¬Huntcliff Surgery¬Bath Street¬¬¬Saltburn By The Sea¬Cleveland¬TS12 1BJ¬54.582763671875¬-0.97467637062072754¬16C¬NHS Tees Valley CCG¬01287622207¬¬http://www.huntcliffsurgery.co.uk¬01287 623803
3113¬A81621¬GP¬UNKNOWN¬Visible¬True¬True¬Thorntree Surgery¬11 Beresford Buildings¬¬¬Middlesbrough¬Cleveland¬TS3 9NB¬54.565208435058594¬-1.1834450960159302¬16C¬NHS Tees Valley CCG¬03001112300¬¬¬01642 248261
3114¬A81622¬GP¬UNKNOWN¬Visible¬True¬True¬Gladstone House Surgery¬Victoria Road¬¬¬Hartlepool¬Cleveland¬TS26 8DF¬54.685203552246094¬-1.2185614109039307¬16C¬NHS Tees Valley CCG¬01429297290¬¬http://www.gladstonehousesurgery.co.uk¬01429 285132
3117¬A81629¬GP¬UNKNOWN¬Visible¬True¬True¬Riverside Medical Practice¬Alma Street¬¬¬Stockton On Tees¬Cleveland¬TS18 2AP¬54.568859100341797¬-1.3155553340911865¬16C¬NHS Tees Valley CCG¬01642604117¬¬¬01642 604602
3118¬A81630¬GP¬UNKNOWN¬Visible¬True¬True¬Foundations Medical Practice¬Acklam¬¬¬Middlesbrough¬Cleveland¬TS5 4EQ¬54.563442230224609¬-1.2578836679458618¬16C¬NHS Tees Valley CCG¬01642354550¬¬¬01642 873575
3120¬A81631¬GP¬UNKNOWN¬Visible¬True¬True¬West View Millenium Surgery A¬West View Road¬¬¬Hartlepool¬Cleveland¬TS24 9LJ¬54.709880828857422¬-1.222790002822876¬16C¬NHS Tees Valley CCG¬01429890400¬¬¬01429 866444
3122¬A81633¬GP¬UNKNOWN¬Visible¬True¬True¬Foundations Harris Street¬Foundations Harris Street¬7 Harris Street¬¬Middlesbrough¬Cleveland¬TS1 5EF¬54.575271606445312¬-1.2422300577163696¬16C¬NHS Tees Valley CCG¬01642251053¬¬¬01642 246 005
3123¬A81634¬GP¬UNKNOWN¬Visible¬True¬True¬Arrival Medical Practice¬Endurance House¬Clarence Street¬¬Stockton On Tees¬Cleveland¬TS18 2EP¬54.572113037109375¬-1.3125772476196289¬16C¬NHS Tees Valley CCG¬01642615415¬arrival.practice@nhs.net¬https://www.arrivalpractice.co.uk¬01642 616 324
3124¬A82003¬GP¬UNKNOWN¬Visible¬True¬True¬Dr Murray & Partners¬Ulverston Community Health Centre¬Stanley Street¬¬Ulverston¬Cumbria¬LA12 7BT¬54.198886871337891¬-3.0978178977966309¬01K¬NHS Morecambe Bay CCG¬01229484141¬¬¬01229 484159
3125¬A82004002¬GP¬UNKNOWN¬Visible¬True¬True¬Dr Mills - Nenthead Surgery¬Overwater¬¬¬Nenthead¬Cumbria¬CA9 3NT¬54.786884307861328¬-2.3441512584686279¬01H¬NHS North Cumbria CCG¬01434381214¬kathleen.walton@gp-a82004.nhs.uk¬¬01434382210
3126¬A82004¬GP¬UNKNOWN¬Visible¬True¬True¬Alston Medical Practice¬Cottage Hospital¬¬¬Alston¬Cumbria¬CA9 3QX¬54.810211181640625¬-2.4398195743560791¬01H¬NHS North Cumbria CCG¬01434381214¬tania.rymer@gp-a82004.nhs.uk¬https://www.alstonmedicalpractice.co.uk¬01434 382210
3127¬A82005001¬GP¬UNKNOWN¬Visible¬True¬True¬Grasmere Branch Surgery¬1 Field Foot¬Ambleside¬¬Grasmere¬Cumbria¬LA22 9TB¬54.459671020507812¬-3.0235826969146729¬01K¬NHS Morecambe Bay CCG¬015394 32693¬¬¬
3128¬A82005¬GP¬UNKNOWN¬Visible¬True¬True¬Central Lakes Medical Group¬Rydal Road¬¬¬Ambleside¬Cumbria¬LA22 9BP¬54.435047149658203¬-2.9663262367248535¬01K¬NHS Morecambe Bay CCG¬01539432693¬¬¬015394 32520
3129¬A82006¬GP¬UNKNOWN¬Visible¬True¬True¬Appleby Medical Practice¬The Riverside Building¬Chapel Street¬Cumbria¬Appleby in Westmorland¬Cumbria¬CA16 6QR¬54.579326629638672¬-2.4942398071289062¬01H¬NHS North Cumbria CCG¬01768351584¬debbie.hewitt@gp-a82006.nhs.uk¬http://www.applebymedicalpractice.co.uk/¬017683 53375
3130¬A82007¬GP¬UNKNOWN¬Visible¬True¬True¬Duke Street Surgery¬4 Duke Street¬¬¬Barrow In Furness¬Cumbria¬LA14 1LF¬54.111156463623047¬-3.2261340618133545¬01K¬NHS Morecambe Bay CCG¬01229820068¬duke.street@nhs.net¬http://dukestreetsurgery.net.uk¬
3131¬A82008¬GP¬UNKNOWN¬Visible¬True¬True¬Norwood Medical Centre¬99 Abbey Road¬¬¬Barrow-In-Furness¬Cumbria¬LA14 5ES¬54.119205474853516¬-3.2229597568511963¬01K¬NHS Morecambe Bay CCG¬01229402525¬¬¬01229 402544
3132¬A82009¬GP¬UNKNOWN¬Visible¬True¬True¬Bridgegate Medical Centre¬Winchester Street¬¬¬Barrow In Furness¬Cumbria¬LA13 9SH¬54.114326477050781¬-3.2086806297302246¬01K¬NHS Morecambe Bay CCG¬01229820304¬diane.clark@gp-a82009.nhs.uk¬http://www.bridgegatemedicalcentre.nhs.uk¬01229 836984
3133¬A82010¬GP¬UNKNOWN¬Visible¬True¬True¬ABBEY ROAD SURGERY¬1st Floor Alfred Barrow Health Centre¬Duke Street¬¬Barrow In Furness¬Cumbria¬LA14 2LB¬54.109939575195313¬-3.2247672080993652¬01K¬NHS Morecambe Bay CCG¬01229821599¬abbeyroad.surgery@nhs.net¬http://www.abbey-practice.co.uk¬
3135¬A82012002¬GP¬UNKNOWN¬Visible¬True¬True¬Brampton Medical Practice Wetheral¬Yew Tree Cottage¬Wetheral¬¬Carlisle¬Cumbria¬CA4 8JD¬54.882900238037109¬-2.8344218730926514¬01H¬NHS North Cumbria CCG¬0169772551¬website@gp-a82012.nhs.uk¬www.bramptonmedicalpractice.com¬01697741944
3136¬A82012001¬GP¬UNKNOWN¬Visible¬True¬True¬Brampton Medical Practice Corby Hill¬Beech House¬Corby Hill¬¬Carlisle¬Cumbria¬CA4 8PL¬54.905216217041016¬-2.814140796661377¬01H¬NHS North Cumbria CCG¬0169772551¬website@gp-a82012.nhs.uk¬www.bramptonmedicalpractice.com¬016977 41944
3137¬A82012¬GP¬UNKNOWN¬Visible¬True¬True¬Brampton Medical Practice¬4 Market Place¬¬¬Brampton¬Cumbria¬CA8 1NL¬54.942367553710938¬-2.7348260879516602¬01H¬NHS North Cumbria CCG¬0169772551¬website@gp-a82012.nhs.uk¬www.bramptonmedicalpractice.com¬016977 41944
3138¬A82013¬GP¬UNKNOWN¬Visible¬True¬True¬The Upper Eden Medical Practice¬Upper Eden Medical Practice¬Silver Street¬¬Kirkby Stephen¬Cumbria¬CA17 4RB¬54.474720001220703¬-2.3501191139221191¬01H¬NHS North Cumbria CCG¬017683 71369¬¬https://www.upperedenmedicalpractice.co.uk¬
3140¬A82013001¬GP¬UNKNOWN¬Visible¬True¬True¬The Upper Eden Medical Practice¬Tebay Surgery¬Off Church Street¬¬Tebay¬Cumbria¬CA10 3SP¬54.434528350830078¬-2.5930922031402588¬01H¬NHS North Cumbria CCG¬01539624591¬¬http://www.upperedenmedicalpractice.co.uk/¬
3141¬A82014¬GP¬UNKNOWN¬Visible¬True¬True¬Caldbeck Surgery¬Friar Row¬Caldbeck¬¬Wigton¬Cumbria¬CA7 8DS¬54.749870300292969¬-3.0506072044372559¬01H¬NHS North Cumbria CCG¬01697478254¬¬http://www.caldbecksurgery.co.uk¬016974 78661
3142¬A82015¬GP¬UNKNOWN¬Visible¬True¬True¬Warwick Road Surgery¬65 Warwick Road¬¬¬Carlisle¬Cumbria¬CA1 1EB¬54.893863677978516¬-2.9285264015197754¬01H¬NHS North Cumbria CCG¬01228536303¬gp-a82015@nhs.net¬http://www.ssphealth.com¬01228 593606
3143¬A82016003¬GP¬UNKNOWN¬Visible¬True¬True¬Carlisle Healthcare¬1 Brunswick Street¬St Paul's Square¬¬Carlisle¬Cumbria¬CA1 1ED¬54.893226623535156¬-2.9293382167816162¬01H¬NHS North Cumbria CCG¬01228588121¬¬¬
3145¬A82016¬GP¬UNKNOWN¬Visible¬True¬True¬Carlisle Healthcare¬Spencer House¬St Paul's Square¬¬Carlisle¬Cumbria¬CA1 1DG¬54.893711090087891¬-2.9306278228759766¬01H¬NHS North Cumbria CCG¬01228588121¬¬http://carlislehealthcare.co.uk/¬
3146¬A82016005¬GP¬UNKNOWN¬Visible¬True¬True¬Eastern Way Surgery¬1 Eastern Way¬¬¬Carlisle¬Cumbria¬CA1 3QZ¬54.879352569580078¬-2.9091463088989258¬01H¬NHS North Cumbria CCG¬01228 588121¬¬https://www.carlislehealthcare.co.uk/¬01228 596429
3147¬A82018¬GP¬UNKNOWN¬Visible¬True¬True¬Spencer Street Surgery¬10 Spencer Street¬¬¬Carlisle¬Cumbria¬CA1 1BP¬54.894886016845703¬-2.931138277053833¬01H¬NHS North Cumbria CCG¬01228529171¬¬http://www.spencerstreetsurgery.co.uk¬
3148¬A82018001¬GP¬UNKNOWN¬Visible¬True¬True¬Blackwell Road Branch Surgery¬42 Blackwell Road¬¬¬Carlisle¬Cumbria¬CA2 4EQ¬54.881790161132812¬-2.9289500713348389¬01H¬NHS North Cumbria CCG¬01228531975¬¬¬
3149¬A82019¬GP¬UNKNOWN¬Visible¬True¬True¬Fusehill Medical Practice¬Fusehill Medical Centre¬Fusehill Street¬¬Carlisle¬Cumbria¬CA1 2HE¬54.890625¬-2.9228549003601074¬01H¬NHS North Cumbria CCG¬01228527559¬¬http://www.fusehillmedicalpractice.nhs.uk¬01228 594434
3151¬A82020¬GP¬UNKNOWN¬Visible¬True¬True¬Eden Medical Group¬Port Road¬¬¬Carlisle¬Cumbria¬CA2 7AJ¬54.894210815429688¬-2.9520783424377441¬01H¬NHS North Cumbria CCG¬01228524477¬¬¬01228 553809
3152¬A82021¬GP¬UNKNOWN¬Visible¬True¬True¬Castlegate and Derwent Surgery¬Cockermouth Health Centre¬Isel Road¬¬Cockermouth¬Cumbria¬CA13 9HT¬54.666812896728516¬-3.3585805892944336¬01H¬NHS North Cumbria CCG¬01900705750¬gp-a82021@nhs.net¬http://www.castlegateandderwentsurgery.nhs.uk¬01900 705395
3153¬A82022¬GP¬UNKNOWN¬Visible¬True¬True¬Dalston Medical Group¬Townhead Road¬Dalston¬¬Carlisle¬Cumbria¬CA5 7PZ¬54.841381072998047¬-2.9855272769927979¬01H¬NHS North Cumbria CCG¬01228710451¬¬http://www.dalstonmedicalgroup.org.uk¬01228 711898
3154¬A82023¬GP¬UNKNOWN¬Visible¬True¬True¬Distington Surgery¬Hinnings Road¬Distington¬¬Workington¬Cumbria¬CA14 5UR¬54.595310211181641¬-3.5413365364074707¬01H¬NHS North Cumbria CCG¬01946830207¬¬http://www.distington-surgery.co.uk¬01946 833793
3155¬A82024¬GP¬UNKNOWN¬Visible¬True¬True¬Seascale Health Centre¬Gosforth Road¬¬¬Seascale¬Cumbria¬CA20 1PN¬54.396751403808594¬-3.4799835681915283¬01H¬NHS North Cumbria CCG¬01946728101¬¬http://www.seascalehc.co.uk¬019467 27895
3156¬A82024001¬GP¬UNKNOWN¬Visible¬True¬True¬Bootle Surgery¬Chapel Lane¬Millom¬¬Bootle¬Cumbria¬LA19 5UE¬54.281517028808594¬-3.3745155334472656¬01H¬NHS North Cumbria CCG¬01229718711¬¬¬
3157¬A82025¬GP¬UNKNOWN¬Visible¬True¬True¬Captain French Surgery¬The Gillinggate Centre¬¬¬Kendal¬Cumbria¬LA9 4JE¬54.323432922363281¬-2.7485473155975342¬01K¬NHS Morecambe Bay CCG¬01539720241¬¬https://www.captainfrenchsurgery.org.uk¬01539 725048
3158¬A82026¬GP¬UNKNOWN¬Visible¬True¬True¬The James Cochrane Practice¬Burton Road¬¬¬Kendal¬Cumbria¬LA9 7HR¬54.312702178955078¬-2.7371163368225098¬01K¬NHS Morecambe Bay CCG¬01539718080¬¬http://www.jamescochranepractice.co.uk¬
3159¬A82026001¬GP¬UNKNOWN¬Visible¬True¬True¬Maude Street Surgery¬Maude Street¬¬¬Kendal¬Cumbria¬LA9 4QE¬54.330268859863281¬-2.7479488849639893¬01K¬NHS Morecambe Bay CCG¬01539718080¬¬http://www.jamescochranepractice.co.uk¬
3160¬A82027¬GP¬UNKNOWN¬Visible¬True¬True¬Station House Surgery¬Station Road¬¬¬Kendal¬Cumbria¬LA9 6SA¬54.331962585449219¬-2.7397215366363525¬01K¬NHS Morecambe Bay CCG¬01539722660¬¬¬01539 777293
3161¬A82028¬GP¬UNKNOWN¬Visible¬True¬True¬Castlehead Medical Centre¬Ambleside Road¬¬¬Keswick¬Cumbria¬CA12 4DB¬54.597694396972656¬-3.1345574855804443¬01H¬NHS North Cumbria CCG¬01768772025¬¬http://www.castlehead.org.uk¬
3162¬A82029¬GP¬UNKNOWN¬Visible¬True¬True¬The Croft Surgery¬Kirkbride¬¬Kirkbride¬Wigton¬Cumbria¬CA7 5JH¬54.896919250488281¬-3.2028965950012207¬01H¬NHS North Cumbria CCG¬01697351207¬¬http://www.kirkbridesurgery.org.uk/¬
3163¬A82030001¬GP¬UNKNOWN¬Visible¬True¬False¬West View Surgery¬Lancaster Road¬Hornby¬¬Lancaster¬Lancashire¬LA2 8JS¬54.107986450195313¬-2.6370432376861572¬01K¬NHS Morecambe Bay CCG¬01524221216¬¬http://www.lunesdalesurgery.co.uk/¬
3164¬A82030¬GP¬UNKNOWN¬Visible¬True¬False¬Lunesdale Surgery¬Kirkby Lonsdale¬¬¬Carnforth¬Lancashire¬LA6 2HQ¬54.200576782226562¬-2.6021981239318848¬01K¬NHS Morecambe Bay CCG¬01524271210¬¬https://www.lunesdalesurgery.co.uk¬015242 727133
3165¬A82031002¬GP¬UNKNOWN¬Visible¬True¬True¬Shap Medical Practice, Orton Branch Surgery¬Market Hall¬Orton¬¬Penrith¬Cumbria¬CA10 3RJ¬54.468097686767578¬-2.5850610733032227¬01H¬NHS North Cumbria CCG¬01931716230¬¬www.shapmedicalpractice.co.uk¬01931 716231
3167¬A82031¬GP¬UNKNOWN¬Visible¬True¬True¬Shap Medical Practice¬Shap Health Centre¬Peggy Nut Croft¬Shap¬Penrith¬Cumbria¬CA10 3LW¬54.528896331787109¬-2.6779162883758545¬01H¬NHS North Cumbria CCG¬01931716230¬¬www.shapmedicalpractice.co.uk¬01931 716231
3168¬A82032¬GP¬UNKNOWN¬Visible¬True¬True¬Maryport Health Services¬Alneburgh House¬Ewanrigg Road¬¬Maryport¬Cumbria¬CA15 8EL¬54.706436157226563¬-3.4945163726806641¬01H¬NHS North Cumbria CCG¬01900815544¬¬¬01900 816626
3169¬A82033¬GP¬UNKNOWN¬Visible¬True¬True¬Waterloo House Surgery¬Millom Community Hospital¬Lapstone Road¬¬Millom¬Cumbria¬LA18 4BY¬54.208446502685547¬-3.2680065631866455¬01K¬NHS Morecambe Bay CCG¬01229402800¬¬¬01229 771300
3170¬A82034003¬GP¬UNKNOWN¬Visible¬True¬True¬Dr J H Gorrigan & Partners¬Memorial Hall¬Main Street¬Burton In Kendal¬Carnforth¬Lancashire¬LA6 1NA¬54.182418823242188¬-2.7210366725921631¬01K¬NHS Morecambe Bay CCG¬01539563307¬¬¬
3172¬A82034¬GP¬UNKNOWN¬Visible¬True¬True¬Stoneleigh Surgery¬Police Square¬¬¬Milnthorpe¬Cumbria¬LA7 7PW¬54.227279663085937¬-2.7706894874572754¬01K¬NHS Morecambe Bay CCG¬01539563307¬¬https://www.stoneleighsurgery.co.uk¬015395 62005
3173¬A82035¬GP¬UNKNOWN¬Visible¬True¬True¬Birbeck Medical Group¬Penrith Health Centre¬Bridge Lane¬¬Penrith¬Cumbria¬CA11 8HW¬54.656120300292969¬-2.7425618171691895¬01H¬NHS North Cumbria CCG¬01768 214620¬¬http://www.birbeckmedicalgroup.co.uk¬01768 214622
3174¬A82036¬GP¬UNKNOWN¬Visible¬True¬True¬The Lakes Medical Practice¬Penrith Health Centre¬Bridge Lane¬¬Penrith¬Cumbria¬CA11 8HW¬54.656120300292969¬-2.7425618171691895¬01H¬NHS North Cumbria CCG¬01768214345¬thelakes@gp-a82036.nhs.uk¬http://www.thelakesmedicalpractice.co.uk¬01768 214346
3175¬A82037¬GP¬UNKNOWN¬Visible¬True¬True¬Silloth Group Medical Practice¬Lawn Terrace¬Silloth¬¬Wigton¬Cumbria¬CA7 4AH¬54.869709014892578¬-3.3935558795928955¬01H¬NHS North Cumbria CCG¬01697331309¬¬http://www.sillothgroupmedicalpractice.nhs.uk¬016973 32834
3176¬A82038¬GP¬UNKNOWN¬Visible¬True¬True¬Temple Sowerby Medical Practice¬Linden Park¬Temple Sowerby¬¬Penrith¬Cumbria¬CA10 1RW¬54.636783599853516¬-2.6052825450897217¬01H¬NHS North Cumbria CCG¬01768361232¬tssurgery@gp-a82038.nhs.uk¬¬017683 61980
3177¬A82039¬GP¬UNKNOWN¬Visible¬True¬True¬Dalton Surgery¬92 Market Street¬¬¬Dalton In Furness¬Cumbria¬LA15 8AB¬54.155921936035156¬-3.1798014640808105¬01K¬NHS Morecambe Bay CCG¬01229462591¬¬http://www.marketstreetmedicalpractice.co.uk¬01229 468217
3179¬A82041¬GP¬UNKNOWN¬Visible¬True¬True¬Lowther Medical Centre¬1 Castle Meadows¬¬¬Whitehaven¬Cumbria¬CA28 7RG¬54.545063018798828¬-3.5863769054412842¬01H¬NHS North Cumbria CCG¬01946692241¬¬¬01946 590617
3180¬A82044004¬GP¬UNKNOWN¬Visible¬True¬True¬Flatt Walks Surgery¬3 Castle Meadows¬¬¬Whitehaven¬Cumbria¬CA28 7QE¬54.544715881347656¬-3.5866107940673828¬01H¬NHS North Cumbria CCG¬01946692173¬¬http://www.fellviewhealthcare.nhs.uk¬01946 590606
3181¬A82045¬GP¬UNKNOWN¬Visible¬True¬True¬Wigton Group Medical Practice¬South End¬¬¬Wigton¬Cumbria¬CA7 9QD¬54.820327758789063¬-3.1590163707733154¬01H¬NHS North Cumbria CCG¬01697342254¬wigton.surgery@nhs.net¬http://www.wigtonmedicalpractice.co.uk¬016973 45464
3182¬A82046¬GP¬UNKNOWN¬Visible¬True¬True¬Windermere And Bowness Medical Practice¬Windermere Health Centre¬Goodly Dale¬¬Windermere¬Cumbria¬LA23 2EG¬54.370876312255859¬-2.9134056568145752¬01K¬NHS Morecambe Bay CCG¬01539445159¬cuccg.a82046@nhs.net¬http://www.onemedicalgroup.co.uk/windermere-and-bowness-medical-practice¬
3183¬A82047¬GP¬UNKNOWN¬Visible¬True¬True¬James Street Group Practice¬James Street¬¬¬Workington¬Cumbria¬CA14 2DL¬54.64483642578125¬-3.5502772331237793¬01H¬NHS North Cumbria CCG¬0190062241¬¬¬01900 603385
3184¬A82048¬GP¬UNKNOWN¬Visible¬True¬True¬Beechwood Group Practice¬57 John Street¬¬¬Workington¬Cumbria¬CA14 3FT¬54.642379760742188¬-3.5454573631286621¬01H¬NHS North Cumbria CCG¬0190064866¬¬¬01900 871561
3185¬A82049¬GP¬UNKNOWN¬Visible¬True¬True¬Orchard House Surgery¬South William Street¬¬¬Workington¬Cumbria¬CA14 2ED¬54.645011901855469¬-3.5499119758605957¬01H¬NHS North Cumbria CCG¬01900603985¬¬http://www.orchardhousesurgeryworkington.co.uk/¬01900 871761
3186¬A82050¬GP¬UNKNOWN¬Visible¬True¬True¬Oxford Street Surgery¬20 Oxford Street¬¬¬Workington¬Cumbria¬CA14 2AJ¬54.64373779296875¬-3.5505609512329102¬01H¬NHS North Cumbria CCG¬01900603302¬sharon.wilson@gp-a82050.nhs.uk¬¬01900 871604
3188¬A82053¬GP¬UNKNOWN¬Visible¬True¬True¬Nutwood Medical Practice¬The Health Centre¬Kents Bank Road¬¬Grange over Sands¬Cumbria¬LA11 7DJ¬54.187961578369141¬-2.9156506061553955¬01K¬NHS Morecambe Bay CCG¬01539715500¬¬http://www.nutwoodmedicalpractice.nhs.uk¬01539 777200
3189¬A82055¬GP¬UNKNOWN¬Visible¬True¬True¬Aspatria Medical Group¬West Street Health Centre¬West Street¬Aspatria¬Wigton¬Cumbria¬CA7 3HH¬54.762126922607422¬-3.337977409362793¬01H¬NHS North Cumbria CCG¬01697320209¬¬http://www.aspatriamedicalgroup.co.uk¬016973 22333
3191¬A82058¬GP¬UNKNOWN¬Visible¬True¬True¬Queen Street Medical Practice¬Richard Benedict House¬149 Queen Street¬¬Whitehaven¬Cumbria¬CA28 7BA¬54.546573638916016¬-3.5890483856201172¬01H¬NHS North Cumbria CCG¬01946694457¬stephanie.wareing@gp-a82058.nhs.uk¬http://www.queenstreetmedicalpractice.nhs.uk/¬01946 590613
3193¬A82062¬GP¬UNKNOWN¬Visible¬True¬True¬Atkinson Health Centre Practice¬Market Street¬¬¬Barrow In Furness¬Cumbria¬LA14 2LR¬54.110527038574219¬-3.2278439998626709¬01K¬NHS Morecambe Bay CCG¬01229822205¬prescriptions.wiejak@gp-a82062.nhs.uk¬http://www.atkinsonhealthcentrepractice.nhs.uk¬01229 845976
3195¬A82064¬GP¬UNKNOWN¬Visible¬True¬True¬Westcroft House Surgery¬66 Main Street¬¬¬Egremont¬Cumbria¬CA22 2DB¬54.483150482177734¬-3.5285778045654297¬01H¬NHS North Cumbria CCG¬01946820348¬¬http://westcrofthouse.co.uk¬01946 821611
3197¬A82065¬GP¬UNKNOWN¬Visible¬True¬True¬Peninsula Medical Practice Grange Over Sands Health Centre¬Kents Bank Road¬¬¬Grange Over Sands¬Cumbria¬LA11 7DJ¬54.187656402587891¬-2.9150876998901367¬01K¬NHS Morecambe Bay CCG¬01539715715¬¬http://www.peninsulamedicalpractice.co.uk/¬
3198¬A82068¬GP¬UNKNOWN¬Visible¬True¬True¬Dr Johnston and Partners¬Stanley Street¬¬¬Ulverston¬Cumbria¬LA12 7BT¬54.198886871337891¬-3.0978178977966309¬01K¬NHS Morecambe Bay CCG¬01229484100¬¬http://www.drjohnstonandpartners.co.uk¬01229 484101
3199¬A82070¬GP¬UNKNOWN¬Visible¬True¬True¬St Mary's Surgery¬Applethwaite¬¬¬Windermere¬Cumbria¬LA23 1BA¬54.380771636962891¬-2.9088218212127686¬01K¬NHS Morecambe Bay CCG¬01539488484¬¬¬01539 442838
3200¬A82070001¬GP¬UNKNOWN¬Visible¬True¬True¬Staveley Surgery¬9 Crook Road¬Staveley¬¬Kendal¬Cumbria¬LA8 9NG¬54.372482299804688¬-2.8186328411102295¬01K¬NHS Morecambe Bay CCG¬01539821341¬¬¬
3201¬A82071¬GP¬UNKNOWN¬Visible¬True¬True¬Burnett Edgar Medical Centre¬Central Drive¬Walney¬¬Barrow In Furness¬Cumbria¬LA14 3HY¬54.107147216796875¬-3.2549090385437012¬01K¬NHS Morecambe Bay CCG¬01229474526¬¬http://www.burnettedgarmedicalcentre.nhs.uk/¬01229 475282
3202¬A82072¬GP¬UNKNOWN¬Visible¬True¬True¬Risedale Surgery¬Alfred Barrow Health Centre¬Duke Street¬¬Barrow In Furness¬Cumbria¬LA14 2LB¬54.109939575195313¬-3.2247672080993652¬01K¬NHS Morecambe Bay CCG¬01229 402999¬gp-a82072@nhs.net¬¬
3205¬A82075¬GP¬UNKNOWN¬Visible¬True¬True¬Mansion House Surgery¬19/20 Irish Street¬¬¬Whitehaven¬Cumbria¬CA28 7BU¬54.545951843261719¬-3.5884058475494385¬01H¬NHS North Cumbria CCG¬01946693660¬¬¬01946 592215
3206¬A82077¬GP¬UNKNOWN¬Visible¬True¬True¬Liverpool House Surgery¬69 Risedale Road¬¬¬Barrow In Furness¬Cumbria¬LA13 9QY¬54.112720489501953¬-3.2095057964324951¬01K¬NHS Morecambe Bay CCG¬01229402630¬prescriptions@liverpoolhouse.com¬http://www.liverpoolhousesurgery.nhs.uk/¬01229 432156
3208¬A82608001¬GP¬UNKNOWN¬Visible¬True¬True¬Dr Lumb W & Partner¬Methodist Church Hall¬Dent¬¬Sedbergh¬Cumbria¬LA10 5QJ¬54.27862548828125¬-2.4567275047302246¬01K¬NHS Morecambe Bay CCG¬01539718191¬¬¬
3209¬A82608¬GP¬UNKNOWN¬Visible¬True¬True¬Sedbergh Medical Practice¬Station Road¬¬¬Sedbergh¬Cumbria¬LA10 5DL¬54.322383880615234¬-2.5352528095245361¬01K¬NHS Morecambe Bay CCG¬01539718191¬¬http://www.sedberghmp.nhs.uk/¬015396 20586
3210¬A82613¬GP¬UNKNOWN¬Visible¬True¬False¬Wraysdale House Surgery¬Wraysdale House¬¬¬Coniston¬Cumbria¬LA21 8ER¬54.367252349853516¬-3.0760619640350342¬01K¬NHS Morecambe Bay CCG¬01539441205¬¬¬015394 41205
3212¬A82617¬GP¬UNKNOWN¬Visible¬True¬True¬Kirkoswald Surgery¬Ravenghyll¬Kirkoswald¬¬Penrith¬Cumbria¬CA10 1DQ¬54.763774871826172¬-2.6925613880157471¬01H¬NHS North Cumbria CCG¬01768898560¬¬¬01768 898905
3214¬A82620¬GP¬UNKNOWN¬Visible¬True¬True¬Glenridding Health Centre¬Glenridding¬¬¬Penrith¬Cumbria¬CA11 0PD¬54.544380187988281¬-2.9512555599212646¬01H¬NHS North Cumbria CCG¬01768482297¬cuccg.a82620@nhs.net¬http://www.glenriddinghealthcentre.co.uk¬017684 82145
3217¬A82623¬GP¬UNKNOWN¬Visible¬True¬True¬Solway Health Services¬Park Lane¬¬¬Workington¬Cumbria¬CA14 2RW¬54.642692565917969¬-3.5513269901275635¬01H¬NHS North Cumbria CCG¬01900705150¬¬http://www.solwayhealthservices.co.uk/¬01900 605856
3221¬A82629¬GP¬UNKNOWN¬Visible¬True¬True¬The Family Practice¬26 - 30 Hartington Street¬¬¬Barrow In Furness¬Cumbria¬LA14 5SL¬54.116771697998047¬-3.2287478446960449¬01K¬NHS Morecambe Bay CCG¬01229402900¬¬http://thefamilypracticebarrow.co.uk¬01229 834677
3222¬A82631¬GP¬UNKNOWN¬Visible¬True¬True¬Court Thorn Surgery¬Court Thorn¬Low Hesket¬¬Carlisle¬Cumbria¬CA4 0HP¬54.801834106445313¬-2.8262324333190918¬01H¬NHS North Cumbria CCG¬016974 73548¬gp-a82631@nhs.net¬http://www.courtthornsurgery.co.uk/¬016974 73781
3223¬A82654¬GP¬UNKNOWN¬Visible¬True¬True¬Grosvenor House Surgery¬Grosvenor House Surgery¬Warwick Square¬¬Carlisle¬Cumbria¬CA1 1LB¬54.893089294433594¬-2.9258747100830078¬01H¬NHS North Cumbria CCG¬01228 536561¬¬http://www.warwicksquaregrouppractice.co.uk¬01228 515786
3229¬A82005002¬GP¬UNKNOWN¬Visible¬True¬True¬Hawkshead Surgery¬Bragg Field¬Ambleside¬¬Hawkshead¬Cumbria¬LA22 0QW¬54.374477386474609¬-2.9967691898345947¬01K¬NHS Morecambe Bay CCG¬01539 436246¬¬¬01539 436710
3230¬A82646¬GP¬UNKNOWN¬Visible¬True¬True¬Longtown Medical Centre¬Moor Road¬Carlisle¬¬Longtown¬Cumbria¬CA6 5XA¬55.010463714599609¬-2.9643852710723877¬01H¬NHS North Cumbria CCG¬01228791328¬¬¬01228 791942
3232¬A82647¬GP¬UNKNOWN¬Visible¬True¬True¬Cartmel Surgery¬Haggs Lane, Cartmel¬¬¬Grange Over Sands¬Cumbria¬LA11 6PH¬54.199169158935547¬-2.9469707012176514¬01K¬NHS Morecambe Bay CCG¬01539536366¬pre.req@cartmelsurgery.co.uk¬www.cartmelsurgery.co.uk¬015395 36766
3233¬A82650¬GP¬UNKNOWN¬Visible¬True¬False¬Haverthwaite Surgery¬Backbarrow¬¬¬Ulverston¬Cumbria¬LA12 8QF¬54.251461029052734¬-2.9936156272888184¬01K¬NHS Morecambe Bay CCG¬015395 31619¬¬http://www.haverthwaitesurgery.co.uk/¬015395 31495
3234¬A82651¬GP¬UNKNOWN¬Visible¬True¬False¬The Surgery Kirkby-In-Furness¬Askew Gate¬¬¬Kirkby-In-Furness¬Cumbria¬LA17 7TE¬54.232414245605469¬-3.1846675872802734¬01K¬NHS Morecambe Bay CCG¬01229889247¬¬¬01229 889097
3235¬A82651002¬GP¬UNKNOWN¬Visible¬True¬False¬Duddon Valley Medical Practice, Broughton Surgery¬Foxfield Road¬Broughton In Furness¬¬Broughton-In-Furness¬Cumbria¬LA20 6EZ¬54.274276733398437¬-3.2124364376068115¬01K¬NHS Morecambe Bay CCG¬01229716337¬¬¬01229 716337
3236¬A83001¬GP¬UNKNOWN¬Visible¬True¬True¬St. Andrew's Medical Practice¬Sensier House¬St Andrews Lane¬¬Spennymoor¬¬DL16 6QA¬54.699638366699219¬-1.5981976985931396¬84H¬NHS County Durham CCG¬01388817777¬¬http://standrewsmedicalpracticespennymoor.nhs.uk¬01388 811 700
3237¬A83003¬GP¬UNKNOWN¬Visible¬True¬True¬Willington Medical Group¬Chapel Street¬Willington¬¬Crook¬¬DL15 0EQ¬54.710277557373047¬-1.6943207979202271¬84H¬NHS County Durham CCG¬01388 742500¬willingtonmedical-group@nhs.net¬http://www.willingtonmedicalgroup.org.uk¬01388 742502
3239¬A83005¬GP¬UNKNOWN¬Visible¬True¬True¬Whinfield Medical Practice¬Whinbush Way¬¬¬Darlington¬¬DL1 3RT¬54.546272277832031¬-1.5249791145324707¬16C¬NHS Tees Valley CCG¬01325481321¬¬http://www.whinfield.co.uk¬
3240¬A83006¬GP¬UNKNOWN¬Visible¬True¬True¬Orchard Court Surgery¬Orchard Road¬¬¬Darlington¬¬DL3 6HZ¬54.532363891601563¬-1.5666323900222778¬16C¬NHS Tees Valley CCG¬01325465285¬¬http://www.orchardct.co.uk¬01325 284034
3241¬A83007001¬GP¬UNKNOWN¬Visible¬True¬True¬Blackhall & Peterlee Practice¬O'Neill Drive¬¬¬Peterlee¬County Durham¬SR8 5TZ¬54.754070281982422¬-1.3330079317092896¬84H¬NHS County Durham CCG¬01915864331¬¬www.blackhallandpeterleepractice.co.uk¬0191 586 8288
3242¬A83007¬GP¬UNKNOWN¬Visible¬True¬True¬Blackhall & Peterlee Practice¬Hesleden Road¬Blackhall¬¬Hartlepool¬Cleveland¬TS27 4LQ¬54.746902465820313¬-1.289720892906189¬84H¬NHS County Durham CCG¬01915864331¬¬www.blackhallandpeterleepractice.co.uk¬0191 586 4844
3243¬A83008¬GP¬UNKNOWN¬Visible¬True¬True¬Hallgarth Surgery¬Cheapside¬¬¬Shildon¬County Durham¬DL4 2HP¬54.6348876953125¬-1.6436232328414917¬84H¬NHS County Durham CCG¬01388772662¬¬http://www.intrahealth.co.uk/surgeries/hallgarth-surgery¬01388 774 150
3244¬A83009¬GP¬UNKNOWN¬Visible¬True¬True¬Bridge End Surgery¬Picktree Lane¬¬¬Chester Le Street¬¬DH3 3SL¬54.859306335449219¬-1.5734642744064331¬84H¬NHS County Durham CCG¬01913883236¬¬http://www.bridgeendsurgery.com¬0191 3890989
3245¬A83010¬GP¬UNKNOWN¬Visible¬True¬True¬Moorlands Surgery¬139A Willow Road¬¬¬Darlington¬County Durham¬DL3 9JP¬54.534217834472656¬-1.5775694847106934¬16C¬NHS Tees Valley CCG¬01325469168¬¬http://www.moorlandssurgerydarlington.nhs.uk¬01325 353 695
3246¬A83011001¬GP¬UNKNOWN¬Visible¬True¬True¬Claypath & University Medical Group University Health Centre¬Green Lane¬Old Elvet¬¬Durham¬County Durham¬DH1 3JX¬54.773681640625¬-1.5651311874389648¬84H¬NHS County Durham CCG¬01913865081¬g.bevan@nhs.net¬http://www.durhamstudenthealth.co.uk¬0191 3751099
3247¬A83011¬GP¬UNKNOWN¬Visible¬True¬True¬Claypath & University Medical Group(Claypath Medical Centre)¬26 Gilesgate¬¬¬Durham¬County Durham¬DH1 1QW¬54.778701782226563¬-1.5671451091766357¬84H¬NHS County Durham CCG¬01913746888¬g.bevan@nhs.net¬http://www.claypathdoctors.co.uk¬0191 374 6894
3248¬A83012¬GP¬UNKNOWN¬Visible¬True¬True¬Easington & Peterlee Medical Practice¬Manor Way¬¬¬Peterlee¬County Durham¬SR8 5TW¬54.75799560546875¬-1.3314049243927002¬84H¬NHS County Durham CCG¬01915691060¬¬http://www.intrahealth.co.uk/¬0191 5544552
3249¬A83012001¬GP¬UNKNOWN¬Visible¬True¬True¬Arbroath House, Easington Collier¬Seaside Lane South¬Easington Colliery¬¬Peterlee¬County Durham¬SR8 3PE¬54.787944793701172¬-1.324426531791687¬84H¬NHS County Durham CCG¬01915270328¬¬http://www.intrahealth.co.uk/¬
3250¬A83013¬GP¬UNKNOWN¬Visible¬True¬True¬Neasham Road Surgery¬186 Neasham Road¬¬¬Darlington¬¬DL1 4YL¬54.517257690429688¬-1.5426323413848877¬16C¬NHS Tees Valley CCG¬01325461128¬neashamroad.surgery@nhs.net¬http://www.neashamroadsurgery.co.uk¬
3251¬A83014001¬GP¬UNKNOWN¬Visible¬True¬True¬Sherburn Surgery¬Gray Avenue¬Sherburn¬¬Durham¬County Durham¬DH6 1JE¬54.778495788574219¬-1.5080070495605469¬84H¬NHS County Durham CCG¬01913009661¬¬http://www.belmontandsherburnmedicalgroup.co.uk/¬
3252¬A83014¬GP¬UNKNOWN¬Visible¬True¬True¬Belmont & Sherburn Medical Group¬Broomside Lane¬Belmont¬¬Durham¬County Durham¬DH1 2QW¬54.786151885986328¬-1.5281444787979126¬84H¬NHS County Durham CCG¬01913009661¬¬¬
3253¬A83015¬GP¬UNKNOWN¬Visible¬True¬True¬STATION VIEW MEDICAL CENTRE¬29A Escomb Road¬¬¬Bishop Auckland¬County Durham¬DL14 6AB¬54.656604766845703¬-1.6782157421112061¬84H¬NHS County Durham CCG¬01388452711¬stationview.a83015@nhs.net¬http://www.stationviewmedicalcentre.co.uk¬01388 452719
3254¬A83015001¬GP¬UNKNOWN¬Visible¬True¬True¬Station View Medical Centre@ The Eden Centre¬Victoria Lane¬Coundon¬¬Bishop Auckland¬County Durham¬DL14 8NP¬54.661144256591797¬-1.6280931234359741¬84H¬NHS County Durham CCG¬01388601860¬stationview.a83015@nhs.net¬http://www.stationviewmedicalcentre.co.uk/¬01388 660361
3255¬A83016¬GP¬UNKNOWN¬Visible¬True¬True¬Tanfield View Medical Group¬Scott Street¬¬¬Stanley¬¬DH9 8AD¬54.869941711425781¬-1.7013579607009888¬84H¬NHS County Durham CCG¬01207232384¬¬http://www.tanfieldviewmedicalgroup.co.uk¬01207 237 763
3260¬A83018¬GP¬UNKNOWN¬Visible¬True¬True¬Consett Medical Centre¬Station Yard¬¬¬Consett¬¬DH8 5YA¬54.851314544677734¬-1.8277441263198853¬84H¬NHS County Durham CCG¬01207583400¬¬http://www.consettmedicalcentre.co.uk¬01207 508120
3261¬A83616003¬GP¬UNKNOWN¬Visible¬True¬True¬Station Road Surgery¬Station Road¬¬¬Shotton Colliery¬County Durham¬DH6 2JL¬54.764461517333984¬-1.3955941200256348¬84H¬NHS County Durham CCG¬01915265913¬ddesccg.stationroad@nhs.net¬¬
3263¬A83616004¬GP¬UNKNOWN¬Visible¬True¬True¬Haswell Surgery, Front Street¬Front Street¬Haswell¬¬Durham¬County Durham¬DH6 2BL¬54.783546447753906¬-1.4169694185256958¬84H¬NHS County Durham CCG¬01915263200¬¬http://www.stationroadsurgerydurham@nhs.uk¬0191 526 2651
3264¬A83020¬GP¬UNKNOWN¬Visible¬True¬True¬North House Surgery¬Hope Street¬¬¬Crook¬Durham¬DL15 9HU¬54.716987609863281¬-1.7472356557846069¬84H¬NHS County Durham CCG¬01388762945¬¬https://www.northhousesurgery.org.uk/¬01388 765333
3265¬A83021¬GP¬UNKNOWN¬Visible¬True¬True¬Auckland Medical Group¬The Old Firehouse Watling Road¬¬¬Bishop Auckland¬County Durham¬DL14 6RP¬54.648086547851563¬-1.6789803504943848¬84H¬NHS County Durham CCG¬01388602728¬¬http://www.aucklandmedicalgroup.co.uk¬01388 607546
3266¬A83021002¬GP¬UNKNOWN¬Visible¬True¬True¬Auckland Medical Group¬51 Toft Hill¬¬¬Bishop Auckland¬County Durham¬DL14 0JA¬54.648311614990234¬-1.7504974603652954¬84H¬NHS County Durham CCG¬01388834843¬¬http://www.aucklandmedicalgroup.co.uk¬01388 833742
3267¬A83021001¬GP¬UNKNOWN¬Visible¬True¬True¬Auckland Medical Group¬16 Manor Road¬St Helen Auckland¬¬Bishop Auckland¬County Durham¬DL14 9EP¬54.6353759765625¬-1.7136588096618652¬84H¬NHS County Durham CCG¬01388604163¬¬http://www.aucklandmedicalgroup.co.uk¬01388 450977
3268¬A83022003¬GP¬UNKNOWN¬Visible¬True¬True¬Atkinson Darling House¬Atkinson Darling House¬Newhouse Road¬Esh Winning¬Durham¬¬DH7 9LA¬54.772018432617187¬-1.706633448600769¬84H¬NHS County Durham CCG¬01913734232¬¬¬
3269¬A83022006¬GP¬UNKNOWN¬Visible¬True¬True¬Sir Bobby Robson House¬Rear Church Street¬Langley Park¬¬Durham¬County Durham¬DH7 9XD¬54.799598693847656¬-1.6744064092636108¬84H¬NHS County Durham CCG¬01913731386¬¬http://www.themedicalgroup.co.uk/¬0191 373 4288
3270¬A83022005¬GP¬UNKNOWN¬Visible¬True¬True¬Charlton House¬Rear High Street¬Tow Law¬¬Durham¬County Durham¬DL13 4DH¬54.745319366455078¬-1.815072774887085¬84H¬NHS County Durham CCG¬01388730251¬¬http://www.themedicalgroup.co.uk/¬01388 730 450
3271¬A83022¬GP¬UNKNOWN¬Visible¬True¬True¬The Medical Group¬Sawmills Lane¬Meadowfield¬¬Durham¬¬DH7 8NH¬54.748249053955078¬-1.6288607120513916¬84H¬NHS County Durham CCG¬01913780651¬¬http://www.themedicalgroup.co.uk/¬
3272¬A83022004¬GP¬UNKNOWN¬Visible¬True¬True¬Millyard House¬Durham Road¬Ushaw Moor¬¬Durham¬County Durham¬DH7 7QH¬54.776401519775391¬-1.6410443782806396¬84H¬NHS County Durham CCG¬01913730202¬¬http://www.themedicalgroup.co.uk/¬0191 373 0519
3273¬A83023¬GP¬UNKNOWN¬Visible¬True¬True¬Stanley Medical Group - Clifford Road¬Stanley Primary Care Centre¬Clifford Road¬¬Stanley¬County Durham¬DH9 0AB¬54.870033264160156¬-1.6980383396148682¬84H¬NHS County Durham CCG¬01207285800¬cd-pct.stanleymedicalgroup@nhs.net¬www.stanleymedicalgroup.co.uk¬01207 285588
3274¬A83023001¬GP¬UNKNOWN¬Visible¬True¬True¬Stanley Medical Group - Front Street¬16 Front Street¬Annfield Plain¬¬Stanley¬Durham¬DH9 8HY¬54.858638763427734¬-1.7372075319290161¬84H¬NHS County Durham CCG¬01207231716¬¬http://www.stanleymedicalgroup.co.uk¬
3275¬A83024¬GP¬UNKNOWN¬Visible¬True¬True¬West Rainton Surgery¬Woodland View¬West Rainton¬¬Houghton Le Spring¬Tyne And Wear¬DH4 6RQ¬54.810497283935547¬-1.5052543878555298¬84H¬NHS County Durham CCG¬01915843809¬¬http://www.westraintonsurgery.co.uk¬
3276¬A83025¬GP¬UNKNOWN¬Visible¬True¬True¬Bishopgate Medical Centre¬178 Newgate Street¬¬¬Bishop Auckland¬County Durham¬DL14 7EJ¬54.659160614013672¬-1.6761959791183472¬84H¬NHS County Durham CCG¬01388660990¬¬http://www.bishopgate.co.uk/¬01388 607782
3277¬A83025001¬GP¬UNKNOWN¬Visible¬True¬True¬The Eden Centre¬Victoria Lane¬Coundon¬¬Bishop Auckland¬County Durham¬DL14 8NP¬54.661144256591797¬-1.6280931234359741¬84H¬NHS County Durham CCG¬01388660363¬¬http://www.bishopgate.co.uk¬01388 607782
3278¬A83026¬GP¬UNKNOWN¬Visible¬True¬True¬Sacriston Medical Centre¬Front Street¬Sacriston¬¬Durham¬¬DH7 6JW¬54.819614410400391¬-1.6283359527587891¬84H¬NHS County Durham CCG¬01913710232¬¬http://www.sacristonsurgery.co.uk¬0191 371 8306
3279¬A83027¬GP¬UNKNOWN¬Visible¬True¬True¬Coxhoe Medical Practice¬1 Lansdowne Road¬Coxhoe¬¬Durham¬¬DH6 4DH¬54.714675903320313¬-1.5043401718139648¬84H¬NHS County Durham CCG¬0191 3770340¬¬¬
3280¬A83028¬GP¬UNKNOWN¬Visible¬True¬True¬Middle Chare Medical Group¬Middle Chare¬¬¬Chester Le Street¬County Durham¬DH3 3QD¬54.8558349609375¬-1.5732704401016235¬84H¬NHS County Durham CCG¬01915947654¬¬¬0191 3887448
3281¬A83028001¬GP¬UNKNOWN¬Visible¬True¬True¬Woodlands Surgery¬Vigo Lane¬¬¬Washington¬Tyne And Wear¬NE38 9EJ¬54.879650115966797¬-1.5482132434844971¬84H¬NHS County Durham CCG¬01915947654¬¬http://www.middlecharemedicalgroup.co.uk/¬
3282¬A83029¬GP¬UNKNOWN¬Visible¬True¬True¬Great Lumley Surgery¬Front Street¬Great Lumley¬¬Chester Le Street¬¬DH3 4LE¬54.837249755859375¬-1.5431027412414551¬84H¬NHS County Durham CCG¬01913885600¬nduccg.lumley@nhs.net¬http://www.greatlumleysurgery.co.uk¬0191 3883912
3283¬A83030001¬GP¬UNKNOWN¬Visible¬True¬True¬Dunelm Medical Practice - Gilesgate¬Sunderland Road¬¬¬Durham¬County Durham¬DH1 2QG¬54.779609680175781¬-1.5519767999649048¬84H¬NHS County Durham CCG¬01913864242¬¬¬0191 373 6216
3284¬A83030002¬GP¬UNKNOWN¬Visible¬True¬True¬Framwellgate Moor Medical Centre¬50 Front Street¬Framwellgate Moor¬¬Durham¬County Durham¬DH1 5BL¬54.796009063720703¬-1.5897152423858643¬84H¬NHS County Durham CCG¬01913866044¬¬¬0191 373 6216
3285¬A83030¬GP¬UNKNOWN¬Visible¬True¬True¬Dunelm Medical Practice¬Kelvin House Medical Centre¬1-2 Victor Terrace¬Bearpark¬Durham¬County Durham¬DH7 7DG¬54.783432006835938¬-1.6361154317855835¬84H¬NHS County Durham CCG¬01913732077¬¬http://www.dunelmmedicalpractice.co.uk¬0191 373 6216
3286¬A83031¬GP¬UNKNOWN¬Visible¬True¬True¬Carmel Medical Practice¬Nunnery Lane¬¬¬Darlington¬County Durham¬DL3 8SQ¬54.527915954589844¬-1.5792568922042847¬16C¬NHS Tees Valley CCG¬01325520794¬¬http://www.carmelmedicalcentre.co.uk¬01325 381 834
3287¬A83032¬GP¬UNKNOWN¬Visible¬True¬True¬Woodview Medical Practice¬The Green¬Cockfield¬¬Bishop Auckland¬County Durham¬DL13 5AF¬54.612777709960938¬-1.8040863275527954¬84H¬NHS County Durham CCG¬01388718202¬¬http://www.woodviewmedicalpractice.co.uk¬01388 710 600
3288¬A83032002¬GP¬UNKNOWN¬Visible¬True¬True¬Woodview Medical Practice¬Copeland Lane¬Evenwood¬¬Bishop Auckland¬County Durham¬DL14 9SU¬54.620136260986328¬-1.758614182472229¬84H¬NHS County Durham CCG¬01388718202¬¬www.woodviewmedicalpractice.co.uk¬
3289¬A83032001¬GP¬UNKNOWN¬Visible¬True¬True¬Woodview Medical Practice¬Dovecote Street¬Staindrop¬¬Darlington¬County Durham¬DL2 3LZ¬54.580661773681641¬-1.8025537729263306¬84H¬NHS County Durham CCG¬01388718202¬¬¬
3290¬A83033¬GP¬UNKNOWN¬Visible¬True¬True¬The Surgery-Pelton¬Unit 1, The Lavender Centre¬Pelton Lane¬Pelton¬Chester Le Street¬County Durham¬DH2 1HS¬54.873210906982422¬-1.6038811206817627¬84H¬NHS County Durham CCG¬01913700500¬¬http://www.peltonandfellrose.nhs.uk/¬0191 370 4181
3291¬A83033001¬GP¬UNKNOWN¬Visible¬True¬True¬Fellrose Surgery¬Craghead Road¬Pelton Fell¬Chester-Le-Street¬Chester Le Street¬County Durham¬DH2 2NH¬54.858665466308594¬-1.6086623668670654¬84H¬NHS County Durham CCG¬01913889898¬¬http://www.peltonandfellrose.nhs.uk/¬0191 3408896
3292¬A83034¬GP¬UNKNOWN¬Visible¬True¬True¬Blacketts Medical Practice¬63-65 Bondgate¬¬¬Darlington¬County Durham¬DL3 7JR¬54.5272216796875¬-1.5589920282363892¬16C¬NHS Tees Valley CCG¬01325380640¬¬http://www.blackettsmedical.com¬01325 350938
3293¬A83035¬GP¬UNKNOWN¬Visible¬True¬True¬The Weardale Practice¬Dale Street¬Stanhope¬¬Stanhope¬County Durham¬DL13 2XD¬54.746009826660156¬-2.0026404857635498¬84H¬NHS County Durham CCG¬01388528555¬¬http://www.theweardalepractice.nhs.uk/¬01388 526122
3294¬A83035001¬GP¬UNKNOWN¬Visible¬True¬True¬Wolsingham Branch Surgery¬Market Place¬Wolsingham¬¬Bishop Auckland¬¬DL13 3AB¬54.729740142822266¬-1.8833373785018921¬84H¬NHS County Durham CCG¬01388528555¬¬http://www.theweardalepractice.nhs.uk/¬
3295¬A83035002¬GP¬UNKNOWN¬Visible¬True¬True¬St John's Chapel Branch Surgery¬Hood Street¬Hood Street¬St Johns Chapel¬Bishop Auckland¬¬DL13 1QW¬54.738128662109375¬-2.1856601238250732¬84H¬NHS County Durham CCG¬01388528555¬¬http://www.theweardalepractice.nhs.uk/¬
3296¬A83036¬GP¬UNKNOWN¬Visible¬True¬True¬Chastleton Medical Group¬Newton Drive¬Framwellgate Moor¬¬Durham¬¬DH1 5BH¬54.795757293701172¬-1.5871202945709229¬84H¬NHS County Durham CCG¬01913846171¬¬http://www.chastletonmedicalgroup.co.uk¬
3297¬A83037¬GP¬UNKNOWN¬Visible¬True¬True¬Bewick Crescent Surgery¬27 Bewick Crescent¬¬¬Newton Aycliffe¬¬DL5 5LH¬54.617549896240234¬-1.5718449354171753¬84H¬NHS County Durham CCG¬01325316637¬ddesccg.a83037-eds@nhs.net¬http://www.bewickcrescentsurgery.nhs.uk¬01325 301428
3298¬A83037001¬GP¬UNKNOWN¬Visible¬True¬True¬Bewick Crescent Surgery (Heighington Branch)¬30 West Green¬Heighington Village¬¬Darlington¬County Durham¬DL5 6PE¬54.595794677734375¬-1.6179008483886719¬84H¬NHS County Durham CCG¬01325316637¬¬www.bewickcrescentsurgery.nhs.uk¬
3299¬A83038¬GP¬UNKNOWN¬Visible¬True¬True¬Cedars Medical Group¬Cedar Crescent¬Burnopfield¬¬Newcastle Upon Tyne¬Tyne And Wear¬NE16 6HU¬54.905570983886719¬-1.740426778793335¬84H¬NHS County Durham CCG¬01207272272¬¬http://www.cedarsmedicalgroup.co.uk¬01207 272966
3301¬A83040¬GP¬UNKNOWN¬Visible¬True¬True¬Clifton Court Medical Practice¬Victoria Road¬¬¬Darlington¬Durham¬DL1 5JN¬54.521053314208984¬-1.5482442378997803¬16C¬NHS Tees Valley CCG¬01325465646¬cliftoncourt@nhs.net¬http://www.cliftoncourtmedicalpractice.nhs.uk¬
3302¬A83041¬GP¬UNKNOWN¬Visible¬True¬True¬Murton Medical Group¬20 Woods Terrace East¬Murton¬¬Seaham¬County Durham¬SR7 9AB¬54.816997528076172¬-1.3833101987838745¬84H¬NHS County Durham CCG¬01915170170¬¬http://www.murtonmedicalgroup.nhs.uk¬0191 5264282
3304¬A83057¬GP¬UNKNOWN¬Visible¬True¬True¬East Durham Medical Group¬The Carodoc Surgery¬Front Street West¬¬Wingate¬County Durham¬TS28 5PZ¬54.725574493408203¬-1.3789225816726685¬84H¬NHS County Durham CCG¬01429838217¬elainewilkinson@nhs.net¬¬01429 838 792
3305¬A83043¬GP¬UNKNOWN¬Visible¬True¬True¬Old Forge Surgery¬Middleton In Teesdale¬¬¬Barnard Castle¬County Durham¬DL12 0QE¬54.623046875¬-2.0797431468963623¬84H¬NHS County Durham CCG¬01833640217¬middleton.teesdale@nhs.net¬http://www.oldforgesurgery.net¬01833 640961
3306¬A83044001¬GP¬UNKNOWN¬Visible¬True¬True¬Horden Group Practice¬Horden Group Practice¬Peterlee Health Centre¬¬Peterlee¬Durham¬SR8 1AD¬54.758289337158203¬-1.3356113433837891¬84H¬NHS County Durham CCG¬01915870808¬fiona.ashcroft@nhs.net¬http://www.hordengrouppractice.co.uk/¬0191 5870700
3307¬A83044¬GP¬UNKNOWN¬Visible¬True¬True¬The Horden Group Practice¬Sea View Health Centre¬Horden¬¬Fourth Street¬¬SR8 4LD¬54.76373291015625¬-1.3128938674926758¬84H¬NHS County Durham CCG¬01915864210¬fiona.ashcroft@nhs.net¬http://www.hordengrouppractice.co.uk¬0191 5869725
3308¬A83045001¬GP¬UNKNOWN¬Visible¬True¬True¬Ferryhill & Chilton Medical Practice¬The Health Centre¬Durham Road¬Chilton¬Ferryhill¬County Durham¬DL17 0EW¬54.662281036376953¬-1.5572832822799683¬84H¬NHS County Durham CCG¬01388720208¬¬¬01740 656291
3309¬A83045¬GP¬UNKNOWN¬Visible¬True¬True¬Ferryhill And Chilton Medical Practice¬Durham Road¬¬¬Ferryhill¬County Durham¬DL17 8JJ¬54.689842224121094¬-1.5568128824234009¬84H¬NHS County Durham CCG¬01740651238¬¬¬01740 656291
3310¬A83046¬GP¬UNKNOWN¬Visible¬True¬True¬Barnard Castle Surgery¬Victoria Road¬¬¬Barnard Castle¬County Durham¬DL12 8HT¬54.546329498291016¬-1.9167280197143555¬84H¬NHS County Durham CCG¬01833690707¬¬http://www.barnardcastlesurgery.co.uk¬01833 690840
3311¬A83047¬GP¬UNKNOWN¬Visible¬True¬True¬Denmark Street Surgery¬Denmark Street¬¬¬Darlington¬County Durham¬DL3 0PD¬54.538825988769531¬-1.5522365570068359¬16C¬NHS Tees Valley CCG¬01325460731¬¬http://www.denmarkstreetsurgery.nhs.uk¬01325 362183
3312¬A83048¬GP¬UNKNOWN¬Visible¬True¬True¬ROCKLIFFE COURT SURGERY¬Rockliffe Court¬Hurworth Place¬¬Darlington¬¬DL2 2DS¬54.483448028564453¬-1.5440590381622314¬16C¬NHS Tees Valley CCG¬01325720605¬¬http://www.rockliffecourtsurgery.co.uk/¬
3313¬A83049¬GP¬UNKNOWN¬Visible¬True¬True¬Queens Road Surgery¬83 Queens Road¬¬¬Consett¬County Durham¬DH8 0BW¬54.866695404052734¬-1.8438514471054077¬84H¬NHS County Durham CCG¬01207585890¬¬https://www.queensroadsurgery.co.uk/¬01207 585 891
3314¬A83049001¬GP¬UNKNOWN¬Visible¬True¬True¬Dr Stuart and Partners¬Park Terrace, Moorside¬¬¬Consett¬County Durham¬DH8 8ET¬54.839221954345703¬-1.8634821176528931¬84H¬NHS County Durham CCG¬01207509278¬¬http://www.queensroadsurgery.co.uk¬
3315¬A83050¬GP¬UNKNOWN¬Visible¬True¬True¬Cestria Health Centre¬Whitehill Way¬¬¬Chester Le Street¬County Durham¬DH2 3DJ¬54.851722717285156¬-1.5976698398590088¬84H¬NHS County Durham CCG¬01913887771¬¬http://www.cestriahealthcentre.nhs.uk/¬0191 3871803
3316¬A83051¬GP¬UNKNOWN¬Visible¬True¬True¬Marlborough Surgery¬Seaham Primary Care Centre¬St. Johns Square¬¬Seaham¬County Durham¬SR7 7JE¬54.835796356201172¬-1.3354604244232178¬84H¬NHS County Durham CCG¬01915812866¬margaretross1@nhs.net¬http://marlboroughsurgery.co.uk¬0191 5130393
3317¬A83052¬GP¬UNKNOWN¬Visible¬True¬True¬Bishop's Close Medical Practice¬Bishops Close¬¬¬Spennymoor¬County Durham¬DL16 6ED¬54.699821472167969¬-1.599126935005188¬84H¬NHS County Durham CCG¬01388811455¬¬¬01388 812 034
3318¬A83054001¬GP¬UNKNOWN¬Visible¬True¬True¬Skerne Medical Group - Fishburn¬1 Butterwick Road¬¬¬Fishburn¬County Durham¬TS21 4AP¬54.682632446289063¬-1.4353375434875488¬84H¬NHS County Durham CCG¬01740620284¬neil.bunney@nhs.net¬http://www.doctorsnhs.co.uk¬01740 623870
3319¬A83054003¬GP¬UNKNOWN¬Visible¬True¬True¬Skerne Medical Group - Trimdon Colliery¬Carroll House¬Grosvenor Terrace¬¬Trimdon Colliery¬County Durham¬TS29 6DH¬54.718254089355469¬-1.414630651473999¬84H¬NHS County Durham CCG¬01429880284¬neil.bunney@nhs.net¬http://www.doctorsnhs.co.uk¬01429 881405
3320¬A83054¬GP¬UNKNOWN¬Visible¬True¬True¬Skerne Medical Group¬Harbinson House¬Front Street¬¬Sedgefield¬Durham¬TS21 3BN¬54.654033660888672¬-1.4487844705581665¬84H¬NHS County Durham CCG¬01740620300¬¬http://www.doctorsnhs.co.uk¬
3321¬A83054004¬GP¬UNKNOWN¬Visible¬True¬True¬Skerne Medical Group - Trimdon Village¬18 Wynyard Road¬¬¬Trimdon Village¬County Durham¬TS29 6JH¬54.697376251220703¬-1.4307574033737183¬84H¬NHS County Durham CCG¬01429880254¬neil.bunney@nhs.net¬http://www.doctorsnhs.co.uk¬01429 880924
3322¬A83055¬GP¬UNKNOWN¬Visible¬True¬True¬Cheveley Park Medical Centre¬The Links¬Belmont¬¬Durham¬¬DH1 2UW¬54.785602569580078¬-1.5258028507232666¬84H¬NHS County Durham CCG¬01913864285¬nduccg.a83055-eds@nhs.net¬http://www.cheveleyparkmedicalcentre.co.uk¬0191 3865934
3323¬A83057002¬GP¬UNKNOWN¬Visible¬True¬True¬EDMG - Seaview Health Centre¬Fourth Street¬Off Blackhills Road¬¬Peterlee¬Durham¬SR8 4LD¬54.76373291015625¬-1.3128938674926758¬84H¬NHS County Durham CCG¬01915863859¬edmg.pm@nhs.net¬¬0191 5803859
3324¬A83057001¬GP¬UNKNOWN¬Visible¬True¬True¬EDMG - Peterlee Health Centre¬St Cuthberts Road¬Suite 4¬St Cuthbert's Way¬Peterlee¬County Durham¬SR8 1AD¬54.758289337158203¬-1.3356113433837891¬84H¬NHS County Durham CCG¬01915863859¬teresa.davison1@nhs.net¬http://www.shinwellmedicalgroup.co.uk¬0191 5860748
3325¬A83060¬GP¬UNKNOWN¬Visible¬True¬True¬Pinfold Medical Practice¬Pinfold Lane¬Butterknowle¬¬Bishop Auckland¬¬DL13 5NX¬54.626544952392578¬-1.8359425067901611¬84H¬NHS County Durham CCG¬01388718230¬¬¬
3326¬A83061¬GP¬UNKNOWN¬Visible¬True¬True¬Gainford Surgery¬Main Road¬Gainford¬¬Darlington¬County Durham¬DL2 3BE¬54.546249389648438¬-1.731101393699646¬84H¬NHS County Durham CCG¬01325730204¬ddesccg.gainfordsurgery@nhs.net¬¬01325 730218
3327¬A83066001¬GP¬UNKNOWN¬Visible¬True¬True¬Eldon Lane¬23 Spencer Street¬Eldon Lane¬¬Bishop Auckland¬County Durham¬DL14 8TL¬54.645748138427734¬-1.6482546329498291¬84H¬NHS County Durham CCG¬01325311300¬jubileemedical@nhs.net¬www.jubileemedical.com¬01325 328900
3328¬A83066¬GP¬UNKNOWN¬Visible¬True¬True¬Jubilee Medical Group¬Carer's Way¬Burn Lane¬¬Newton Aycliffe¬County Durham¬DL5 4SE¬54.629657745361328¬-1.5802063941955566¬84H¬NHS County Durham CCG¬01325311300¬jubileemedical@nhs.net¬www.jubileemedical.com¬01325 328900
3329¬A83066002¬GP¬UNKNOWN¬Visible¬True¬True¬Burke Street Surgery¬9 Burke Street¬¬¬Shildon¬County Durham¬DL4 1AA¬54.631969451904297¬-1.6517813205718994¬84H¬NHS County Durham CCG¬01325311300¬jubileeemedical@nhs.net¬www.jubileemedical.com¬01325 328900
3332¬A83070¬GP¬UNKNOWN¬Visible¬True¬True¬St. George's Medical Practice¬St George's Medical Practice¬Yarm Road¬Middleton St George¬Darlington¬¬DL2 1BY¬54.514553070068359¬-1.4475259780883789¬16C¬NHS Tees Valley CCG¬01325332022¬stgeorges.medical@nhs.net¬http://www.stgeorgesmp.co.uk¬
3333¬A83071¬GP¬UNKNOWN¬Visible¬True¬True¬NEW SEAHAM MEDICAL GROUP¬Eastdene Road, Eastlea¬EASTDENE ROAD¬¬Seaham¬Durham¬SR7 8DY¬54.834796905517578¬-1.3653063774108887¬84H¬NHS County Durham CCG¬01915817661¬¬¬0191 5816478
3334¬A83071001¬GP¬UNKNOWN¬Visible¬True¬True¬NEW SEAHAM MEDICAL GROUP¬East Dene Road¬¬¬Seaham¬Durham¬SR7 8DY¬54.834796905517578¬-1.3653063774108887¬84H¬NHS County Durham CCG¬01915817661¬¬¬0191 5816478
3335¬A83072¬GP¬UNKNOWN¬Visible¬True¬True¬Lanchester Medical Centre¬Station Road¬Lanchester¬¬Durham¬County Durham¬DH7 0LP¬54.819858551025391¬-1.7396870851516724¬84H¬NHS County Durham CCG¬01207520877¬¬¬01207 521 997
3336¬A83073001¬GP¬UNKNOWN¬Visible¬True¬True¬Louisa Surgery¬Laxey Street¬¬¬Stanley¬County Durham¬DH9 8AA¬54.869400024414063¬-1.7002556324005127¬84H¬NHS County Durham CCG¬01207214673¬audrey.allan3@nhs.net¬¬01207 214674
3337¬A83073¬GP¬UNKNOWN¬Visible¬True¬True¬West Road Surgery¬9 West Road¬Annfield Plain¬¬Stanley¬County Durham¬DH9 7XT¬54.857650756835937¬-1.737572193145752¬84H¬NHS County Durham CCG¬01207214925¬audrey.allan3@nhs.net¬http://www.westroadsurgery.com/¬01207 214 926
3338¬A83074¬GP¬UNKNOWN¬Visible¬True¬True¬Peaseway Medical Centre¬2 Pease Way¬¬¬Newton Aycliffe¬¬DL5 5NH¬54.618583679199219¬-1.5764797925949097¬84H¬NHS County Durham CCG¬01325528000¬¬http://www.peaseway.com¬01325 304396
3339¬A83075¬GP¬UNKNOWN¬Visible¬True¬True¬Byron Medical Practice¬The Avenue¬¬¬Seaham¬Durham¬SR7 8LF¬54.836849212646484¬-1.3488950729370117¬84H¬NHS County Durham CCG¬01913009631¬ddesccg.a83075-eds@nhs.net¬http://www.denesidemedicalcentre.co.uk/¬0191 5816764
3340¬A83618001¬GP¬UNKNOWN¬Visible¬True¬True¬Dipton Surgery¬1 Front Street¬Dipton¬¬Durham¬County Durham¬DH9 9DA¬54.877704620361328¬-1.7615362405776978¬84H¬NHS County Durham CCG¬01207571222¬¬¬01207 570 070
3342¬A83610¬GP¬UNKNOWN¬Visible¬True¬True¬Wingate Medical Practice Intrahealth¬Front Street West¬¬¬Wingate¬¬TS28 5PZ¬54.725574493408203¬-1.3789225816726685¬84H¬NHS County Durham CCG¬01429838203¬ddesccg.a83610-eds@nhs.net¬¬01429836928
3343¬A83616002¬GP¬UNKNOWN¬Visible¬True¬True¬Peterlee Health Centre (Dr Ramakrishna Gupta)¬Bede Way¬¬¬Peterlee¬County Durham¬SR8 1AD¬54.758289337158203¬-1.3356113433837891¬84H¬NHS County Durham CCG¬01915865029¬¬http://www.shottonmedicalpractice.nhs.uk/¬
3344¬A83616¬GP¬UNKNOWN¬Visible¬True¬True¬Bevan Medical Group¬Bevan Grove¬Shotton Colliery¬¬Durham¬County Durham¬DH6 2LQ¬54.760837554931641¬-1.3880800008773804¬84H¬NHS County Durham CCG¬01915261643¬¬¬0191 517 2746
3345¬A83616001¬GP¬UNKNOWN¬Visible¬True¬True¬Easington Medical Centre¬School Street¬Easington Colliery¬¬Peterlee¬County Durham¬SR8 3PR¬54.788768768310547¬-1.3302444219589233¬84H¬NHS County Durham CCG¬01915270529¬¬¬0191 527 3456
3346¬A83617001¬GP¬UNKNOWN¬Visible¬True¬True¬Croft View Surgery¬3 Croft View¬Lanchester¬¬Durham¬County Durham¬DH7 0HY¬54.823665618896484¬-1.7465393543243408¬84H¬NHS County Durham CCG¬01207521906¬louise.young@gp-a83617.nhs.uk¬http://www.browneyhousesurgery.com/¬
3347¬A83617¬GP¬UNKNOWN¬Visible¬True¬True¬Browney House Surgery¬Front Street¬Langley Park¬¬Durham¬County Durham¬DH7 9YT¬54.800357818603516¬-1.6697337627410889¬84H¬NHS County Durham CCG¬01913732860¬louise.young3@nhs.net¬¬0191 373 0685
3348¬A83618¬GP¬UNKNOWN¬Visible¬True¬True¬Oakfields Health Centre¬Hamsterley Colliery¬¬¬Newcastle Upon Tyne¬Tyne And Wear¬NE17 7SB¬54.90362548828125¬-1.8165112733840942¬84H¬NHS County Durham CCG¬01207560206¬¬¬01207 560172
3349¬A83619002¬GP¬UNKNOWN¬Visible¬True¬True¬Haswell Branch Surgery¬56 Front Street¬Haswell¬¬Durham¬County Durham¬DH6 2BL¬54.783546447753906¬-1.4169694185256958¬84H¬NHS County Durham CCG¬01915265818¬¬http://www.southdenemedicalcentre.co.uk/¬0191 5267740
3350¬A83619001¬GP¬UNKNOWN¬Visible¬True¬True¬Peterlee Health Centre / Southdene Medical Centre¬Suite No. 2¬Bede Way¬¬Peterlee¬County Durham¬SR8 1AD¬54.758289337158203¬-1.3356113433837891¬84H¬NHS County Durham CCG¬01915265818¬¬http://www.southdenemedicalcentre.co.uk/¬
3351¬A83619¬GP¬UNKNOWN¬Visible¬True¬True¬Southdene Medical Centre¬Front Street¬Shotton Colliery¬¬Durham¬County Durham¬DH6 2LT¬54.763217926025391¬-1.3862258195877075¬84H¬NHS County Durham CCG¬01915265818¬ddesccg.southdene@nhs.net¬¬0191 526 7740
3352¬A83641¬GP¬UNKNOWN¬Visible¬True¬True¬Parkgate Surgery¬Park Place¬¬¬Darlington¬¬DL1 5LW¬54.523277282714844¬-1.5485905408859253¬16C¬NHS Tees Valley CCG¬01325735000¬¬http://www.intrahealth.co.uk/¬
3353¬A83622¬GP¬UNKNOWN¬Visible¬True¬True¬Dr Rina Miah¬The Haven¬Burnhope¬Co Durham¬Durham¬¬DH7 0BD¬54.825107574462891¬-1.7122570276260376¬84H¬NHS County Durham CCG¬01207268820¬¬¬
3354¬A83626¬GP¬UNKNOWN¬Visible¬True¬True¬Evenwood Medical Practice¬Copeland Lane¬Evenwood¬¬Bishop Auckland¬Durham¬DL14 9SU¬54.620136260986328¬-1.758614182472229¬84H¬NHS County Durham CCG¬01388 832236¬¬http://www.evenwoodsurgery.co.uk¬01388 830971
3355¬A83627¬GP¬UNKNOWN¬Visible¬True¬True¬Silverdale Family Practice¬Front Street¬South Hetton¬¬Durham¬County Durham¬DH6 2TH¬54.800247192382812¬-1.4100714921951294¬84H¬NHS County Durham CCG¬01915171055¬reception@silverdalefamilypractice.co.uk¬http://www.silverdalefamilypractice.co.uk¬0191 5260001
3356¬A83630¬GP¬UNKNOWN¬Visible¬True¬True¬Denholm House¬Stack Garth¬Brandon¬¬Durham¬County Durham¬DH7 8SJ¬54.754501342773438¬-1.6358463764190674¬84H¬NHS County Durham CCG¬01913782099¬¬http://www.brandonlanesurgery.co.uk/¬0191 3780898
3357¬A83632¬GP¬UNKNOWN¬Visible¬True¬True¬Dr Abdool Dhuny¬The Middles¬Craghead¬¬Stanley¬County Durham¬DH9 6AN¬54.856918334960938¬-1.6790077686309814¬84H¬NHS County Durham CCG¬01207290032¬¬¬01207 237916
3358¬A83634¬GP¬UNKNOWN¬Visible¬True¬True¬West Cornforth Medical Centre¬Reading Street¬West Cornforth¬¬Ferryhill¬Durham¬DL17 9LH¬54.703227996826172¬-1.5227290391921997¬84H¬NHS County Durham CCG¬01740 656578¬thomas.sullivan3@nhs.net¬https://www.intrahealth.co.uk/surgeries/west-cornforth-medical-centre/¬
3359¬A83635¬GP¬UNKNOWN¬Visible¬True¬True¬Bowburn Medical Centre¬Bow Street¬Bowburn¬¬Durham¬County Durham¬DH6 5AL¬54.736263275146484¬-1.5272486209869385¬84H¬NHS County Durham CCG¬01913772495¬¬¬0191 377 3379
3360¬A83636¬GP¬UNKNOWN¬Visible¬True¬True¬Leadgate Surgery¬George Ewen House¬Watling Street¬Leadgate¬Consett¬County Durham¬DH8 6DP¬54.860103607177734¬-1.8051730394363403¬84H¬NHS County Durham CCG¬01207583555¬¬https://leadgate.gpsurgery.net¬01207 215150
3361¬A83637¬GP¬UNKNOWN¬Visible¬True¬True¬Gardiner Crescent Surgery - Pelton Fell¬21 Gardiner Crescent¬Pelton Fell¬¬Chester Le Street¬¬DH2 2NJ¬54.858406066894531¬-1.6103693246841431¬84H¬NHS County Durham CCG¬01913873558¬¬http://www.peltonfellsurgery.nhs.uk¬0191 3874644
3362¬A83637001¬GP¬UNKNOWN¬Visible¬True¬True¬Gardiner Crescent Surgery - Lavender Centre¬Pelton¬Chester-Le-Street¬¬Chester Le Street¬¬DH2 1HS¬54.87359619140625¬-1.6035968065261841¬84H¬NHS County Durham CCG¬01913704194¬¬http://www.peltonfellsurgery.nhs.uk.¬
3364¬A83644¬GP¬UNKNOWN¬Visible¬True¬True¬Annfield Plain Surgery¬Durham Road¬Annfield Plain¬¬Stanley¬County Durham¬DH9 7TD¬54.856765747070313¬-1.7354750633239746¬84H¬NHS County Durham CCG¬01207215005¬¬¬01207 215 003
3366¬A84002¬GP¬UNKNOWN¬Visible¬True¬True¬The Rothbury Practice¬Whitton Bank Road¬Rothbury¬¬Morpeth¬Northumberland¬NE65 7RW¬55.306774139404297¬-1.913899302482605¬00L¬NHS Northumberland CCG¬01669620339¬norccg.rothburypractice@nhs.net¬¬01669 620583
3367¬A84002001¬GP¬UNKNOWN¬Visible¬True¬True¬Longframlington Surgery¬Longframlington¬¬¬Morpeth¬Northumberland¬NE65 8AD¬55.302696228027344¬-1.7936331033706665¬00L¬NHS Northumberland CCG¬01665570311¬rothburypractice.a84002@nhs.net¬¬01665 570311
3368¬A84003¬GP¬UNKNOWN¬Visible¬True¬True¬Lintonville Medical Group¬Lintonville Terrace¬¬¬Ashington¬Northumberland¬NE63 9UT¬55.18377685546875¬-1.5702587366104126¬00L¬NHS Northumberland CCG¬01670812772¬norccg.lintonville@nhs.net¬https://www.valensmedical.co.uk/our-practices/lintonville-medical-group/¬01670 521573
3369¬A84005¬GP¬UNKNOWN¬Visible¬True¬True¬Bedlingtonshire Medical Group¬Glebe Road¬¬¬Bedlington¬Northumberland¬NE22 6JX¬55.132198333740234¬-1.598651647567749¬00L¬NHS Northumberland CCG¬01670822695¬norccg.bedlingtondoctors@nhs.net¬http://bedlington-doctors.com/¬01670 531860
3370¬A84006002¬GP¬UNKNOWN¬Visible¬True¬True¬Longhoughton Surgery¬4-6 Portal Place¬Longhoughton¬¬Alnwick¬Northumberland¬NE66 3JN¬55.434291839599609¬-1.6192523241043091¬00L¬NHS Northumberland CCG¬01665577380¬¬¬01665 577380
3371¬A84006003¬GP¬UNKNOWN¬Visible¬True¬True¬Embleton Surgery¬Westview, Embleton¬¬¬Alnwick¬Northumberland¬NE66 3XZ¬55.498737335205078¬-1.6402065753936768¬00L¬NHS Northumberland CCG¬01665576635¬¬¬01665 576635
3372¬A84006¬GP¬UNKNOWN¬Visible¬True¬True¬Alnwick Medical Group [AMG]¬¬Infirmary Close¬¬Alnwick¬Northumberland¬NE66 2NL¬55.410076141357422¬-1.6966694593429565¬00L¬NHS Northumberland CCG¬01665656000¬¬http://www.alnwickmedicalgroup.co.uk¬
3373¬A84006001¬GP¬UNKNOWN¬Visible¬True¬True¬Seahouses Health Centre¬James Street¬¬¬Seahouses¬Northumberland¬NE68 7XZ¬55.578727722167969¬-1.6536085605621338¬00L¬NHS Northumberland CCG¬01665720294¬¬¬01665 720294
3374¬A84007001¬GP¬UNKNOWN¬Visible¬True¬True¬Dinnington Surgery¬Main Road¬Dinnington¬¬Newcastle Upon Tyne¬Tyne And Wear¬NE13 7JW¬55.051284790039063¬-1.6733083724975586¬00L¬NHS Northumberland CCG¬01661824597¬¬http://www.pontelandmedicalgroup.co.uk¬
3375¬A84007¬GP¬UNKNOWN¬Visible¬True¬True¬Ponteland Medical Group¬Ponteland Primary Care Centre¬Meadowfield¬Ponteland¬Newcastle Upon Tyne¬Tyne and Wear¬NE20 9SD¬55.0518798828125¬-1.7496407032012939¬00L¬NHS Northumberland CCG¬01661825513¬pontelandmedicalgroupa84007@nhs.net¬http://www.pontelandmedicalgroup.co.uk¬
3376¬A84007002¬GP¬UNKNOWN¬Visible¬True¬True¬Darras Hall Surgery¬Broadway¬Darras Hall¬Ponteland¬Newcastle Upon Tyne¬Tyne And Wear¬NE20 9PW¬55.036453247070312¬-1.7648199796676636¬00L¬NHS Northumberland CCG¬01661825513¬¬http://www.pontelandmedicalgroup.co.uk¬
3377¬A84008001¬GP¬UNKNOWN¬Visible¬True¬True¬Seahouses Surgery Belford Medical Practice¬James Street¬¬¬Seahouses¬Northumberland¬NE68 7YN¬55.576618194580078¬-1.654515266418457¬00L¬NHS Northumberland CCG¬01665720917¬belford.a84008@nhs.net¬www.belfordmedicalpractice.net¬01665721021
3378¬A84008¬GP¬UNKNOWN¬Visible¬True¬True¬Belford Medical Practice¬Croftfield¬¬¬Belford¬Northumberland¬NE70 7ER¬55.595958709716797¬-1.8260886669158936¬00L¬NHS Northumberland CCG¬01668213738¬belford.a84008@nhs.net¬http://www.belfordmedicalpractice.nhs.uk¬01668 213072
3379¬A84009001¬GP¬UNKNOWN¬Visible¬True¬True¬Railway Medical Group – Newsham branch¬61 Newcastle Road¬Newsham¬¬Blyth¬Northumberland¬NE24 4AW¬55.109245300292969¬-1.5300056934356689¬00L¬NHS Northumberland CCG¬01670355440¬norccg.railway-a84009@nhs.net¬http://www.railwaymedicalgroup.co.uk¬01670 354629
3380¬A84009002¬GP¬UNKNOWN¬Visible¬True¬True¬Railway Medical Group – Blyth Health Centre branch¬Blyth Health Centre¬Thoroton Street¬¬Blyth¬Northumberland¬NE24 1DX¬55.127876281738281¬-1.5149201154708862¬00L¬NHS Northumberland CCG¬01670355080¬norccg.railway-a84009@nhs.net¬http://www.railwaymedicalgroup.co.uk¬01670 369818
3381¬A84011002¬GP¬UNKNOWN¬Visible¬True¬True¬Closed¬Closed¬Stamfordham¬¬Closed¬Tyne And Wear¬NE18 0PF¬55.04150390625¬-1.8765357732772827¬00L¬NHS Northumberland CCG¬01661886587¬admin@gp-a84011.nhs.uk¬https://whitemedicalgroup.gpsurgery.net/¬01661 886688
3382¬A84011001¬GP¬UNKNOWN¬Visible¬True¬True¬White Medical Group (Wylam)¬33-37 Jackson Road¬¬¬Wylam¬Northumberland¬NE41 8EL¬54.978118896484375¬-1.8193907737731934¬00L¬NHS Northumberland CCG¬01661852515¬admin@gp-a84011.nhs.uk¬www.whitemedicalgroup.gpsurgery.net¬01661 852086
3383¬A84011¬GP¬UNKNOWN¬Visible¬True¬True¬White Medical Group¬Meadowfield¬Ponteland¬¬Newcastle Upon Tyne¬¬NE20 9SD¬55.0518798828125¬-1.7496407032012939¬00L¬NHS Northumberland CCG¬01661822222¬norccg.wmg@nhs.net¬http://www.whitemedicalgroup.gpsurgery.net¬01661 867626
3384¬A84013001¬GP¬UNKNOWN¬Visible¬True¬True¬The Gables Medical Group ¬Miner's Institute¬Ridley Terrace¬Cambois¬Blyth¬Northumberland¬NE24 1QS¬55.144927978515625¬-1.5206910371780396¬00L¬NHS Northumberland CCG¬01670823917¬gables.a84013@nhs.net¬http://gablesmedicalgroup.nhs.uk¬01670 820 841
3385¬A84013¬GP¬UNKNOWN¬Visible¬True¬True¬The Gables Medical Group¬26 St Johns Road¬¬¬Bedlington¬Northumberland¬NE22 7DU¬55.140811920166016¬-1.5644139051437378¬00L¬NHS Northumberland CCG¬01670829889¬gables.a84013@nhs.net¬www.gablesmedicalgroup.nhs.uk¬01670 820 841
3386¬A84014¬GP¬UNKNOWN¬Visible¬True¬True¬Marine Medical Group¬Blyth Health Centre¬Thoroton Street¬¬Blyth¬Northumberland¬NE24 1DX¬55.127876281738281¬-1.5149201154708862¬00L¬NHS Northumberland CCG¬01670544125¬¬http://www.marinemedical-blyth.nhs.uk/¬01670 354511
3387¬A84015¬GP¬UNKNOWN¬Visible¬True¬True¬Laburnum Surgery¬14 Laburnum Terrace¬¬¬Ashington¬Northumberland¬NE63 0XX¬55.182044982910156¬-1.5682045221328735¬00L¬NHS Northumberland CCG¬01670813376¬laburnum.a84015@nhs.net¬¬01670 854 346
3388¬A84016¬GP¬UNKNOWN¬Visible¬True¬True¬Prudhoe Medical Group¬Kepwell Bank Top¬¬¬Prudhoe¬Northumberland¬NE42 5PW¬54.961864471435547¬-1.8538062572479248¬00L¬NHS Northumberland CCG¬01661839370¬prudhoemedicalgroup@nhs.net¬http://www.prudhoemedicalgroup.com¬01661 836338
3389¬A84018¬GP¬UNKNOWN¬Visible¬True¬True¬Corbridge Health Centre¬Newcastle Road¬¬¬Corbridge¬Northumberland¬NE45 5LG¬54.973865509033203¬-2.0126862525939941¬00L¬NHS Northumberland CCG¬01434632011¬¬https://corbridge.gpsurgery.net/¬01434 633878
3390¬A84020¬GP¬UNKNOWN¬Visible¬True¬True¬GuidePost Medical Group¬North Parade¬¬¬Choppington¬Northumberland¬NE62 5RA¬55.157581329345703¬-1.6040939092636108¬00L¬NHS Northumberland CCG¬01670822071¬admin.a84020@nhs.net¬http://www.guidepostmedicalgroup.nhs.uk/¬01670 531060
3392¬A84022¬GP¬UNKNOWN¬Visible¬True¬True¬Coquet Medical Group¬Percy Drive¬Amble¬¬Morpeth¬Northumberland¬NE65 0HD¬55.332603454589844¬-1.5804886817932129¬00L¬NHS Northumberland CCG¬01665710481¬admin@gp-a84022.nhs.uk¬¬01665 513009
3393¬A84022001¬GP¬UNKNOWN¬Visible¬True¬True¬Broomhill Medical Centre¬Broomhill Health Centre¬Hadston Road¬South Broomhill¬Morpeth¬Northumberland¬NE65 9SF¬55.293338775634766¬-1.6036263704299927¬00L¬NHS Northumberland CCG¬01670760229¬admin@gp-a84022.nhs.uk¬¬01670 761094
3394¬A84024¬GP¬UNKNOWN¬Visible¬True¬True¬Burn Brae Medical Group¬Hexham Primary Care Centre¬Corbridge Road¬¬Hexham¬Northumberland¬NE46 1QJ¬54.970367431640625¬-2.0956778526306152¬00L¬NHS Northumberland CCG¬01434603627¬¬www.burnbraemedicalgroup.nhs.uk¬
3395¬A84025¬GP¬UNKNOWN¬Visible¬True¬True¬Cramlington Medical Group¬The Health Centre¬Cramlington Medical Group¬Forum Way¬Cramlington¬Northumberland¬NE23 6QN¬55.084484100341797¬-1.5915002822875977¬00L¬NHS Northumberland CCG¬01670713911¬¬http://www.cramlingtonmedicalgroup.co.uk/¬01670 735958
3396¬A84026¬GP¬UNKNOWN¬Visible¬True¬True¬Well Close Medical Group¬Well Close Square¬¬¬Berwick Upon Tweed¬Northumberland¬TD15 1LL¬55.7724609375¬-2.0061113834381104¬00L¬NHS Northumberland CCG¬01289333240¬admin@gp-a84026.nhs.uk¬http://www.wellclosemedicalgroup.com/¬01289 306528
3397¬A84027¬GP¬UNKNOWN¬Visible¬True¬True¬Bellingham Practice¬Health Centre¬Bellingham¬¬Hexham¬Northumberland¬NE48 2HE¬55.143844604492187¬-2.2579824924468994¬00L¬NHS Northumberland CCG¬01434220203¬admin.a84027@nhs.net¬http://www.thebellinghampractice.co.uk¬01434 220798
3398¬A84028¬GP¬UNKNOWN¬Visible¬True¬True¬Seaton Park Medical Group¬Norham Road¬¬¬Ashington¬Northumberland¬NE63 0NG¬55.170894622802734¬-1.5609934329986572¬00L¬NHS Northumberland CCG¬01670811811¬¬http://www.seatonparkmedicalgroup.co.uk¬
3399¬A84028002¬GP¬UNKNOWN¬Visible¬True¬True¬Seaton Park Medical Group-Newbiggin Branch¬Buteland Terrace¬¬¬Newbiggin-By-The-Sea¬Northumberland¬NE64 6NS¬55.183040618896484¬-1.5169517993927002¬00L¬NHS Northumberland CCG¬01670811811¬admin@gp-a84028.nhs.uk¬www.seatonparkmedicalgroup.co.uk¬01670 816 946
3401¬A84029¬GP¬UNKNOWN¬Visible¬True¬False¬Widdrington Medical Practitioners¬Grange Road¬Widdrington¬¬Morpeth¬Northumberland¬NE61 5LX¬55.240249633789063¬-1.62049400806427¬00L¬NHS Northumberland CCG¬01670790229¬norccg.widdringtonadmin@nhs.net¬http://www.widdringtonsurgery.nhs.uk¬01670 791312
3402¬A84030¬GP¬UNKNOWN¬Visible¬True¬True¬Village Medical Group¬The Village Surgery¬Dudley Lane¬¬Cramlington¬Northumberland¬NE23 6US¬55.084728240966797¬-1.5870645046234131¬00L¬NHS Northumberland CCG¬01670712821¬admin.village@nhs.net¬https://www.the-village-surgery.co.uk/¬01670 730837
3403¬A84031¬GP¬UNKNOWN¬Visible¬True¬True¬Greystoke Surgery¬Morpeth NHS Centre¬The Mount¬¬Morpeth¬Northumberland¬NE61 1JX¬55.171516418457031¬-1.6842474937438965¬00L¬NHS Northumberland CCG¬01670511393¬ga84031@nhs.net¬¬01670 503282
3404¬A84032¬GP¬UNKNOWN¬Visible¬True¬True¬Cheviot Medical Group¬Cheviot Primary Care Centre¬Padgepool Place¬¬Wooler¬Northumberland¬NE71 6BL¬55.546527862548828¬-2.0184047222137451¬00L¬NHS Northumberland CCG¬01668281575¬norccg.admin-a84032@nhs.net¬http://www.cheviotmedicalgroup.co.uk¬01668 282 442
3405¬A84033¬GP¬UNKNOWN¬Visible¬True¬True¬The Sele Medical Practice¬Hexham Primary Care Centre¬Corbridge Road¬¬Hexham¬Northumberland¬NE46 1QJ¬54.970371246337891¬-2.094569206237793¬00L¬NHS Northumberland CCG¬01434602237¬norccg.sele-admin@nhs.net¬http://www.selemedicalpractice.co.uk¬01434 613063
3406¬A84034¬GP¬UNKNOWN¬Visible¬True¬True¬Haltwhistle Medical Group¬Greencroft Avenue¬¬¬Haltwhistle¬Northumberland¬NE49 9AP¬54.970073699951172¬-2.464824914932251¬00L¬NHS Northumberland CCG¬01434 320077¬¬http://www.haltwhistlemedicalgroup.co.uk/¬01434 320674
3408¬A84035¬GP¬UNKNOWN¬Visible¬True¬True¬Riversdale Surgery¬51 Woodcroft Road¬51 Woodcroft Road¬¬Wylam¬Northumberland¬NE41 8DH¬54.975471496582031¬-1.8232145309448242¬00L¬NHS Northumberland CCG¬01661852208¬¬http://www.riversdalesurgery.co.uk¬01661 853779
3409¬A84035001¬GP¬UNKNOWN¬Visible¬True¬True¬Oaklands Health Centre¬Front Street¬¬¬Prudhoe¬Northumberland¬NE42 5DQ¬54.961368560791016¬-1.8455934524536133¬00L¬NHS Northumberland CCG¬01661832287¬¬http://www.riversdalesurgery.co.uk¬
3410¬A84036003¬GP¬UNKNOWN¬Visible¬True¬True¬Pegswood Surgery¬West View¬Pegswood¬¬Morpeth¬Northumberland¬NE61 6TB¬55.178413391113281¬-1.6518417596817017¬00L¬NHS Northumberland CCG¬01670515326¬norccg.wellwayenquiries@nhs.net¬https://www.valensmedical.co.uk/our-practices/wellway-medical-group/¬01670 500191
3411¬A84036¬GP¬UNKNOWN¬Visible¬True¬True¬Wellway Medical Group¬Wellway¬¬¬Morpeth¬Northumberland¬NE61 1BJ¬55.169475555419922¬-1.6896903514862061¬00L¬NHS Northumberland CCG¬01670502333¬norccg.wellwayenquiries@nhs.net¬https://www.valensmedical.co.uk/our-practices/wellway-medical-group/¬01670 511931
3412¬A84036001¬GP¬UNKNOWN¬Visible¬True¬True¬Newbiggin Health Centre¬Buteland Terrace¬Newbiggin By The Sea¬¬Newbiggin-By-The-Sea¬Northumberland¬NE64 6NS¬55.183040618896484¬-1.5169517993927002¬00L¬NHS Northumberland CCG¬01670816921¬norccg.wellwayenquiries@nhs.net¬https://www.valensmedical.co.uk/our-practices/wellway-medical-group/¬01670 818797
3413¬A84036002¬GP¬UNKNOWN¬Visible¬True¬True¬Lynemouth Surgery¬Albion Terrace¬Lynemouth¬¬Morpeth¬Northumberland¬NE61 5TB¬55.214347839355469¬-1.5450979471206665¬00L¬NHS Northumberland CCG¬01670860212¬norccg.wellwayenquiries@nhs.net¬https://www.valensmedical.co.uk/our-practices/wellway-medical-group/¬01670 860669
3414¬A84037¬GP¬UNKNOWN¬Visible¬True¬True¬Doctors Quayle, Rajagopal, Payne & Fox¬Station Rd¬¬¬Cramlington¬Northumberland¬NE23 7EF¬55.063983917236328¬-1.5478215217590332¬00L¬NHS Northumberland CCG¬01912370643¬admin@gp-a84037.nhs.uk¬http://www.netherfieldhousesurgery.co.uk/¬0191 237 1091
3415¬A84038¬GP¬UNKNOWN¬Visible¬True¬True¬Forum Family Practice¬The Health Centre¬Forum Way¬¬Cramlington¬Northumberland¬NE23 6QN¬55.084484100341797¬-1.5915002822875977¬00L¬NHS Northumberland CCG¬01670713021¬admin@gp-a84038.nhs.uk¬http://www.forumfamilypractice.co.uk¬01670 735880
3416¬A84039¬GP¬UNKNOWN¬Visible¬True¬False¬Drs O'Neill, Evans & Lunn¬Morpeth Nhs Centre¬The Mount¬¬Morpeth¬Northumberland¬NE61 1JX¬55.171695709228516¬-1.6834089756011963¬00L¬NHS Northumberland CCG¬01670513657¬gashouse.a84039@nhs.net¬http://www.gashouselane.gpsurgery.net¬01670 513201
3417¬A84040001¬GP¬UNKNOWN¬Visible¬True¬True¬Wark Surgery¬Wark¬¬¬Hexham¬Northumberland¬NE48 3LS¬55.085430145263672¬-2.2191469669342041¬00L¬NHS Northumberland CCG¬01434 681281¬norccg.humshaughwark@nhs.net¬http://humshaughandwarkmedicalgroup.nhs.uk/¬01434 230059
3418¬A84040¬GP¬UNKNOWN¬Visible¬True¬True¬Humshaugh and Wark Medical Group¬1 East Lea¬Humshaugh¬¬Hexham¬Northumberland¬NE46 4BU¬55.036041259765625¬-2.1253280639648437¬00L¬NHS Northumberland CCG¬01434681281¬norccg.humshaughwark@nhs.net¬http://humshaughandwarkmedicalgroup.nhs.uk/¬01434 681579
3419¬A84042¬GP¬UNKNOWN¬Visible¬True¬True¬Scots Gap Medical Group¬Scots Gap¬¬¬Morpeth¬Northumberland¬NE61 4EG¬55.172748565673828¬-1.9405474662780762¬00L¬NHS Northumberland CCG¬01670774216¬norccg.scotsgapsurgeryadmin@nhs.net¬https://www.scotsgapmedicalgroup.com¬01670 774386
3420¬A84042001¬GP¬UNKNOWN¬Visible¬True¬True¬Stamfordham Surgery¬16 Grange Road¬Stamfordham¬¬Newcastle Upon Tyne¬¬NE18 0PF¬55.04150390625¬-1.8765357732772827¬00L¬NHS Northumberland CCG¬01661886203¬norccg.scotsgapsurgeryadmin@nhs.net¬https://www.scotsgapmedicalgroup.com¬
3421¬A84043002¬GP¬UNKNOWN¬Visible¬True¬True¬Westbourne Surgery¬Seaton Terrace Surgery¬Westbourne Terrace¬Seaton Delaval¬Whitley Bay¬¬NE25 0BE¬55.069618225097656¬-1.5146381855010986¬00L¬NHS Northumberland CCG¬01912375458¬brockwellmedicalgroup.a84043@nhs.net¬http://www.brockwell.co.uk/¬0191 210 6211
3422¬A84043001¬GP¬UNKNOWN¬Visible¬True¬True¬Seaton Sluice Surgery¬Collywell Bay Road¬Seaton Sluice¬¬Whitley Bay¬¬NE26 4QZ¬55.083206176757813¬-1.4721002578735352¬00L¬NHS Northumberland CCG¬01912980901¬brockwellmedicalgroup.a84043@nhs.net¬¬0191 237 4051
3423¬A84043¬GP¬UNKNOWN¬Visible¬True¬True¬Brockwell Medical Group¬Northumbrian Road¬¬¬Cramlington¬Northumberland¬NE23 1XZ¬55.095550537109375¬-1.5844615697860718¬00L¬NHS Northumberland CCG¬01670737283¬brockwellmedicalgroup.a84043@nhs.net¬https://www.valensmedical.co.uk/our-practices/brockwell-medical-group/¬01670 392701
3424¬A84044001¬GP¬UNKNOWN¬Visible¬True¬True¬Norham Surgery¬Pedwell Way¬Norham¬¬Berwick-Upon-Tweed¬Northumberland¬TD15 2LD¬55.719738006591797¬-2.1626605987548828¬00L¬NHS Northumberland CCG¬01289382265¬admin@gp-a84044.nhs.uk¬http://www.unionbraesurgery.com¬01289 382186
3425¬A84044¬GP¬UNKNOWN¬Visible¬True¬True¬Union Brae & Norham Prac¬Tweedmouth¬¬¬Berwick Upon Tweed¬Northumberland¬TD15 2HB¬55.766693115234375¬-2.011927604675293¬00L¬NHS Northumberland CCG¬01289330333¬norccg.unionbrae84044@nhs.uk¬http://www.unionbraesurgery.com¬01289 302556
3426¬A84045¬GP¬UNKNOWN¬Visible¬True¬True¬Haydon Bridge and Allendale Medical Practice¬North Bank¬Haydon Bridge¬¬Hexham¬Northumberland¬NE47 6LA¬54.975685119628906¬-2.2500438690185547¬00L¬NHS Northumberland CCG¬01434684216¬admin@gp-a84045.nhs.uk¬http://www.haydonbridgeandallendalemedicalpractice.co.uk¬01434 684144
3428¬A84047¬GP¬UNKNOWN¬Visible¬True¬True¬Branch End Surgery¬Main Road¬¬¬Stocksfield¬Northumberland¬NE43 7LL¬54.947135925292969¬-1.897775411605835¬00L¬NHS Northumberland CCG¬01661842626¬sueshone@nhs.net¬http://www.branchendsurgery.co.uk/¬01661 844 392
3430¬A84604¬GP¬UNKNOWN¬Visible¬True¬True¬The Glendale Surgery¬Cheviot Primary Care Centre¬Padgepool Place¬¬Wooler¬Northumberland¬NE71 6BL¬55.546527862548828¬-2.0184047222137451¬00L¬NHS Northumberland CCG¬01668281740¬norccg.glendaleadmin@nhs.net¬http://www.glendalesurgery.nhs.uk¬01668 281514
3431¬A84609¬GP¬UNKNOWN¬Visible¬True¬False¬Felton Surgery¬Main Street¬Felton¬¬Morpeth¬Northumberland¬NE65 9PR¬55.298656463623047¬-1.7112843990325928¬00L¬NHS Northumberland CCG¬01670787353¬¬http://www.feltonsurgery.nhs.uk¬01670 787353
3433¬A84614¬GP¬UNKNOWN¬Visible¬True¬True¬The Adderlane Surgery¬16A Adderlane Road¬West Wylam¬¬Prudhoe¬Northumberland¬NE42 5HR¬54.962608337402344¬-1.8457292318344116¬00L¬NHS Northumberland CCG¬01661836386¬¬http://www.adderlanesurgery.nhs.uk¬01661 831 353
3435¬A84619¬GP¬UNKNOWN¬Visible¬True¬True¬Elsdon Avenue Surgery¬Elsdon Avenue¬Seaton Delaval¬¬Whitley Bay¬Tyne and Wear¬NE25 0BW¬55.070621490478516¬-1.5258698463439941¬00L¬NHS Northumberland CCG¬01912372299¬admin.mcdaid@gp-a84004.nhs.uk¬http://www.elsdonavenuesurgery.co.uk¬0191 237 5419
3436¬A85001¬GP¬UNKNOWN¬Visible¬True¬True¬Fell Tower Medical Centre¬575-583 Durham Road¬Low Fell¬¬Gateshead¬Tyne And Wear¬NE9 5EY¬54.935039520263672¬-1.5990397930145264¬13T¬NHS Newcastle Gateshead CCG¬01914913322¬¬http://www.gasthealth.nhs.uk/gps/fell-tower-mc/¬0191 491 5637
3437¬A85002¬GP¬UNKNOWN¬Visible¬True¬True¬Bensham Family Practice¬Sidney Grove¬¬¬Gateshead¬Tyne And Wear¬NE8 2XB¬54.952785491943359¬-1.6170223951339722¬13T¬NHS Newcastle Gateshead CCG¬01914776955¬ngccg.a85002@nhs.net¬https://www.benshamfamilypractice.nhs.uk/¬0191 477 1554
3439¬A85003¬GP¬UNKNOWN¬Visible¬True¬True¬Rowlands Gill Medical Centre¬The Grove¬¬¬Rowlands Gill¬Tyne And Wear¬NE39 1PW¬54.919361114501953¬-1.7428810596466064¬13T¬NHS Newcastle Gateshead CCG¬01207542136¬¬http://rowlandsgillmedicalcentre.nhs.uk/¬01207 543 340
3441¬A85004¬GP¬UNKNOWN¬Visible¬True¬True¬Longrigg Medical Centre¬2 Longrigg¬Leam Lane Estate¬Felling¬Gateshead¬Tyne And Wear¬NE10 8PH¬54.943759918212891¬-1.5458616018295288¬13T¬NHS Newcastle Gateshead CCG¬01914692173¬¬¬0191 495 0893
3442¬A85005¬GP¬UNKNOWN¬Visible¬True¬True¬Oxford Terrace and Rawling Road Medical Group¬Main Site: Oxford Terrace Medical Group¬¬¬Gateshead¬Tyne and Wear¬NE8 1RQ¬54.954303741455078¬-1.6062650680541992¬13T¬NHS Newcastle Gateshead CCG¬01914772169¬¬http://www.otmg.co.uk¬0191 477 5633
3443¬A85006001¬GP¬UNKNOWN¬Visible¬True¬True¬Dr Tasker & Partners¬Dunston Medical Centre, Dunston Bank¬Gateshead¬¬Dunston¬Tyne And Wear¬NE11 9PY¬54.947681427001953¬-1.6501370668411255¬13T¬NHS Newcastle Gateshead CCG¬01914605361¬¬http://www.glenparkmedicalpractice.co.uk¬
3444¬A85006¬GP¬UNKNOWN¬Visible¬True¬True¬Glenpark Medical Centre¬Ravensworth Road¬Dunston¬¬Gateshead¬¬NE11 9FJ¬54.952968597412109¬-1.6390520334243774¬13T¬NHS Newcastle Gateshead CCG¬01914604300¬¬http://www.glenpark.info¬0191 461 0106
3445¬A85007¬GP¬UNKNOWN¬Visible¬True¬True¬Fell Cottage Surgery¬123 Kells Lane¬¬¬Gateshead¬Tyne And Wear¬NE9 5XY¬54.938411712646484¬-1.5941832065582275¬13T¬NHS Newcastle Gateshead CCG¬01914872656¬¬http://www.fellcottagesurgery.nhs.uk¬0191 491 0475
3446¬A85008¬GP¬UNKNOWN¬Visible¬True¬True¬Birtley Medical Group¬Durham Road¬¬¬Birtley¬¬DH3 2QT¬54.891883850097656¬-1.5764255523681641¬13T¬NHS Newcastle Gateshead CCG¬01914921022¬¬http://www.birtleymedicalgroup.nhs.uk/¬
3448¬A85009¬GP¬UNKNOWN¬Visible¬True¬True¬Crowhall Medical Centre¬Stephenson Terrace¬Felling¬¬Gateshead¬Tyne And Wear¬NE10 9QG¬54.947990417480469¬-1.568108081817627¬13T¬NHS Newcastle Gateshead CCG¬01914699391¬¬¬0191 438 4661
3449¬A85010¬GP¬UNKNOWN¬Visible¬True¬True¬Chainbridge Medical Partnership¬Shibdon Road¬Blaydon¬¬Blaydon On Tyne¬Tyne And Wear¬NE21 5AE¬54.964218139648438¬-1.7127014398574829¬13T¬NHS Newcastle Gateshead CCG¬01914990965¬¬http://www.chainbridge.nhs.uk¬0191 461 5651
3450¬A85011¬GP¬UNKNOWN¬Visible¬True¬True¬St Albans Medical Group¬Felling Health Centre¬Stephenson Terrace¬¬Gateshead¬¬NE10 9QG¬54.947990417480469¬-1.568108081817627¬13T¬NHS Newcastle Gateshead CCG¬01914692316¬¬http://stalbansmedicalgroup.nhs.uk¬
3451¬A85011001¬GP¬UNKNOWN¬Visible¬True¬True¬St Albans Medical Group¬st albans medical group - felling health centre¬Old Fold Road¬¬gateshead¬Tyne And Wear¬NE10 9QG¬54.947990417480469¬-1.568108081817627¬13T¬NHS Newcastle Gateshead CCG¬01914692316¬¬¬
3452¬A85012¬GP¬UNKNOWN¬Visible¬True¬True¬Dr Syed Masroor Imam¬Jackson Street¬¬¬Gateshead¬Tyne And Wear¬NE8 1HR¬54.961849212646484¬-1.6029272079467773¬13T¬NHS Newcastle Gateshead CCG¬01914776244¬¬http://www.metrointerchangesurgery.co.uk/¬0191 478 2083
3453¬A85013¬GP¬UNKNOWN¬Visible¬True¬True¬Millennium Family Practice¬Trinity Square Health Centre¬24 West Street¬¬Gateshead¬Tyne And Wear¬NE8 1AD¬54.962966918945313¬-1.6036347150802612¬13T¬NHS Newcastle Gateshead CCG¬01914783678¬¬¬0191 477 1211
3454¬A85014¬GP¬UNKNOWN¬Visible¬True¬True¬Crawcrook Medical Centre¬Pattinson Drive¬Crawcook¬¬Ryton¬Tyne And Wear¬NE40 4US¬54.965702056884766¬-1.7874743938446045¬13T¬NHS Newcastle Gateshead CCG¬01914135473¬¬http://crawcrookmedicalcentre.nhs.uk/¬0191 413 8098
3457¬A85016¬GP¬UNKNOWN¬Visible¬True¬True¬Wrekenton Medical Group¬Wrekenton Health Centre¬Springwell Road¬¬Gateshead¬Tyne And Wear¬NE9 7AD¬54.925575256347656¬-1.5713596343994141¬13T¬NHS Newcastle Gateshead CCG¬01914876129¬¬¬0191 487 3136
3458¬A85017¬GP¬UNKNOWN¬Visible¬True¬True¬Bewick Road Surgery¬10 Bewick Road¬¬¬Gateshead¬Tyne And Wear¬NE8 4DP¬54.956401824951172¬-1.6016380786895752¬13T¬NHS Newcastle Gateshead CCG¬01914772296¬ngccg.a85017@nhs.net¬http://www.bewickroadsurgery.co.uk¬0191 477 2304
3459¬A85018¬GP¬UNKNOWN¬Visible¬True¬True¬Oldwell Surgery¬10 Front Street¬Winlaton¬¬Blaydon On Tyne¬Tyne And Wear¬NE21 4RD¬54.955177307128906¬-1.7235870361328125¬13T¬NHS Newcastle Gateshead CCG¬01915002023¬¬http://www.oldwellsurgery.co.uk¬0191 499 5137
3460¬A85019¬GP¬UNKNOWN¬Visible¬True¬True¬Central Gateshead Medical Group¬Prince Consort Road¬¬¬Gateshead¬Tyne And Wear¬NE8 1NB¬54.95648193359375¬-1.6042917966842651¬13T¬NHS Newcastle Gateshead CCG¬01914772243¬¬http://www.centralgatesheadmedicalgroup.co.uk¬0191 478 6728
3461¬A85020¬GP¬UNKNOWN¬Visible¬True¬True¬Whickham Cottage Medical Centre¬Rectory Lane¬Whickham¬¬Newcastle Upon Tyne¬Tyne And Wear¬NE16 4PD¬54.945384979248047¬-1.6772111654281616¬13T¬NHS Newcastle Gateshead CCG¬01914885555¬¬http://www.whickhampractice.nhs.uk/¬0191 496 0424
3462¬A85021¬GP¬UNKNOWN¬Visible¬True¬True¬Second Street Surgery¬Second Street¬¬¬Gateshead¬¬NE8 2UR¬54.954647064208984¬-1.6148966550827026¬13T¬NHS Newcastle Gateshead CCG¬01914772430¬ngccg.secondstreetsurgery@nhs.net¬¬0191 478 6823
3463¬A85023¬GP¬UNKNOWN¬Visible¬True¬True¬Teams Medical Practice¬Watson Street¬¬¬Gateshead¬¬NE8 2PQ¬54.955036163330078¬-1.624824047088623¬13T¬NHS Newcastle Gateshead CCG¬01914604239¬sue.jennings4@nhs.net¬http://www.teamsmedicalpractice.nhs.uk¬
3464¬A85024¬GP¬UNKNOWN¬Visible¬True¬True¬Chopwell Primary Healthcare Centre¬South Road¬Chopwell¬¬Newcastle Upon Tyne¬¬NE17 7BU¬54.919788360595703¬-1.8134580850601196¬13T¬NHS Newcastle Gateshead CCG¬01207561736¬ngccg.a85024@nhs.net¬http://www.chopwellmedicalpractice.nhs.uk¬01207 563 610
3466¬A85026¬GP¬UNKNOWN¬Visible¬True¬True¬Beacon View Medical Centre¬Beacon Lough Road¬Beacon Lough¬¬Gateshead¬Tyne And Wear¬NE9 6YS¬54.933067321777344¬-1.5841864347457886¬13T¬NHS Newcastle Gateshead CCG¬01914824000¬¬www.beaconviewmedicalcentre.co.uk¬0191 491 4107
3468¬A85616002¬GP¬UNKNOWN¬Visible¬True¬True¬Elvaston Road Surgery¬7 Elvaston Road¬¬¬Ryton¬Tyne And Wear¬NE40 3NT¬54.976482391357422¬-1.7621705532073975¬13T¬NHS Newcastle Gateshead CCG¬01914133459¬¬¬0191 413 3580
3469¬A85609¬GP¬UNKNOWN¬Visible¬True¬False¬Dr Nithyanandam Muthu Krishnan¬108 Rawling Road¬¬¬Gateshead¬¬NE8 4QR¬54.951332092285156¬-1.6150689125061035¬13T¬NHS Newcastle Gateshead CCG¬0191 420 3255¬¬https://www.drkrishnan.co.uk¬0191 478 1288
3470¬A85611¬GP¬UNKNOWN¬Visible¬True¬True¬Pelaw Medical Practice¬7-8 Croxdale Terrace¬¬¬Gateshead¬Tyne And Wear¬NE10 0RR¬54.954719543457031¬-1.5403509140014648¬13T¬NHS Newcastle Gateshead CCG¬01914692337¬gccg.a85611@nhs.net¬http://www.pelawmedicalpractice.nhs.uk/index.aspx¬0191 438 6132
3471¬A85614¬GP¬UNKNOWN¬Visible¬True¬True¬The Bridges Medical Practice¬Trinity Square Health Centre¬24 West Street¬¬Gateshead¬Tyne and Wear¬NE8 1AD¬54.963451385498047¬-1.603928804397583¬13T¬NHS Newcastle Gateshead CCG¬01913009889¬gccg.bridgesmedicalpractice@nhs.net¬http://www.bridgesmedicalpractice.co.uk¬0191 478 3501
3472¬A85616¬GP¬UNKNOWN¬Visible¬True¬True¬Hollyhurst Medical Centre¬I J HEALTHCARE¬8 Front Street¬Winlaton¬Blaydon On Tyne¬¬NE21 4RD¬54.955177307128906¬-1.7235870361328125¬13T¬NHS Newcastle Gateshead CCG¬01914990966¬¬¬0191 414 2891
3473¬A85617¬GP¬UNKNOWN¬Visible¬True¬True¬Sunniside Surgery¬8 Dewhurst Terrace¬Sunniside¬¬Newcastle Upon Tyne¬Tyne And Wear¬NE16 5LP¬54.922939300537109¬-1.6750658750534058¬13T¬NHS Newcastle Gateshead CCG¬01914883200¬¬https://www.sunnisidesurgery.nhs.uk¬0191 496 5900
3474¬A85620¬GP¬UNKNOWN¬Visible¬True¬True¬Grange Road Medical Practice¬Grange Road¬¬¬Ryton¬¬NE40 3LT¬54.972389221191406¬-1.7633975744247437¬13T¬NHS Newcastle Gateshead CCG¬01914131399¬¬https://www.grangeroadgpryton.nhs.uk/¬0191 5297021
3475¬A86003¬GP¬UNKNOWN¬Visible¬True¬True¬Saville Medical Group¬7 Saville Place¬¬¬Newcastle Upon Tyne¬Tyne And Wear¬NE1 8DQ¬54.976097106933594¬-1.609582781791687¬13T¬NHS Newcastle Gateshead CCG¬01912324274¬¬http://www.savillemed.co.uk¬0191 233 1050
3476¬A86003001¬GP¬UNKNOWN¬Visible¬True¬True¬Trevelyan Drive¬285 Trevelyan Drive¬Newbiggin Hall Estate¬¬Newcastle Upon Tyne¬Tyne And Wear¬NE5 4BP¬55.005947113037109¬-1.6831824779510498¬13T¬NHS Newcastle Gateshead CCG¬01912869240¬¬http://www.savillemed.co.uk¬0191 271 5710
3477¬A86004¬GP¬UNKNOWN¬Visible¬True¬True¬Prospect Medical Centre¬501 Westgate Road¬¬¬Newcastle Upon Tyne¬Tyne And Wear¬NE4 8AY¬54.974185943603516¬-1.6461731195449829¬13T¬NHS Newcastle Gateshead CCG¬01912260226¬¬http://www.prospectmedicalgroup.nhs.uk¬0191 226 6496
3478¬A86005¬GP¬UNKNOWN¬Visible¬True¬True¬West Farm Surgery¬31 West Farm Avenue¬¬¬Newcastle Upon Tyne¬Tyne And Wear¬NE12 8LS¬55.012065887451172¬-1.5840424299240112¬99C¬NHS North Tyneside CCG¬01912662215¬¬http://www.westfarmsurgery.nhs.uk/¬0191 266 4028
3479¬A86006¬GP¬UNKNOWN¬Visible¬True¬True¬Roseworth Surgery¬27-29 Roseworth Avenue¬Gosforth¬¬Newcastle Upon Tyne¬Tyne And Wear¬NE3 1NB¬55.00091552734375¬-1.6189812421798706¬13T¬NHS Newcastle Gateshead CCG¬01912132392¬roseworthsurgery@nhs.net¬http://www.roseworthsurgery.co.uk¬0191 284 4010
3480¬A86007¬GP¬UNKNOWN¬Visible¬True¬True¬Avenue Medical Practice¬5 Osborne Avenue¬Jesmond¬¬Newcastle Upon Tyne¬¬NE2 1PQ¬54.988052368164063¬-1.604528546333313¬13T¬NHS Newcastle Gateshead CCG¬01912810041¬reception.a86007@nhs.net¬https://www.avenuemedicalpractice.co.uk¬
3481¬A86008001¬GP¬UNKNOWN¬Visible¬True¬True¬The Park Medical Group¬1 Kingston Park Avenue¬Kingston Park¬¬Newcastle Upon Tyne¬Tyne And Wear¬NE3 2HB¬55.01251220703125¬-1.6681972742080688¬13T¬NHS Newcastle Gateshead CCG¬01912860022¬¬http://www.parkmedicalgroup.co.uk¬0191 271 2544
3482¬A86008¬GP¬UNKNOWN¬Visible¬True¬True¬Park Medical Group¬Fawdon Park Road¬Fawdon¬¬Newcastle Upon Tyne¬Tyne And Wear¬NE3 2PE¬55.013931274414063¬-1.6453543901443481¬13T¬NHS Newcastle Gateshead CCG¬01912851763¬¬http://www.parkmedicalgroup.co.uk¬0191 284 2374
3484¬A86010¬GP¬UNKNOWN¬Visible¬True¬True¬Biddlestone Health Group¬Biddlestone Health Group, Biddlestone Road¬Heaton¬¬Newcastle Upon Tyne¬Tyne And Wear¬NE6 5SL¬54.989189147949219¬-1.5767148733139038¬13T¬NHS Newcastle Gateshead CCG¬01912655755¬biddlestone.a86010@nhs.net¬http://www.biddlestonehealthgroup.co.uk¬0191 275 5500
3485¬A86011¬GP¬UNKNOWN¬Visible¬True¬True¬Walker Medical Group¬Walker Centre¬Church Walk¬Walker¬Newcastle Upon Tyne¬Tyne And Wear¬NE6 3BS¬54.972442626953125¬-1.5452101230621338¬13T¬NHS Newcastle Gateshead CCG¬01912620444¬ngccg.wmg@nhs.net¬http://www.walkermedical.nhs.uk¬0191 259 8620
3486¬A86012¬GP¬UNKNOWN¬Visible¬True¬True¬West Road Medical Centre¬170 West Road¬¬¬Newcastle Upon Tyne¬Tyne And Wear¬NE4 9QB¬54.976211547851563¬-1.6562478542327881¬13T¬NHS Newcastle Gateshead CCG¬01912822890¬west.road@nhs.net¬http://www.westroadmedicalcentre.co.uk¬0191 273 7279
3487¬A86013¬GP¬UNKNOWN¬Visible¬True¬True¬Denton Park Medical Group¬West Denton Way¬West Denton¬¬Newcastle Upon Tyne¬Tyne And Wear¬NE5 2QW¬54.993110656738281¬-1.6987099647521973¬13T¬NHS Newcastle Gateshead CCG¬01912295800¬¬¬0191 229 5801
3489¬A86016¬GP¬UNKNOWN¬Visible¬True¬True¬Lane End Surgery¬2 Manor Walk¬¬¬Newcastle Upon Tyne¬Tyne And Wear¬NE7 7XX¬55.008907318115234¬-1.5772110223770142¬99C¬NHS North Tyneside CCG¬01912665246¬¬http://www.laneendsurgery.co.uk¬0191 266 6241
3490¬A86017001¬GP¬UNKNOWN¬Visible¬True¬True¬Hillsview Surgery¬Hillsview Avenue¬North Kenton¬¬Newcastle Upon Tyne¬Tyne And Wear¬NE3 3LB¬55.009708404541016¬-1.6562268733978271¬13T¬NHS Newcastle Gateshead CCG¬01912860055¬¬¬0191 271 1114
3491¬A86017¬GP¬UNKNOWN¬Visible¬True¬True¬Drs Turner Antoun And Partners¬178 Westmorland Road¬¬¬Newcastle Upon Tyne¬Tyne And Wear¬NE4 7JT¬54.967666625976563¬-1.6325782537460327¬13T¬NHS Newcastle Gateshead CCG¬01912261414¬¬¬0191 273 0187
3492¬A86018¬GP¬UNKNOWN¬Visible¬True¬True¬The Grove Medical Group¬1 The Grove¬Gosforth¬¬Newcastle Upon Tyne¬¬NE3 1NU¬55.002178192138672¬-1.6190692186355591¬13T¬NHS Newcastle Gateshead CCG¬01912132778¬¬http://www.thegrovemedicalgroup.co.uk¬0191 2233600
3493¬A86020¬GP¬UNKNOWN¬Visible¬True¬True¬Jesmond Health Partnership (200 Osborne Road)¬200 Osborne Road¬Jesmond¬¬Newcastle Upon Tyne¬¬NE2 3LD¬54.996387481689453¬-1.6092453002929687¬13T¬NHS Newcastle Gateshead CCG¬01912814588¬ngccg.jesmondhealthpartnership@nhs.net¬https://jesmondhealthpartnership.co.uk¬0191 281 4309
3494¬A86021¬GP¬UNKNOWN¬Visible¬True¬True¬Holmside Medical Group¬142 Armstrong Road¬¬¬Newcastle Upon Tyne¬Tyne And Wear¬NE4 8QB¬54.969005584716797¬-1.6602144241333008¬13T¬NHS Newcastle Gateshead CCG¬01912734009¬¬¬0191 272 3667
3495¬A86021001¬GP¬UNKNOWN¬Visible¬True¬True¬Chapel House Primary Care Centre¬Chapel House Primary Care Centre¬Holmside Medical Group¬¬Newcastle Upon Tyne¬¬NE5 1LJ¬54.996681213378906¬-1.7151583433151245¬13T¬NHS Newcastle Gateshead CCG¬01912734009¬¬¬0191 238 0008
3496¬A86022¬GP¬UNKNOWN¬Visible¬True¬True¬Parkway Medical Group¬Chapel House Primary Care Centre¬Hillhead Parkway¬Chapel House¬Newcastle Upon Tyne¬Tyne and Wear¬NE5 1LJ¬54.996681213378906¬-1.7151583433151245¬13T¬NHS Newcastle Gateshead CCG¬01912671773¬¬http://www.parkwaymedicalgroup.nhs.uk¬0191 2380009
3497¬A86023¬GP¬UNKNOWN¬Visible¬True¬True¬Benfield Park Medical Group¬Benfield Park Healthcare & Diagnostic Centre¬Benfield Road¬¬Newcastle upon Tyne¬Tyne and Wear¬NE6 4QD¬54.986972808837891¬-1.5598440170288086¬13T¬NHS Newcastle Gateshead CCG¬01912821010¬¬http://www.benfieldparkmedicalgroup.co.uk¬0191 276 5731
3498¬A86024¬GP¬UNKNOWN¬Visible¬True¬True¬Heaton Road Surgery¬17-19 Heaton Road¬Heaton¬¬Newcastle Upon Tyne¬¬NE6 1SA¬54.978271484375¬-1.5797982215881348¬13T¬NHS Newcastle Gateshead CCG¬01912655911¬¬http://www.heatonroadsurgery.nhs.uk¬
3499¬A86025001¬GP¬UNKNOWN¬Visible¬True¬True¬Westerhope Medical Group¬Springfield Road¬Blakelaw¬¬Newcastle Upon Tyne¬¬NE5 3DS¬54.994258880615234¬-1.6630648374557495¬13T¬NHS Newcastle Gateshead CCG¬01912380018¬¬¬
3500¬A86025002¬GP¬UNKNOWN¬Visible¬True¬True¬Westerhope Medical Group¬452 Denton Road¬Denton Burn¬¬Newcastle Upon Tyne¬Tyne And Wear¬NE15 7HD¬54.97900390625¬-1.6916909217834473¬13T¬NHS Newcastle Gateshead CCG¬01912411101¬¬¬0191 241 1101
3501¬A86025¬GP¬UNKNOWN¬Visible¬True¬True¬Westerhope Medical Group¬377-377A Stamfordham Road¬¬¬Newcastle Upon Tyne¬Tyne And Wear¬NE5 2LH¬54.997779846191406¬-1.6867951154708862¬13T¬NHS Newcastle Gateshead CCG¬01912437000¬¬http://www.westerhopemedicalgroup.nhs.uk¬0191 243 7006
3502¬A86026¬GP¬UNKNOWN¬Visible¬True¬True¬Throckley Primary Care Centre¬Throckley Primary Care¬Tillmouth Park Road¬Throckley¬Newcastle Upon Tyne¬¬NE15 9PA¬54.992885589599609¬-1.758838415145874¬13T¬NHS Newcastle Gateshead CCG¬0191 2641014¬throckleyreception.a8602@nhs.net¬http://www.throckleyprimarycare.co.uk¬0191 210 6702
3503¬A86027¬GP¬UNKNOWN¬Visible¬True¬True¬Newcastle Medical Centre¬Within Boots The Chemist¬¬¬Newcastle Upon Tyne¬Tyne And Wear¬NE1 7XR¬54.975135803222656¬-1.6147476434707642¬13T¬NHS Newcastle Gateshead CCG¬01912322973¬newcastlemedical@nhs.net¬http://www.newcastlemedical.co.uk¬0191 211 3991
3504¬A86028¬GP¬UNKNOWN¬Visible¬True¬True¬Regent Medical Centre¬Ridley House¬Henry Street¬Gosforth¬Newcastle Upon Tyne¬¬NE3 1DQ¬55.009010314941406¬-1.6227884292602539¬13T¬NHS Newcastle Gateshead CCG¬01912236555¬¬http://www.regentmedicalcentre.co.uk¬
3505¬A86029¬GP¬UNKNOWN¬Visible¬True¬True¬Thornfield Medical Group¬Molineux Street Nhs Centre¬¬¬Newcastle Upon Tyne¬¬NE6 1SG¬54.977493286132813¬-1.5834622383117676¬13T¬NHS Newcastle Gateshead CCG¬01912755740¬ngccg.thornfieldmedical@nhs.net¬http://www.thornfieldmedicalgroup.nhs.uk/¬0191 275 5741
3506¬A86029001¬GP¬UNKNOWN¬Visible¬True¬True¬Thornfield Medical Group (Shieldfield)¬Shieldfield Health Centre, Stoddart Street¬Shieldfield¬¬Newcastle Upon Tyne¬Tyne And Wear¬NE2 1AL¬54.978042602539063¬-1.599267840385437¬13T¬NHS Newcastle Gateshead CCG¬01912755740¬¬http://www.thornfieldmedicalgroup.nhs.uk/¬0191 221 2183
3507¬A86030001¬GP¬UNKNOWN¬Visible¬True¬True¬Kenton Medical Centre (Betts Avenue Medical Centre)¬Kenton Centre¬Sheringham Avenue¬¬Newcastle Upon Tyne¬Tyne And Wear¬NE3 3QP¬55.005924224853516¬-1.6542898416519165¬13T¬NHS Newcastle Gateshead CCG¬01912461546¬bettsavenue@nhs.net¬http://www.bettsavenue.nhs.uk/¬0191 246 1550
3508¬A86030¬GP¬UNKNOWN¬Visible¬True¬True¬Betts Avenue Medical Group¬2 Betts Avenue¬Benwell¬¬Newcastle Upon Tyne¬Tyne And Wear¬NE15 6TQ¬54.973289489746094¬-1.675847053527832¬13T¬NHS Newcastle Gateshead CCG¬01912742767¬bettsavenue@nhs.net¬http://www.bettsavenue.nhs.uk/¬0191 274 0244
3509¬A86031¬GP¬UNKNOWN¬Visible¬True¬True¬Fenham Hall Surgery¬Fenham Hall Medical Group¬Fenham¬¬Newcastle Upon Tyne¬Tyne And Wear¬NE4 9XD¬54.984455108642578¬-1.660209059715271¬13T¬NHS Newcastle Gateshead CCG¬01912743724¬¬www.fenhamhallmedicalgroup.nhs.uk¬0191 274 5674
3510¬A86033¬GP¬UNKNOWN¬Visible¬True¬True¬Brunton Park Health Centre¬Princes Road¬Brunton Park¬¬Newcastle Upon Tyne¬¬NE3 5NF¬55.026969909667969¬-1.6270937919616699¬13T¬NHS Newcastle Gateshead CCG¬0191 2363338¬¬http://www.bruntonparkhc.nhs.uk/¬0191 2170988
3511¬A86035¬GP¬UNKNOWN¬Visible¬True¬True¬Broadway Medical Centre¬164 Great North Road¬Gosforth¬¬Newcastle Upon Tyne¬Tyne And Wear¬NE3 5JP¬55.01605224609375¬-1.6212992668151855¬13T¬NHS Newcastle Gateshead CCG¬01912135005¬¬http://www.broadwaygosforth.nhs.net¬0191 213 3729
3512¬A86036¬GP¬UNKNOWN¬Visible¬True¬True¬Gosforth Memorial Med.Ctr¬Church Road¬Gosforth¬¬Newcastle Upon Tyne¬Tyne And Wear¬NE3 1TX¬55.0072021484375¬-1.6189278364181519¬13T¬NHS Newcastle Gateshead CCG¬01912851119¬nneccg.gmmc@nhs.net¬http://www.gosforthmemorial.nhs.uk/¬0191 213 2611
3513¬A86038¬GP¬UNKNOWN¬Visible¬True¬True¬Newburn Surgery¬4 Newburn Road¬¬¬Newcastle Upon Tyne¬Tyne And Wear¬NE15 8LX¬54.985645294189453¬-1.7435988187789917¬13T¬NHS Newcastle Gateshead CCG¬01912290090¬newburnsurgery.a86038@nhs.net¬http://www.newburnsurgery.com¬0191 267 4830
3514¬A86040¬GP¬UNKNOWN¬Visible¬True¬True¬St Anthony's Health Centre¬St Anthonys Road¬Walker¬¬Newcastle Upon Tyne¬Tyne And Wear¬NE6 2NN¬54.966667175292969¬-1.5565212965011597¬13T¬NHS Newcastle Gateshead CCG¬01912196100¬¬http://www.stanthonyshealthcentre.nhs.uk¬0191 219 6108
3515¬A86041¬GP¬UNKNOWN¬Visible¬True¬True¬Drs Mears, Iqbal And Dahl¬2 Swarland Avenue¬Benton¬¬Newcastle Upon Tyne¬Tyne And Wear¬NE7 7TD¬55.006366729736328¬-1.5786135196685791¬99C¬NHS North Tyneside CCG¬01912150141¬swarland.avenue@nhs.uk¬http://www.swarlandavenuesurgery.nhs.uk/¬0191 266 1358
3516¬A86601¬GP¬UNKNOWN¬Visible¬True¬True¬Denton Turret Medical Centre¬10 Kenley Road¬Slatyford¬¬Newcastle upon Tyne¬Tyne and Wear¬NE5 2UY¬54.983932495117187¬-1.6863715648651123¬13T¬NHS Newcastle Gateshead CCG¬01912741840¬¬http://www.dentonturret.co.uk¬0191 228 0990
3518¬A86037¬GP¬UNKNOWN¬Visible¬True¬True¬Grainger Medical Group¬Meldon Street¬¬¬Newcastle Upon Tyne¬¬NE4 6SH¬54.969318389892578¬-1.6404364109039307¬13T¬NHS Newcastle Gateshead CCG¬01912986060¬elswickfamily.practice@nhs.net¬https://www.graingermedicalgroup.nhs.uk/index.aspx¬
3519¬A87002¬GP¬UNKNOWN¬Visible¬True¬True¬Spring Terrace Health Centre¬Spring Terrace¬¬¬North Shields¬Tyne And Wear¬NE29 0HD¬55.010585784912109¬-1.4513504505157471¬99C¬NHS North Tyneside CCG¬01912961588¬spring.terrace@nhs.net¬http://www.springterrace.co.uk¬0191 296 2901
3520¬A87003¬GP¬UNKNOWN¬Visible¬True¬True¬Portugal Place Health Ctr¬The Portugal Place Health Centre¬Portugal Place¬¬Wallsend¬Tyne And Wear¬NE28 6RZ¬54.989589691162109¬-1.5388275384902954¬99C¬NHS North Tyneside CCG¬01912625252¬¬http://www.pphc.info¬0191 262 0241
3521¬A87004¬GP¬UNKNOWN¬Visible¬True¬True¬Collingwood Surgery¬Hawkeys Lane¬¬¬North Shields¬Tyne And Wear¬NE29 0SF¬55.011196136474609¬-1.4565805196762085¬99C¬NHS North Tyneside CCG¬01912571779¬¬http://collingwoodsurgery.nhs.uk/¬0191 226 9909
3522¬A87004001¬GP¬UNKNOWN¬Visible¬True¬True¬New York Surgery¬Brookland Terrace¬New York¬¬North Shields¬Tyne And Wear¬NE29 8EA¬55.024909973144531¬-1.4879609346389771¬99C¬NHS North Tyneside CCG¬01912585316¬¬http://www.collingwoodsurgery.co.uk¬0191 257 8231
3523¬A87004002¬GP¬UNKNOWN¬Visible¬True¬True¬Nelson Health Centre¬Cecil Street¬¬¬North Shields¬Tyne And Wear¬NE29 0DZ¬55.009059906005859¬-1.4510586261749268¬99C¬NHS North Tyneside CCG¬01912571191¬¬http://www.collingwoodsurgery.co.uk¬0191 258 4961
3524¬A87005¬GP¬UNKNOWN¬Visible¬True¬True¬Whitley Bay Health Centre¬Whitley Road¬¬¬Whitley Bay¬Tyne And Wear¬NE26 2ND¬55.041412353515625¬-1.4399441480636597¬99C¬NHS North Tyneside CCG¬01912531113¬¬www.whitleybayhealthcentre.nhs.uk¬0191 297 0799
3525¬A87006¬GP¬UNKNOWN¬Visible¬True¬True¬49 Marine Avenue Surgery¬49 Marine Avenue¬¬¬Whitley Bay¬Tyne And Wear¬NE26 1NA¬55.046272277832031¬-1.4510664939880371¬99C¬NHS North Tyneside CCG¬01912524527¬¬http://www.49marineavenuesurgery.nhs.uk¬0191 251 3335
3526¬A87007¬GP¬UNKNOWN¬Visible¬True¬True¬Forest Hall Health Centre¬Station Road¬Forest Hall¬¬Newcastle Upon Tyne¬Tyne and Wear¬NE12 9BQ¬55.020355224609375¬-1.5675499439239502¬99C¬NHS North Tyneside CCG¬0191 259 9666¬¬http://www.stephensonparkhealth.co.uk/¬
3527¬A87008¬GP¬UNKNOWN¬Visible¬True¬True¬Marine Avenue Medical Centre¬Marine Avenue¬¬¬Whitley Bay¬Tyne And Wear¬NE26 3LW¬55.044021606445313¬-1.4569188356399536¬99C¬NHS North Tyneside CCG¬01912525317¬ma87008@nhs.net¬http://www.marineavenuemc-whitleybay.nhs.uk¬0191 253 5150
3528¬A87009002¬GP¬UNKNOWN¬Visible¬True¬True¬Priory Medical Group - Tynemouth Branch¬Percy Street, Tynemouth¬¬¬North Shields¬Tyne And Wear¬NE30 4HD¬55.018318176269531¬-1.4226870536804199¬99C¬NHS North Tyneside CCG¬01912570223¬¬www.priorymedical.org.uk¬0191 259 5282
3529¬A87009001¬GP¬UNKNOWN¬Visible¬True¬True¬Priory Medical Group - Hadrian Park Branch¬Addington Drive, Hadrian Park Estate¬¬¬Wallsend¬Tyne And Wear¬NE28 9UX¬55.013595581054687¬-1.5188643932342529¬99C¬NHS North Tyneside CCG¬01912570223¬¬http://www.priorymedical.org.uk¬0191 236 9545
3530¬A87009¬GP¬UNKNOWN¬Visible¬True¬True¬Priory Medical Group  - North Shields ¬19 Albion Road¬¬¬North Shields¬Tyne And Wear¬NE29 0HT¬55.010032653808594¬-1.4501070976257324¬99C¬NHS North Tyneside CCG¬01912570223¬¬www.priorymedical.org.uk¬0191 270 8202
3532¬A87011¬GP¬UNKNOWN¬Visible¬True¬True¬Beaumont Park Surgery¬Hepscott Drive¬Beaumont Park¬¬Whitley Bay¬Tyne And Wear¬NE25 9XJ¬55.048084259033203¬-1.4733759164810181¬99C¬NHS North Tyneside CCG¬01912514548¬¬http://www.beaumontparkmedicalgroup.co.uk¬0191 251 5805
3533¬A87012¬GP¬UNKNOWN¬Visible¬True¬True¬Wideopen Medical Centre¬Great North Road¬Wideopen¬¬Newcastle Upon Tyne¬Tyne And Wear¬NE13 6LN¬55.048259735107422¬-1.6245014667510986¬99C¬NHS North Tyneside CCG¬01912362115¬¬http://www.wideopenmedicalcentre.nhs.uk/¬0191 236 2116
3534¬A87012001¬GP¬UNKNOWN¬Visible¬True¬True¬Wideopen Medical Centre¬Market Street¬Dudley¬¬Cramlington¬Northumberland¬NE23 7HR¬55.056228637695313¬-1.5934628248214722¬99C¬NHS North Tyneside CCG¬01912500219¬¬http://www.wideopenmedicalcentre.nhs.uk¬0191 250 2031
3535¬A87013¬GP¬UNKNOWN¬Visible¬True¬True¬Bewicke Medical Centre¬51 Tynemouth Road¬¬¬Wallsend¬Tyne And Wear¬NE28 0AD¬54.996635437011719¬-1.4997315406799316¬99C¬NHS North Tyneside CCG¬01912623036¬¬www.bewickemedicalcentre.nhs.uk/¬0191 295 1663
3538¬A87015¬GP¬UNKNOWN¬Visible¬True¬True¬Appleby Surgery¬Hawkeys Lane¬¬¬North Shields¬Tyne And Wear¬NE29 0SF¬55.011196136474609¬-1.4565805196762085¬99C¬NHS North Tyneside CCG¬01912961770¬a.a87015@nhs.net¬http://www.applebysurgery.nhs.uk¬0191 2982199
3539¬A87016¬GP¬UNKNOWN¬Visible¬True¬True¬The Village Green Surgery¬The Green¬¬¬Wallsend¬Tyne And Wear¬NE28 6BB¬54.996311187744141¬-1.5292625427246094¬99C¬NHS North Tyneside CCG¬01912958500¬¬http://www.villagegreensurgery-wallsend.nhs.uk¬0191 295 8519
3541¬A87017¬GP¬UNKNOWN¬Visible¬True¬True¬Woodlands Park Health Centre, Wideopen¬Canterbury Way¬Wideopen¬¬Newcastle Upon Tyne¬Tyne And Wear¬NE13 6JJ¬55.045375823974609¬-1.6292382478713989¬99C¬NHS North Tyneside CCG¬01912362366¬wphc@nhs.net¬http://www.wphc.org.uk¬0191 236 7619
3542¬A87019¬GP¬UNKNOWN¬Visible¬True¬True¬Nelson Medical Group¬Cecil Street¬¬¬North Shields¬Tyne And Wear¬NE29 0DZ¬55.009059906005859¬-1.4510586261749268¬99C¬NHS North Tyneside CCG¬01912571204¬¬¬0191 258 7191
3543¬A87020¬GP¬UNKNOWN¬Visible¬True¬True¬Monkseaton Medical Centre¬Caudwell Avenue¬¬¬Whitley Bay¬¬NE25 9PH¬55.036930084228516¬-1.4724738597869873¬99C¬NHS North Tyneside CCG¬01912521616¬¬http://monkseatonmedical.nhs.uk/¬0191 252 2151
3544¬A87022¬GP¬UNKNOWN¬Visible¬True¬True¬Northumberland Park Medical Group, Shiremoor Resource Centre¬Shiremoor Resource Centre¬Earsdon Road¬Shiremoor¬Newcastle Upon Tyne¬Tyne And Wear¬NE27 0HJ¬55.037673950195313¬-1.5066843032836914¬99C¬NHS North Tyneside CCG¬01912537892¬¬www.northumberlandparkmedicalgroup.nhs.uk¬0191 251 5035
3545¬A87023¬GP¬UNKNOWN¬Visible¬True¬True¬Bridge Medical ¬Shiremoor Resource Centre¬Earsdon Road¬Shiremoor¬Newcastle Upon Tyne¬Tyne and Wear¬NE27 0HJ¬55.037673950195313¬-1.5066843032836914¬99C¬NHS North Tyneside CCG¬01912532578¬¬http://bridgemedical.nhs.uk/¬0191 251 9590
3548¬A87029¬GP¬UNKNOWN¬Visible¬True¬True¬Park Road Medical Practice¬93 Park Road¬¬¬Wallsend¬Tyne And Wear¬NE28 7LP¬54.992752075195313¬-1.5318361520767212¬99C¬NHS North Tyneside CCG¬01912625680¬¬http://www.parkroadpracticewallsend.nhs.uk/¬0191 262 3646
3549¬A87030¬GP¬UNKNOWN¬Visible¬True¬True¬Redburn Park Medical Centre¬15 Station Road¬¬¬North Shields¬Tyne And Wear¬NE29 6HT¬55.000923156738281¬-1.474759578704834¬99C¬NHS North Tyneside CCG¬01912961456¬¬http://www.redburnpark.co.uk/¬0191 257 3127
3550¬A87600¬GP¬UNKNOWN¬Visible¬True¬True¬Park Parade Practice¬69 Park Parade¬¬¬Whitley Bay¬Tyne And Wear¬NE26 1DU¬55.042770385742187¬-1.4504257440567017¬99C¬NHS North Tyneside CCG¬01912523135¬¬http://www.parkparadesurgery-whitleybay.nhs.uk¬0191 253 3566
3551¬A87612¬GP¬UNKNOWN¬Visible¬True¬True¬Wellspring Medical Pract.¬Killingworth Health Centre¬Citadel East¬Killingworth¬Newcastle Upon Tyne¬Tyne And Wear¬NE12 6HS¬55.03729248046875¬-1.564050555229187¬99C¬NHS North Tyneside CCG¬01912164920¬¬https://www.wellspringmedicalpractice.co.uk¬0191 216 4928
3552¬A87615¬GP¬UNKNOWN¬Visible¬True¬True¬Mallard Medical Practice¬Killingworth Health Centre¬Citadel East¬Killingworth¬Newcastle Upon Tyne¬Tyne And Wear¬NE12 6HS¬55.03729248046875¬-1.564050555229187¬99C¬NHS North Tyneside CCG¬01912160061¬info.mallardmedicalpractice@nhs.net¬http://www.mallardmedicalpractice.co.uk/¬0191 268 5360
3553¬A88001¬GP¬UNKNOWN¬Visible¬True¬True¬Victoria Medical Centre¬12-28 Glen Street¬¬¬Hebburn¬¬NE31 1NU¬54.973854064941406¬-1.5218545198440552¬00N¬NHS South Tyneside CCG¬01914832106¬¬¬
3555¬A88002¬GP¬UNKNOWN¬Visible¬True¬True¬Farnham Medical Centre¬435 Stanhope Road¬¬¬South Shields¬Tyne and Wear¬NE33 4QY¬54.975578308105469¬-1.4380481243133545¬00N¬NHS South Tyneside CCG¬01914554748¬stynccg.farnhammedicalcentre@nhs.net¬http://farnhammedicalcentre.nhs.uk/¬0191 455 8573
3556¬A88003¬GP¬UNKNOWN¬Visible¬True¬True¬Marsden Road Health Centre¬Marsden Road¬¬¬South Shields¬¬NE34 6RE¬54.980464935302734¬-1.400120735168457¬00N¬NHS South Tyneside CCG¬01912832861¬¬¬
3557¬A88004¬GP¬UNKNOWN¬Visible¬True¬True¬Mayfield Medical Group¬Park Road¬¬¬Jarrow¬Tyne And Wear¬NE32 5SE¬54.977882385253906¬-1.4964336156845093¬00N¬NHS South Tyneside CCG¬01914897183¬¬¬0191 483 2001
3558¬A88005¬GP¬UNKNOWN¬Visible¬True¬True¬Wenlock Road Surgery¬171 Wenlock Road¬¬¬South Shields¬Tyne And Wear¬NE34 9BP¬54.972637176513672¬-1.45521080493927¬00N¬NHS South Tyneside CCG¬01914560463¬¬¬0191 454 5525
3559¬A88005001¬GP¬UNKNOWN¬Visible¬True¬True¬Dr Haque¬Dale Street¬¬¬South Shields¬Tyne And Wear¬NE33 2PG¬54.998523712158203¬-1.4270354509353638¬00N¬NHS South Tyneside CCG¬01912832020¬sharon.richards@gp-a88005.nhs.uk¬¬0191 283 2029
3560¬A88006¬GP¬UNKNOWN¬Visible¬True¬True¬Talbot Medical Centre¬Stanley Street¬¬¬South Shields¬Tyne And Wear¬NE34 0BX¬54.973056793212891¬-1.4406453371047974¬00N¬NHS South Tyneside CCG¬01914553867¬talbotmc@stpct.nhs.uk¬www.talbot-medical.co.uk¬0191 454 3825
3561¬A88007¬GP¬UNKNOWN¬Visible¬True¬True¬Wawn Street Surgery¬Wawn Street¬¬¬South Shields¬Tyne And Wear¬NE33 4DX¬54.987236022949219¬-1.4266960620880127¬00N¬NHS South Tyneside CCG¬01914542211¬¬http://www.wawn-street-surgery.nhs.uk¬0191 454 0942
3562¬A88008¬GP¬UNKNOWN¬Visible¬True¬True¬Trinity Medical Centre¬New George Street¬¬¬South Shields¬Tyne And Wear¬NE33 5DU¬54.987697601318359¬-1.4367693662643433¬00N¬NHS South Tyneside CCG¬01914560053¬stynccg.trinitymc@nhs.net¬http://www.trinitymedicalcentre.nhs.uk¬0191 454 6787
3563¬A88009¬GP¬UNKNOWN¬Visible¬True¬True¬Boldon Gp Practice¬The Medical Centre¬Gibson Court¬¬Boldon Colliery¬Tyne and Wear¬NE35 9AN¬54.949764251708984¬-1.4606878757476807¬00N¬NHS South Tyneside CCG¬01915193000¬gibson.court@nhs.net¬http://boldongp.nhs.uk/¬0191 519 2020
3564¬A88010¬GP¬UNKNOWN¬Visible¬True¬True¬Albert Road Surgery - Dr W H McManus¬118 Albert Road¬¬¬Jarrow¬Tyne and Wear¬NE32 5AG¬54.978069305419922¬-1.491478443145752¬00N¬NHS South Tyneside CCG¬01913009659¬¬http://albertroadsurgeryjarrow.nhs.uk/¬
3566¬A88012¬GP¬UNKNOWN¬Visible¬True¬True¬Dr Rahman & Staples¬Campbell Park Road¬¬¬Hebburn¬Tyne And Wear¬NE31 2SP¬54.973434448242187¬-1.5073622465133667¬00N¬NHS South Tyneside CCG¬01912831610¬¬http://ellisonviewsurgery.nhs.uk¬0191 2831620
3567¬A88013¬GP¬UNKNOWN¬Visible¬True¬True¬Central Surgery¬Cleadon Park Primary Care Centre¬Prince Edward Road¬¬South Shields¬¬NE34 8PS¬54.971294403076172¬-1.4152852296829224¬00N¬NHS South Tyneside CCG¬01914554621¬csurgery@nhs.net¬http://centralsurgerysouthshields.nhs.uk¬
3568¬A88014¬GP¬UNKNOWN¬Visible¬True¬True¬West View Surgery¬Stanhope Parade Health Centre¬Gordon Street¬¬South Shields¬Tyne and Wear¬NE33 4JP¬54.984981536865234¬-1.4311505556106567¬00N¬NHS South Tyneside CCG¬01912834820¬¬¬
3569¬A88015¬GP¬UNKNOWN¬Visible¬True¬True¬St Georges & Riverside Medical Group¬New George Street¬¬¬South Shields¬Tyne And Wear¬NE33 5DU¬54.987697601318359¬-1.4367693662643433¬00N¬NHS South Tyneside CCG¬01914555958¬¬http://www.intrahealth.co.uk¬0191 456 5828
3570¬A88016¬GP¬UNKNOWN¬Visible¬True¬True¬Colliery Court Medical Group¬Gibson Court¬¬¬Boldon Colliery¬Tyne And Wear¬NE35 9AN¬54.949764251708984¬-1.4606878757476807¬00N¬NHS South Tyneside CCG¬01915190077¬¬www.collierycourt.nhs.uk¬0191 537 3559
3572¬A88013001¬GP¬UNKNOWN¬Visible¬True¬True¬Flagg Court¬Flagg Court Health Centre¬Dale Street¬¬south shields¬Tyne and Wear¬NE33 2LX¬54.999114990234375¬-1.4263705015182495¬00N¬NHS South Tyneside CCG¬01912832010¬s.drchander@nhs.net¬http://centralsurgerysouthshields.nhs.uk¬0191 4273180
3574¬A88022¬GP¬UNKNOWN¬Visible¬True¬True¬The Glen Medical Group¬The Glen Primary Care Centre¬Glen Street¬¬Hebburn¬¬NE31 1NU¬54.973854064941406¬-1.5218545198440552¬00N¬NHS South Tyneside CCG¬01914963770¬stynccg.theglenmedicalgroup@nhs.net¬http://www.theglenmedicalgroup.nhs.uk/¬0191 4963799
3575¬A88023¬GP¬UNKNOWN¬Visible¬True¬True¬Whitburn Surgery¬3 Bryers Street¬Whitburn¬¬Sunderland¬Tyne And Wear¬SR6 7EE¬54.952796936035156¬-1.3646513223648071¬00N¬NHS South Tyneside CCG¬01915293039¬¬http://www.whitburnsurgery.nhs.uk¬0191 529 5436
3577¬A88025¬GP¬UNKNOWN¬Visible¬True¬True¬Dr. Dowsett And Overs¬Palmer Community Hospital¬Wear Street¬¬Jarrow¬Tyne And Wear¬NE32 3UX¬54.980659484863281¬-1.4919613599777222¬00N¬NHS South Tyneside CCG¬01914028078¬¬¬0191 402 8088
3578¬A88601¬GP¬UNKNOWN¬Visible¬True¬True¬Imeary Street Practice¬78 Imeary Street¬¬¬South Shields¬Tyne And Wear¬NE33 4EG¬54.987533569335937¬-1.4248478412628174¬00N¬NHS South Tyneside CCG¬01914563824¬¬¬0191 427 5145
3580¬A88608001¬GP¬UNKNOWN¬Visible¬True¬True¬The Medical Centre¬Wear Street¬¬¬Jarrow¬¬NE32 3JN¬54.980369567871094¬-1.4936838150024414¬00N¬NHS South Tyneside CCG¬01914280606¬stynccg.a88608@nhs.net¬http://www.ravensworthsurgery.nhs.uk¬
3581¬A88608¬GP¬UNKNOWN¬Visible¬True¬True¬Ravensworth Surgery¬Horsely Hill Road¬¬¬South Shields¬¬NE33 3ET¬54.987804412841797¬-1.4212747812271118¬00N¬NHS South Tyneside CCG¬01914552093¬stynccg.a88608@nhs.net¬http://www.ravensworthsurgery.nhs.uk¬
3583¬A88613¬GP¬UNKNOWN¬Visible¬True¬True¬East Wing Practice¬Palmer Community Hospital¬Wear Street¬¬Jarrow¬¬NE32 3UX¬54.980659484863281¬-1.4919613599777222¬00N¬NHS South Tyneside CCG¬01914028075¬¬http://eastwingsurgery.nhs.uk/¬0191 402 8019
3586¬A89001¬GP¬UNKNOWN¬Visible¬True¬True¬Deerness Park Medical Group¬Suffolk Street¬¬¬Sunderland¬Tyne And Wear¬SR2 8AD¬54.899944305419922¬-1.3727344274520874¬00P¬NHS Sunderland CCG¬01915658849¬¬http://www.deernesspark.co.uk¬0191 565 0075
3587¬A89001001¬GP¬UNKNOWN¬Visible¬True¬True¬Bunnyhill Customer Services & Primary Care Centre¬Hylton Lane¬¬¬Sunderland¬Tyne And Wear¬SR5 4BW¬54.926589965820312¬-1.4472038745880127¬00P¬NHS Sunderland CCG¬01915193222¬¬http://www.deernesspark.co.uk¬0191 519 5888
3588¬A89002¬GP¬UNKNOWN¬Visible¬True¬True¬Riverview Health Centre¬Borough Road¬Hendon¬¬Sunderland¬¬SR1 2HJ¬54.905517578125¬-1.3732248544692993¬00P¬NHS Sunderland CCG¬01915673393¬dr.bhate@nhs.net¬http://www.drbhateanddrhussien.nhs.uk/#¬
3590¬A89004¬GP¬UNKNOWN¬Visible¬True¬True¬Hetton Group Practice¬Francis Way¬¬¬Houghton Le Spring¬Tyne And Wear¬DH5 9EZ¬54.825347900390625¬-1.4491006135940552¬00P¬NHS Sunderland CCG¬01915261177¬¬http://www.hettongp.nhs.uk/¬0191 517 3859
3591¬A89005¬GP¬UNKNOWN¬Visible¬True¬True¬Villette Surgery¬Suffolk Street¬¬¬Sunderland¬Tyne And Wear¬SR2 8AX¬54.897430419921875¬-1.3684800863265991¬00P¬NHS Sunderland CCG¬01915679361¬villette.surgery@nhs.net¬http://www.villettesurgery.nhs.uk¬0191 514 7476
3592¬A89006¬GP¬UNKNOWN¬Visible¬True¬True¬Wearside Medical Practice - Pallion¬Hylton Road¬¬¬Sunderland¬¬SR4 7XF¬54.904521942138672¬-1.4102404117584229¬00P¬NHS Sunderland CCG¬0191 5689510¬¬https://www.wearsidemedicalpractice.co.uk¬0191 510 3558
3593¬A89007¬GP¬UNKNOWN¬Visible¬True¬True¬Pallion Family Practice¬Pallion Health Centre¬Hylton Road¬Pallion¬Sunderland¬Tyne And Wear¬SR4 7XF¬54.9041748046875¬-1.4103158712387085¬00P¬NHS Sunderland CCG¬01915674673¬¬http://www.pallionfamilypractice.nhs.uk¬0191 5027701
3594¬A89008¬GP¬UNKNOWN¬Visible¬True¬True¬Red House Medical Centre¬127 Renfrew Road¬Redhouse¬¬Sunderland¬Tyne And Wear¬SR5 5PS¬54.925460815429687¬-1.4240480661392212¬00P¬NHS Sunderland CCG¬01915375700¬redhouse.medicalcentre@nhs.net¬¬0191 549 8998
3595¬A89009¬GP¬UNKNOWN¬Visible¬True¬True¬Herrington Medical Centre¬Philadelphia Lane¬¬¬Houghton Le Spring¬Tyne And Wear¬DH4 4LE¬54.865688323974609¬-1.4833110570907593¬00P¬NHS Sunderland CCG¬01915842632¬¬www.herringtonmc.nhs.uk¬0191 584 3786
3596¬A89010¬GP¬UNKNOWN¬Visible¬True¬True¬Dr Stephenson & Partners¬Victoria Road Health Centre¬Concord¬¬Washington¬Tyne and Wear¬NE37 2PU¬54.913414001464844¬-1.5248483419418335¬00P¬NHS Sunderland CCG¬01914162578¬¬http://www.drstephensonconcord.nhs.uk¬
3597¬A89011¬GP¬UNKNOWN¬Visible¬True¬True¬Joshi Na¬Silksworth Road¬¬¬Sunderland¬Tyne And Wear¬SR3 2AN¬54.870956420898438¬-1.4072011709213257¬00P¬NHS Sunderland CCG¬01915212282¬¬http://www.villagesurgerysilksworth.nhs.uk¬0191 523 5827
3598¬A89012¬GP¬UNKNOWN¬Visible¬True¬True¬Galleries Medical Practice¬Galleries Health Centre¬The Galleries¬¬Washington¬¬NE38 7NQ¬54.898818969726563¬-1.5312261581420898¬00P¬NHS Sunderland CCG¬0191 5435555¬¬http://www.galleriesmedicalpractice.nhs.uk¬
3599¬A89013¬GP¬UNKNOWN¬Visible¬True¬True¬The New City Medical Group¬Tatham Street¬¬¬Sunderland¬Tyne And Wear¬SR1 2QB¬54.904430389404297¬-1.3765791654586792¬00P¬NHS Sunderland CCG¬01915675571¬¬http://www.newcitymedicalcentre.co.uk¬0191 510 2746
3601¬A89015¬GP¬UNKNOWN¬Visible¬True¬True¬Fulwell Medical Centre¬Ebdon Lane¬Fulwell¬¬Sunderland¬Tyne And Wear¬SR6 8DZ¬54.930488586425781¬-1.3829960823059082¬00P¬NHS Sunderland CCG¬01915483635¬¬http://www.fulwellmedicalcentre.nhs.uk¬0191 516 0109
3602¬A89016¬GP¬UNKNOWN¬Visible¬True¬True¬St Bede Medical Centre¬Lower Dundas Street¬¬¬Sunderland¬Tyne And Wear¬SR6 0QQ¬54.913837432861328¬-1.3781497478485107¬00P¬NHS Sunderland CCG¬01915675335¬¬http://www.stbedegpsunderland.co.uk¬0191 510 2495
3603¬A89017¬GP¬UNKNOWN¬Visible¬True¬True¬Millfield Medical Group¬63-83 Hylton Road¬Millfield¬¬Sunderland¬Tyne And Wear¬SR4 7AF¬54.906883239746094¬-1.3958029747009277¬00P¬NHS Sunderland CCG¬01915679179¬¬http://www.millfieldmedicalcentre.nhs.uk¬0191 514 7452
3604¬A89018¬GP¬UNKNOWN¬Visible¬True¬True¬Ashburn Medical Centre¬74-75 Toward Road¬¬¬Sunderland¬Tyne And Wear¬SR2 8JG¬54.895172119140625¬-1.3740091323852539¬00P¬NHS Sunderland CCG¬01915671035¬¬http://www.ashburnmedicalcentre.nhs.uk¬0191 514 0071
3605¬A89019¬GP¬UNKNOWN¬Visible¬True¬True¬Bridge View Medical Group¬Southwick Health Centre¬¬¬Sunderland¬¬SR5 2LT¬54.919456481933594¬-1.4018083810806274¬00P¬NHS Sunderland CCG¬01915163940¬sunccg.bridgeviewmedicalgroup@nhs.net¬http://www.bridgeviewmedicalgroup.nhs.uk¬
3606¬A89020¬GP¬UNKNOWN¬Visible¬True¬True¬The Old Forge Surgery¬Pallion Park¬¬¬Sunderland¬Tyne And Wear¬SR4 6QE¬54.910064697265625¬-1.4126787185668945¬00P¬NHS Sunderland CCG¬01915109393¬¬http://www.theoldforgesurgery.nhs.uk/¬0191 510 9595
3607¬A89021¬GP¬UNKNOWN¬Visible¬True¬True¬KEPIER MEDICAL PRACTICE¬Leyburn Grove¬¬¬Houghton Le Spring¬¬DH4 5EQ¬54.845024108886719¬-1.4787318706512451¬00P¬NHS Sunderland CCG¬01915842106¬¬https://kepiergp.nhs.uk¬0191 584 9493
3608¬A89022¬GP¬UNKNOWN¬Visible¬True¬True¬Concord Medical Practice¬Victoria Road Health Centre¬Victoria Road¬Concord¬Washington¬Tyne and Wear¬NE37 2PU¬54.913414001464844¬-1.5248483419418335¬00P¬NHS Sunderland CCG¬0191 417 3557¬sunccg.concordmp@nhs.net¬https://concordmedicalpractice.nhs.uk¬
3609¬A89023¬GP¬UNKNOWN¬Visible¬True¬True¬Houghton Medical Group¬The Health Centre¬¬¬Houghton Le Spring¬Tyne And Wear¬DH4 4DN¬54.842323303222656¬-1.4691591262817383¬00P¬NHS Sunderland CCG¬01915842154¬¬http://www.houghtonmedicalgroup.nhs.uk¬0191 584 1074
3610¬A89024¬GP¬UNKNOWN¬Visible¬True¬True¬Broadway Medical Practice¬Springwell Health Centre¬Springwell Road¬Springwell¬Sunderland¬Tyne and Wear¬SR3 4HG¬54.890243530273438¬-1.4221650362014771¬00P¬NHS Sunderland CCG¬01915229908¬¬http://www.broadwaymedicalpractice.nhs.uk/¬
3611¬A89025¬GP¬UNKNOWN¬Visible¬True¬True¬The Galleries Health Centre: Sunderland GP Alliance¬Health Centre¬The Galleries¬Washington Centre¬Sunderland¬Tyne and Wear¬NE38 7NQ¬54.898818969726563¬-1.5312261581420898¬00P¬NHS Sunderland CCG¬01915438807¬¬http://www.sunderlandgpalliance.co.uk/medical-practice/¬01915437830
3612¬A89026¬GP¬UNKNOWN¬Visible¬True¬True¬New Washington Medical Group¬Victoria Road Health Centre¬Victoria Road¬Concord¬Washington¬Tyne and Wear¬NE37 2PU¬54.913414001464844¬-1.5248483419418335¬00P¬NHS Sunderland CCG¬0191 5634929¬stynccg.a89026@nhs.net¬http://www.newwashingtonmedicalgroup.nhs.uk¬
3613¬A89027¬GP¬UNKNOWN¬Visible¬True¬True¬Springwell Medical Group¬Ald Jack Cohen Health Centre¬Springwell Road¬¬Sunderland¬Tyne And Wear¬SR3 4HG¬54.890243530273438¬-1.4221650362014771¬00P¬NHS Sunderland CCG¬01915282727¬¬http://www.sunderland.nhs.uk/sharma/¬0191 528 3262
3614¬A89028¬GP¬UNKNOWN¬Visible¬True¬True¬Grangewood Surgery¬Chester Road¬Shiney Row¬¬Houghton Le Spring¬Tyne And Wear¬DH4 4RB¬54.866416931152344¬-1.4986954927444458¬00P¬NHS Sunderland CCG¬01913852898¬¬http://www.sunderland.nhs.uk/grangewood¬0191 385 8265
3615¬A89617001¬GP¬UNKNOWN¬Visible¬True¬True¬Springwell House¬Durham Road¬¬¬Sunderland¬Tyne And Wear¬SR3 1RN¬54.884284973144531¬-1.422156810760498¬00P¬NHS Sunderland CCG¬01915283251¬¬http://www.sunderland.nhs.uk/springwellhouse/¬0191 528 3100
3616¬A89030¬GP¬UNKNOWN¬Visible¬True¬True¬Westbourne Medical Group¬Kelso Grove, Shiney Row¬Shiney Row¬¬Houghton Le Spring¬Tyne And Wear¬DH4 4RW¬54.866870880126953¬-1.4954490661621094¬00P¬NHS Sunderland CCG¬01913852512¬¬http://www.westbournegp.nhs.uk¬0191 385 8810
3619¬A89031001¬GP¬UNKNOWN¬Visible¬True¬True¬Hylton Medical Group¬Ryhope Health Centre¬Black Road¬¬Ryhope¬Tyne And Wear¬SR2 0RY¬54.871562957763672¬-1.3688274621963501¬00P¬NHS Sunderland CCG¬01915658598¬hylton.medical@nhs.net¬http://hyltonmedicalgroup.nhs.uk/¬0191 521 3857
3620¬A89031¬GP¬UNKNOWN¬Visible¬True¬True¬Hylton Medical Group¬Pallion Health Centre, Hylton Road¬Pallion¬¬Sunderland¬Tyne and Wear¬SR4 7XF¬54.9041748046875¬-1.4103158712387085¬00P¬NHS Sunderland CCG¬01915658598¬hylton.medical@nhs.net¬http://hyltonmedicalgroup.nhs.uk/¬0191 514 7467
3621¬A89032¬GP¬UNKNOWN¬Visible¬True¬True¬Silkworth Medical Practice¬¬Silksworth Health Centre¬¬Sunderland¬¬SR3 2AN¬54.870956420898438¬-1.4072011709213257¬00P¬NHS Sunderland CCG¬0191 5210252¬¬https://www.newsilksworthsgpa.co.uk/¬0191 521 1288
3622¬A89034¬GP¬UNKNOWN¬Visible¬True¬True¬Park Lane Practice ¬1-6 City Green¬¬¬Sunderland¬¬SR2 7BA¬54.90130615234375¬-1.3843622207641602¬00P¬NHS Sunderland CCG¬0191 502 6470¬sunccg.parklanepractice@nhs.net¬http://www.parklanepracticesunderland.nhs.uk/¬0191 510 2810
3623¬A89035¬GP¬UNKNOWN¬Visible¬True¬True¬Southlands Medical Group¬Black Road¬Ryhope¬¬Sunderland¬¬SR2 0RX¬54.871246337890625¬-1.3685051202774048¬00P¬NHS Sunderland CCG¬01915210210¬¬https://www.southlandsmedicalgroup.nhs.uk¬0191 521 4235
3624¬A89036¬GP¬UNKNOWN¬Visible¬True¬True¬Castletown Medical Centre¬6 The Broadway¬Castletown¬¬Sunderland¬¬SR5 3EX¬54.913345336914062¬-1.4508326053619385¬00P¬NHS Sunderland CCG¬01915495113¬¬http://www.sunderland.nhs.uk/castletown/¬
3627¬A89040¬GP¬UNKNOWN¬Visible¬True¬True¬Dr Gellia & Dr Balaraman, Monkwearmouth Health Centre¬Dundas Street¬¬¬Sunderland¬¬SR6 0AB¬54.913139343261719¬-1.3816391229629517¬00P¬NHS Sunderland CCG¬01915674293¬sunccg.drgella@nhs.net¬http://www.monkwearmouthhc.nhs.uk¬0191 514 7889
3628¬A89041¬GP¬UNKNOWN¬Visible¬True¬True¬Happy House Surgery¬Durham Road¬¬¬Sunderland¬Tyne And Wear¬SR3 4BY¬54.885013580322266¬-1.4227699041366577¬00P¬NHS Sunderland CCG¬01915282222¬sunccg.happyhousesurgery@nhs.net¬http://www.happyhousesurgery.nhs.uk¬0191 528 2626
3631¬A89604¬GP¬UNKNOWN¬Visible¬True¬True¬Dr Martin Weatherhead¬Southwick Health Centre¬The Green¬Southwick¬Sunderland¬Tyne and Wear¬SR5 2LT¬54.919456481933594¬-1.4018083810806274¬00P¬NHS Sunderland CCG¬01915026700¬sunccg.a89604@nhs.net¬http://www.weatherheadgp.nhs.uk¬0191 502 6699
3636¬A89614¬GP¬UNKNOWN¬Visible¬True¬True¬South Hylton Surgery¬2 Union Street¬Sunderland GP Alliance South Hylton Surgery¬¬Sunderland¬Tyne and Wear¬SR4 0LS¬54.904224395751953¬-1.4495998620986938¬00P¬NHS Sunderland CCG¬0191 5341007¬¬http://www.sunderlandgpalliance.co.uk/medical-practice/¬
3637¬A89616¬GP¬UNKNOWN¬Visible¬True¬True¬Rickleton Medical Centre¬Office Row¬Rickleton¬¬Washington¬Tyne and Wear¬NE38 9EH¬54.880195617675781¬-1.5474802255630493¬00P¬NHS Sunderland CCG¬01914150576¬¬http://www.rickletonmedicalcentre.nhs.uk¬0191 416 6286
3638¬A89617¬GP¬UNKNOWN¬Visible¬True¬True¬Harraton Surgery¬3 Swiss Cottages¬Vigo Lane¬¬Washington¬Tyne And Wear¬NE38 9AB¬54.88104248046875¬-1.5313389301300049¬00P¬NHS Sunderland CCG¬01914161641¬¬http://www.sunderland.nhs.uk/harraton/¬0191 415 7753
3642¬A89623¬GP¬UNKNOWN¬Visible¬True¬True¬Chester Surgery¬215 Chester Road¬¬¬Sunderland¬Tyne And Wear¬SR4 7TU¬54.901077270507813¬-1.4067589044570923¬00P¬NHS Sunderland CCG¬01915673597¬¬http://www.sunderland.nhs.uk/chesterroadgp/¬0191 565 5150
3656¬B81002¬GP¬UNKNOWN¬Visible¬True¬True¬CHP Ltd - Bransholme¬Bransholme South Health Centre¬Goodhart Road¬Bransholme¬Hull¬Humberside¬HU7 4DW¬53.787406921386719¬-0.32134529948234558¬03F¬NHS Hull CCG¬01482336100¬¬¬
3657¬B81003¬GP¬UNKNOWN¬Visible¬True¬True¬Beacon Medical¬Cleethorpes Primary Care Centre¬¬¬Cleethorpes¬Lincolnshire¬DN35 8EB¬53.556999206542969¬-3.7647120654582977E-2¬03H¬NHS North East Lincolnshire CCG¬01472691033¬¬http://www.beaconmedical.nhs.uk¬01472 200663
3658¬B81004¬GP¬UNKNOWN¬Visible¬False¬False¬Eastgate Medical Group, Hornsea¬37 Eastgate¬¬¬Hornsea¬Humberside¬HU18 1LP¬53.915279388427734¬-0.16823433339595795¬02Y¬NHS East Riding Of Yorkshire CCG¬01964530350¬¬¬01964 530388
3659¬B81004001¬GP¬UNKNOWN¬Visible¬False¬False¬Dr Garwood D J And Partners¬2 Cross Street¬Aldbrough¬¬Hull¬East Riding Of Yorkshire¬HU11 4RW¬53.829090118408203¬-0.11314531415700912¬02Y¬NHS East Riding Of Yorkshire CCG¬01964527066¬¬¬01964 529198
3660¬B81005006¬GP¬UNKNOWN¬Visible¬True¬False¬Central Surgery - Ulceby¬St Nicholas Primary School¬Church Lane¬¬Ulceby¬South Humberside¬DN39 6TB¬53.616592407226563¬-0.33266535401344299¬03K¬NHS North Lincolnshire CCG¬01652636600¬nl.b81005@nhs.net¬http://www.centralsurgery-barton.co.uk/¬
3661¬B81005¬GP¬UNKNOWN¬Visible¬True¬False¬The Central Surgery Barton¬King Street¬Barton On Humber¬¬Barton Upon Humber¬South Humberside¬DN18 5ER¬53.684234619140625¬-0.43943005800247192¬03K¬NHS North Lincolnshire CCG¬01652636600¬nl.b81005@nhs.net¬http://www.centralsurgery-barton.co.uk/¬01652 636122
3662¬B81005005¬GP¬UNKNOWN¬Visible¬True¬False¬The Village Surgery¬Howe Lane¬Goxhill¬¬Barrow-Upon-Humber¬South Humberside¬DN19 7JD¬53.677513122558594¬-0.33265247941017151¬03K¬NHS North Lincolnshire CCG¬01469532617¬nl.b81005@nhs.net¬http://www.centralsurgery-barton.co.uk/¬
3663¬B81006001¬GP¬UNKNOWN¬Visible¬True¬True¬Manor House Surgery @ Flamborough Branch Site¬Chapel Street¬¬¬Bridlington¬East Riding Of Yorkshire¬YO15 1LQ¬54.117168426513672¬-0.1249312087893486¬02Y¬NHS East Riding Of Yorkshire CCG¬01262602661¬¬¬
3664¬B81006¬GP¬UNKNOWN¬Visible¬True¬True¬Manor House Surgery¬Providence Place¬¬¬Bridlington¬Humberside¬YO15 2QW¬54.085945129394531¬-0.18680797517299652¬02Y¬NHS East Riding Of Yorkshire CCG¬01262602661¬¬http://www.manorhousesurgery.com¬01262 400891
3665¬B81007¬GP¬UNKNOWN¬Visible¬True¬False¬Winterton Medical Practice¬Manlake Avenue¬Winterton¬¬Scunthorpe¬Lincolnshire¬DN15 9TA¬53.652511596679688¬-0.60686087608337402¬03K¬NHS North Lincolnshire CCG¬01724732202¬gail.holland@nhs.net¬http://www.wintertonmedicalpractice.nhs.uk¬01724 734992
3666¬B81007001¬GP¬UNKNOWN¬Visible¬True¬False¬The Health Centre¬Burton On Stather¬¬¬Scunthorpe¬South Humberside¬DN15 9EW¬53.649116516113281¬-0.68154621124267578¬03K¬NHS North Lincolnshire CCG¬01724720202¬gail.holland@nhs.net¬http://www.wintertonmedicalpractice.nhs.uk/¬01724 734992
3667¬B81008001¬GP¬UNKNOWN¬Visible¬True¬True¬East Hull Family Practice - Victoria Dock Branch Surgery¬81 Southbridge Road¬Victoria Dock¬¬Hull¬East Riding Of Yorkshire¬HU9 1TR¬53.742759704589844¬-0.32072952389717102¬03F¬NHS Hull CCG¬01482223992¬¬http://www.easthullfamilypractice.nhs.uk¬
3668¬B81008¬GP¬UNKNOWN¬Visible¬True¬True¬East Hull Family Practice¬Morrill Street Health Centre¬Morrill Street¬¬Hull¬¬HU9 2LJ¬53.755107879638672¬-0.30837538838386536¬03F¬NHS Hull CCG¬01482320046¬¬http://www.easthullfamilypractice.nhs.uk¬01482 589611
3669¬B81009¬GP¬UNKNOWN¬Visible¬True¬True¬Market Weighton Practice¬Wolds House¬10 Medforth Street¬¬Market Weighton¬¬YO43 3FF¬53.865375518798828¬-0.6732177734375¬02Y¬NHS East Riding Of Yorkshire CCG¬01430875353¬¬http://www.marketweightonpractice.nhs.uk/¬
3672¬B81010¬GP¬UNKNOWN¬Visible¬True¬True¬Hessle Grange Medical Practice¬The Grange Primary Care Centre¬11 Hull Road¬¬Hessle¬Humberside¬HU13 9LZ¬53.72308349609375¬-0.42945900559425354¬02Y¬NHS East Riding Of Yorkshire CCG¬01482645295¬¬www.hesslegrangemp.co.uk¬01482 649513
3673¬B81011¬GP¬UNKNOWN¬Visible¬True¬True¬Kingston Health (Hull)¬Wheeler Street¬Anlaby Road¬¬Hull¬Humberside¬HU3 5QE¬53.742012023925781¬-0.3846430778503418¬03F¬NHS Hull CCG¬01482354933¬¬http://www.kingstonhealthhull.nhs.uk¬01482 355090
3675¬B81012¬GP¬UNKNOWN¬Visible¬True¬True¬Stirling Medical Centre¬Striling Street¬¬¬Grimsby¬South Humberside¬DN31 3AE¬53.573513031005859¬-5.9024691581726074E-2¬03H¬NHS North East Lincolnshire CCG¬01472721610¬¬http://www.skumargpnel.nhs.uk/¬
3677¬B81013¬GP¬UNKNOWN¬Visible¬True¬True¬Montague Medical Practice¬Fifth Avenue¬¬¬Goole¬Humberside¬DN14 6JD¬53.70703125¬-0.87288439273834229¬02Y¬NHS East Riding Of Yorkshire CCG¬01405800600¬¬http://www.montaguemedicalpractice.co.uk¬0844 4772597
3678¬B81014¬GP¬UNKNOWN¬Visible¬True¬True¬Practice 2, Medical Centre, Bridlington¬Station Avenue¬¬¬Bridlington¬¬YO16 4LZ¬54.084693908691406¬-0.20103506743907928¬02Y¬NHS East Riding Of Yorkshire CCG¬01262670690¬¬http://www.practicetwobridlington.nhs.uk/¬
3679¬B81015¬GP¬UNKNOWN¬Visible¬True¬True¬Clee Medical Centre¬323 Grimsby Road¬¬¬Cleethorpes¬Lincolnshire¬DN35 7XE¬53.56622314453125¬-4.1418299078941345E-2¬03H¬NHS North East Lincolnshire CCG¬01472697257¬nel.b81015@nhs.net¬http://www.cleemedicalcentre.nhs.uk/?categoryid=1¬
3680¬B81016¬GP¬UNKNOWN¬Visible¬True¬True¬Pelham Medical Group¬Church View Health Centre¬Cartergate¬¬Grimsby¬Lincolnshire¬DN31 1QZ¬53.563205718994141¬-9.1659873723983765E-2¬03H¬NHS North East Lincolnshire CCG¬01472353303¬enquiries.pelham@nhs.net¬http://www.pelhammedicalgroup.nhs.uk¬01472 264993
3681¬B81017¬GP¬UNKNOWN¬Visible¬True¬True¬City Health Practice - Kingston Medical Centre¬Kingston Medical Centre¬151 Beverley Road¬¬Hull¬¬HU3 1TY¬53.755355834960938¬-0.34863230586051941¬03F¬NHS Hull CCG¬01482 344880¬¬http://www.kingstonmedicalcentre.co.uk¬01482 344882
3682¬B81018¬GP¬UNKNOWN¬Visible¬True¬True¬Dr Rk Awan And Partners¬Orchard 2000 Medical Centre¬480 Hall Road¬Kingston Upon Hull¬Hull¬East Riding Of Yorkshire¬HU6 9BS¬53.786373138427734¬-0.37000656127929688¬03F¬NHS Hull CCG¬01482854552¬¬¬
3684¬B81020¬GP¬UNKNOWN¬Visible¬True¬True¬The Sutton Manor Surgery¬St Ives Close¬Wawne Road¬¬Hull¬East Riding Of Yorkshire¬HU7 4PT¬53.785758972167969¬-0.31527867913246155¬03F¬NHS Hull CCG¬01482826457¬¬http://www.suttonmanorsurgery.nhs.uk/¬01482 824182
3686¬B81022001¬GP¬UNKNOWN¬Visible¬True¬True¬Messingham Family Health Centre¬Wendover Road¬Messingham¬¬Scunthorpe¬South Humberside¬DN17 3SN¬53.529918670654297¬-0.65215027332305908¬03K¬NHS North Lincolnshire CCG¬01724763034¬stephanie.grant3@nhs.net¬http://www.cambridgeavenuemedicalcentre.nhs.uk¬
3687¬B81022¬GP¬UNKNOWN¬Visible¬True¬True¬Cambridge Avenue Medical Centre¬Cambridge Avenue¬¬¬Scunthorpe¬South Humberside¬DN16 3LG¬53.558364868164062¬-0.65183514356613159¬03K¬NHS North Lincolnshire CCG¬01724842415¬¬http://www.cambridgeavenuemedicalcentre.nhs.uk/¬01724 271437
3688¬B81023¬GP¬UNKNOWN¬Visible¬True¬True¬The Chantry Health Group¬Church View Health Centre¬Cartergate¬¬Grimsby¬Lincolnshire¬DN31 1QZ¬53.563205718994141¬-9.1659873723983765E-2¬03H¬NHS North East Lincolnshire CCG¬01472264999¬¬www.chantryhealthgroup.nhs.uk¬
3689¬B81024¬GP¬UNKNOWN¬Visible¬True¬True¬The Willerby Surgery¬45 Main Street¬Willerby¬¬Hull¬Humberside¬HU10 6BP¬53.758380889892578¬-0.44725549221038818¬02Y¬NHS East Riding Of Yorkshire CCG¬01482652652¬¬http://www.willerbysurgery.com¬01482 658376
3690¬B81025¬GP¬UNKNOWN¬Visible¬True¬True¬Holderness Health¬St Nicholas Surgery¬Queen Street¬¬Withernsea¬¬HU19 2PZ¬53.728713989257813¬3.4951966255903244E-2¬02Y¬NHS East Riding Of Yorkshire CCG¬0333 332 4242¬¬http://www.holdernesshealth.nhs.uk¬
3691¬B81025002¬GP¬UNKNOWN¬Visible¬True¬True¬Holderness Health¬Hodgson Lane Surgery¬Roos¬¬Hull¬¬HU12 0LF¬53.754550933837891¬-4.4952616095542908E-2¬02Y¬NHS East Riding Of Yorkshire CCG¬01964613221¬¬http://www.withernseadoctors.co.uk¬
3692¬B81025001¬GP¬UNKNOWN¬Visible¬True¬True¬Holderness Health¬St Patricks Green Surgery¬Patrington¬¬Hull¬East Riding Of Yorkshire¬HU12 0PF¬53.683128356933594¬-1.2631158344447613E-2¬02Y¬NHS East Riding Of Yorkshire CCG¬01964613221¬¬http://www.withernseadoctors.co.uk¬01964 631618
3693¬B81026001¬GP¬UNKNOWN¬Visible¬True¬True¬Ancora Medical Practice - Detuyll St¬20 Detuyll Street¬¬¬Scunthorpe¬South Humberside¬DN15 7LS¬53.597583770751953¬-0.65741705894470215¬03K¬NHS North Lincolnshire CCG¬01724747280¬nl.b81026@nhs.net¬http://www.ancoramedicalpractice.nhs.uk¬01724 278338
3694¬B81026¬GP¬UNKNOWN¬Visible¬True¬True¬Ancora Medical Practice¬291 Ashby Road¬¬¬Scunthorpe¬Lincolnshire¬DN16 2AB¬53.570915222167969¬-0.65527176856994629¬03K¬NHS North Lincolnshire CCG¬01724842244¬nl.b81026@nhs.net¬http://www.ancoramedicalpractice.nhs.uk/¬01724 282570
3695¬B81027¬GP¬UNKNOWN¬Visible¬True¬True¬St Andrews Surgery¬Elliott Chappell Health Centre¬215 Hessle Road¬¬Hull¬¬HU3 4BB¬53.735546112060547¬-0.36193713545799255¬03F¬NHS Hull CCG¬01482336810¬¬http://www.standrewssurgery-hull.nhs.uk/¬01482 336826
3696¬B81029001¬GP¬UNKNOWN¬Visible¬True¬True¬The Snaith And Rawcliffe Medical Group- Station Road¬Station Road¬Goole¬¬Rawcliffe¬East Riding Of Yorkshire¬DN14 8QR¬53.697292327880859¬-0.96061468124389648¬02Y¬NHS East Riding Of Yorkshire CCG¬01405839201¬¬¬01405 839201
3697¬B81029¬GP¬UNKNOWN¬Visible¬True¬True¬The Snaith And Rawcliffe Medical Group- The Marshes¬Butt Lane¬Snaith¬¬Goole¬Humberside¬DN14 9DY¬53.689289093017578¬-1.0243986845016479¬02Y¬NHS East Riding Of Yorkshire CCG¬01405863190¬general.enquiries-b81029@nhs.net¬http://www.snaithrawcliffemedicalgroup.com¬01405 863181
3698¬B81030¬GP¬UNKNOWN¬Visible¬True¬True¬Scartho Medical Centre¬Springfield Road¬Scartho¬¬Grimsby¬Lincolnshire¬DN33 3JF¬53.536399841308594¬-9.4585984945297241E-2¬03H¬NHS North East Lincolnshire CCG¬01472279500¬nel.b81030@nhs.net¬http://www.scarthomedicalcentre.nhs.uk/¬01472 279550
3699¬B81031¬GP¬UNKNOWN¬Visible¬True¬True¬Fieldhouse Medical Group¬Freshney Green Primary Care Centre¬Sorrel Road (Formerly Central Parade)¬¬Grimsby¬Lincolnshire¬DN34 4GB¬53.564434051513672¬-0.11256390064954758¬03H¬NHS North East Lincolnshire CCG¬01472254600¬nel.b81031@nhs.net¬http://www.fieldhousemedicalcentre.nhs.uk¬
3700¬B81032¬GP¬UNKNOWN¬Visible¬True¬True¬The Wilberforce Surgery¬Wilberforce Health Centre¬1St Floor¬6-10 Story Street¬Hull¬East Riding Of Yorkshire¬HU1 3SA¬53.746219635009766¬-0.34208035469055176¬03F¬NHS Hull CCG¬01482344265¬hullccg.b81032@nhs.net¬¬01482 344273
3701¬B81034001¬GP¬UNKNOWN¬Visible¬True¬False¬Leven & Beeford Medical Practice¬Rectory Lane¬Beeford¬¬Driffield¬East Riding Of Yorkshire¬YO25 8BA¬53.971721649169922¬-0.28096646070480347¬02Y¬NHS East Riding Of Yorkshire CCG¬01262488234¬¬¬
3702¬B81034¬GP¬UNKNOWN¬Visible¬True¬False¬Leven & Beeford Medical Practice¬The Leven And Beeford Med Prac¬29 High Stile¬Leven¬Beverley¬¬HU17 5NL¬53.890914916992187¬-0.31284776329994202¬02Y¬NHS East Riding Of Yorkshire CCG¬01964542155¬¬http://www.levenandbeefordmedicalpractice.nhs.uk¬01964 543954
3703¬B81035¬GP¬UNKNOWN¬Visible¬True¬True¬The Avenues Medical Centre¬147-153 Chanterlands Avenue¬Kingston Upon Hull¬¬Hull¬Yorkshire(East Riding)¬HU5 3TJ¬53.755634307861328¬-0.37420037388801575¬03F¬NHS Hull CCG¬01482 343614¬hullccg.avenues@nhs.net¬https://theavenuesmedicalcentre.co.uk¬01482 492480
3704¬B81036¬GP¬UNKNOWN¬Visible¬True¬True¬Pocklington Group Practice¬The Beckside Centre¬1 Amos Drive¬Pocklington¬York¬Yorkshire(East Riding)¬YO42 2BS¬53.924484252929687¬-0.78131353855133057¬03Q¬NHS Vale Of York CCG¬01759302500¬voyccg.enquiries-b81036@nhs.net¬http://www.pocklingtongps.nhs.uk¬01759 305123
3705¬B81037¬GP¬UNKNOWN¬Visible¬True¬False¬The Park Surgery¬6 Eastgate North¬¬¬Driffield¬East Riding Of Yorkshire¬YO25 6EB¬54.009292602539063¬-0.4393637478351593¬02Y¬NHS East Riding Of Yorkshire CCG¬01377272747¬¬http://www.theparksurgerydriffield.nhs.uk¬01377 272497
3706¬B81037001¬GP¬UNKNOWN¬Visible¬True¬False¬The Park Surgery¬22A High Street¬Nafferton¬¬Driffield¬East Riding Of Yorkshire¬YO25 4JR¬54.020057678222656¬-0.3912903368473053¬02Y¬NHS East Riding Of Yorkshire CCG¬01377256066¬¬¬01377 241471
3707¬B81038¬GP¬UNKNOWN¬Visible¬True¬True¬The Oaks Medical Centre¬Council Avenue¬¬¬Hull¬Humberside¬HU4 6RF¬53.731941223144531¬-0.39508014917373657¬03F¬NHS Hull CCG¬01482354251¬¬¬01482 573987
3708¬B81039002¬GP¬UNKNOWN¬Visible¬True¬True¬The Health Centre¬Pelham Crescent¬Keelby¬¬Grimsby¬South Humberside¬DN41 8EW¬53.573581695556641¬-0.24691013991832733¬03H¬NHS North East Lincolnshire CCG¬01469 572058¬nelccg.roxtonpractice@nhs.net¬http://www.theroxtonpractice.nhs.uk¬
3709¬B81039¬GP¬UNKNOWN¬Visible¬True¬True¬The Roxton Practice¬Pilgrim Primary Care Centre¬Pelham Road¬¬Immingham¬¬DN40 1JW¬53.618747711181641¬-0.20530492067337036¬03H¬NHS North East Lincolnshire CCG¬01469 572058¬nelccg.roxtonpractice@nhs.net¬https://theroxtonpractice.nhs.uk/¬01469 573043
3710¬B81040001¬GP¬UNKNOWN¬Visible¬True¬True¬Marfleet Group Practice [Branch Surgery]¬Hauxwell Grove¬Middlesex Road¬¬Hull¬¬HU8 0RB¬53.773578643798828¬-0.28660029172897339¬03F¬NHS Hull CCG¬01482376330¬¬https://www.themarfleetgrouppractice.nhs.uk/¬
3711¬B81040¬GP¬UNKNOWN¬Visible¬True¬True¬Dr J A D Weir And Partners¬Marfleet Primary Healthcare Centre¬Preston Road¬Kingston Upon Hull¬Hull¬¬HU9 5HH¬53.755985260009766¬-0.26597407460212708¬03F¬NHS Hull CCG¬01482701834¬¬http://www.themarfleetgrouppractice.nhs.uk¬01482 784757
3712¬B81041¬GP¬UNKNOWN¬Visible¬True¬True¬Gilberdyke Health Centre¬Thornton Dam Lane¬Gilberdyke¬¬Brough¬Humberside¬HU15 2UL¬53.754520416259766¬-0.73165172338485718¬02Y¬NHS East Riding Of Yorkshire CCG¬01430440225¬¬http://www.gilberdykehealthcentre.co.uk¬01430 440646
3713¬B81042¬GP¬UNKNOWN¬Visible¬True¬True¬Dr Underwood And Partners¬The Health Centre¬Manor Road¬¬Beverley¬Humberside¬HU17 7BZ¬53.84527587890625¬-0.4325501024723053¬02Y¬NHS East Riding Of Yorkshire CCG¬01482862733¬¬¬01482 864958
3714¬B81043001¬GP¬UNKNOWN¬Visible¬True¬True¬Belton Branch Surgery¬32 High Street¬¬¬Belton¬South Yorkshire¬DN9 1LR¬53.554386138916016¬-0.81633669137954712¬03K¬NHS North Lincolnshire CCG¬01427 871360¬nl.b81043@nhs.net¬https://www.southaxholmepractice.nhs.uk¬
3715¬B81043004¬GP¬UNKNOWN¬Visible¬True¬True¬Haxey Branch Surgery¬30 Church Street¬Haxey¬¬Doncaster¬South Yorkshire¬DN9 2HY¬53.490016937255859¬-0.84663158655166626¬03K¬NHS North Lincolnshire CCG¬01427757560¬nl.b81043@nhs.net¬https://southaxholmepractice.nhs.uk¬
3716¬B81043002¬GP¬UNKNOWN¬Visible¬True¬True¬Jubilee Branch Surgery¬School Lane¬West Butterwick¬¬Scunthorpe¬South Humberside¬DN17 3LB¬53.54315185546875¬-0.74230962991714478¬03K¬NHS North Lincolnshire CCG¬01724 788020¬nl.b81043@nhs.net¬https://www.southaxholmepractice.nhs.uk¬
3717¬B81043003¬GP¬UNKNOWN¬Visible¬True¬True¬Pinfold Branch Surgery¬Station Road¬Owston Ferry¬¬Doncaster¬South Yorkshire¬DN9 1AW¬53.492103576660156¬-0.78242313861846924¬03K¬NHS North Lincolnshire CCG¬01427 728900¬nl.b81043@nhs.net¬https://www.southaxholmepractice.nhs.uk/¬
3718¬B81043¬GP¬UNKNOWN¬Visible¬True¬True¬South Axholme Practice¬60-62 High Street¬Epworth¬¬Doncaster¬South Yorkshire¬DN9 1EP¬53.526165008544922¬-0.82220727205276489¬03K¬NHS North Lincolnshire CCG¬01427 871380¬nl.b81043@nhs.net¬https://www.southaxholmepractice.nhs.uk¬
3721¬B81045¬GP¬UNKNOWN¬Visible¬True¬True¬Ashby Turn Primary Care Partners¬The Link¬¬¬Scunthorpe¬Lincolnshire¬DN16 2UT¬53.566146850585938¬-0.65418475866317749¬03K¬NHS North Lincolnshire CCG¬01724842051¬¬http://www.ashbyturnprimarycarecentre.nhs.uk¬01724 280346
3722¬B81046001¬GP¬UNKNOWN¬Visible¬True¬True¬The Bridge Group Practice¬Elliott Chappell Health Centre¬215 Hessle Raod¬¬Hull¬¬HU3 4BB¬53.735546112060547¬-0.36193713545799255¬03F¬NHS Hull CCG¬01482 303840¬¬¬
3723¬B81046¬GP¬UNKNOWN¬Visible¬True¬True¬The Bridge Group Practice¬Orchard Park Health Centre¬210 Orchard Park Road¬Kingston Upon Hull¬Hull¬¬HU6 9BX¬53.787555694580078¬-0.37574422359466553¬03F¬NHS Hull CCG¬01482 303850¬¬¬
3724¬B81047¬GP¬UNKNOWN¬Visible¬True¬True¬Wolseley Medical Centre¬Londesborough Street¬¬¬Hull¬¬HU3 1DS¬53.746433258056641¬-0.35638293623924255¬03F¬NHS Hull CCG¬01482335300¬christopher.hall1@nhs.net¬http://www.wolseleymedical.nhs.uk¬01482 335311
3725¬B81048¬GP¬UNKNOWN¬Visible¬True¬True¬Modality Partnership - Newland Group Practice¬Alexandra Health Care Centre¬61 Alexandra Road¬¬Hull¬¬HU5 2NT¬53.764987945556641¬-0.35623976588249207¬03F¬NHS Hull CCG¬01482 344100¬¬https://www.modalitypartnership.nhs.uk/newland-group-medical-practice¬
3726¬B81048003¬GP¬UNKNOWN¬Visible¬True¬True¬Modality Partnership - New Hall Surgery¬New Hall Surgery¬Oakfield Court¬Cottingham Road¬Hull¬Yorkshire(East Riding)¬HU6 8QF¬53.770893096923828¬-0.38131904602050781¬03F¬NHS Hull CCG¬01482 343390¬¬https://www.modalitypartnership.nhs.uk/newhall-surgery¬
3730¬B81051¬GP¬UNKNOWN¬Visible¬True¬True¬Old Fire Station Surgery¬The Old Fire Station¬Albert Terrace¬¬Beverley¬Humberside¬HU17 8JW¬53.840869903564453¬-0.43516170978546143¬02Y¬NHS East Riding Of Yorkshire CCG¬01482862236¬¬¬01482 861863
3731¬B81052¬GP¬UNKNOWN¬Visible¬True¬True¬Princes Medical Centre¬Princes Court¬Princes Avenue¬¬Hull¬Humberside¬HU5 3QA¬53.753341674804688¬-0.35990998148918152¬03F¬NHS Hull CCG¬01482342473¬¬http://www.princesavenuemedicalcentre.co.uk/¬01482 335319
3732¬B81048005¬GP¬UNKNOWN¬Visible¬True¬True¬Modality Partnership - Diadem Medical Practice¬Bilton Grange Health Centre¬2 Diadem Grove¬¬Hull¬¬HU9 4AL¬53.771869659423828¬-0.26732239127159119¬03F¬NHS Hull CCG¬01482 335840¬¬https://www.modalitypartnership.nhs.uk/diadem-medical-practice¬01482 335865
3733¬B81054¬GP¬UNKNOWN¬Visible¬True¬True¬Clifton House Medical Centre¬263-265 Beverley Road¬¬¬Hull¬¬HU5 2ST¬53.759494781494141¬-0.34968855977058411¬03F¬NHS Hull CCG¬01482341423¬¬http://www.cliftonhousemedicalcentre.co.uk¬
3734¬B81055¬GP¬UNKNOWN¬Visible¬True¬True¬The Lynton Practice¬Taylors Avenue Medical Centre¬Taylors Avenue¬¬Cleethorpes¬South Humberside¬DN35 0LN¬53.548564910888672¬-3.4716561436653137E-2¬03H¬NHS North East Lincolnshire CCG¬01472572424¬nel.b81055@nhs.net¬¬01472 572429
3736¬B81048004¬GP¬UNKNOWN¬Visible¬True¬True¬Modality Partnership - Springhead Medical Centre¬374 / 376 Willerby Road¬Kingston Upon Hull¬¬Hull¬North Humberside¬HU5 5JT¬53.753215789794922¬-0.41642469167709351¬03F¬NHS Hull CCG¬01482 352263¬¬https://www.modalitypartnership.nhs.uk/springhead-medical-practice¬01482 352480
3739¬B81058¬GP¬UNKNOWN¬Visible¬True¬True¬Sydenham Group Practice¬215 Hessle Road¬¬¬Hull¬East Riding Of Yorkshire¬HU3 4BB¬53.73565673828125¬-0.36092072725296021¬03F¬NHS Hull CCG¬01482335533 (ext. 1)¬¬http://www.sydenhamdoctors.nhs.uk¬01482 335536
3740¬B81060001¬GP¬UNKNOWN¬Visible¬True¬True¬Field House Surgery (Branch Site)¬Chapel Street¬Flamborough¬¬Bridlington¬East Riding Of Yorkshire¬YO15 1LQ¬54.117168426513672¬-0.1249312087893486¬02Y¬NHS East Riding Of Yorkshire CCG¬01262850172¬¬¬
3741¬B81060¬GP¬UNKNOWN¬Visible¬True¬True¬Field House Surgery, Bridlington¬18 Victoria Road¬¬¬Bridlington¬East Riding Of Yorkshire¬YO15 2AT¬54.086601257324219¬-0.19317042827606201¬02Y¬NHS East Riding Of Yorkshire CCG¬01262673362¬fieldhouse.surgery@nhs.net¬¬01262 400218
3742¬B81061001¬GP¬UNKNOWN¬Visible¬True¬True¬The Ridings Medical Group South Cave Surgery¬67 Ferry Road¬South Cave¬¬Brough¬East Riding Of Yorkshire¬HU15 2JG¬53.765220642089844¬-0.62205135822296143¬02Y¬NHS East Riding Of Yorkshire CCG¬01430424764¬theridingsmedicalgroup@nhs.net¬http://www.theridingsmedicalgroup.nhs.uk/¬
3743¬B81061¬GP¬UNKNOWN¬Visible¬True¬True¬The Ridings Medical Group Brough Surgery¬Brough Surgery¬4 Centurion Way¬¬Brough¬¬HU15 1AY¬53.728923797607422¬-0.56760764122009277¬02Y¬NHS East Riding Of Yorkshire CCG¬01482667108¬theridingsmedicalgroup@nhs.net¬http://www.theridingsmedicalgroup.nhs.uk/¬01482 665090
3747¬B81063¬GP¬UNKNOWN¬Visible¬True¬True¬Bridge Street Surgery¬53 Bridge Street¬¬¬Brigg¬South Humberside¬DN20 8NT¬53.551685333251953¬-0.49510619044303894¬03K¬NHS North Lincolnshire CCG¬01652657779¬alison.laming@nhs.net¬http://www.53bridgestreet.net¬01652 659440
3748¬B81063001¬GP¬UNKNOWN¬Visible¬True¬True¬Dr Whitaker & Partners¬8 Brigg Road¬Broughton¬¬Brigg¬South Humberside¬DN20 0JW¬53.565620422363281¬-0.54543787240982056¬03K¬NHS North Lincolnshire CCG¬01652656642¬carole.corringham@nlpct.nhs.uk¬http://www.53bridgestreet.net¬01652 659440
3749¬B81064¬GP¬UNKNOWN¬Visible¬True¬True¬Church Lane Medical Centre¬1 Orchid Rise¬¬¬Scunthorpe¬South Humberside¬DN15 7AN¬53.585460662841797¬-0.66175919771194458¬03K¬NHS North Lincolnshire CCG¬01724853838¬nl.b81064@nhs.net¬http://www.churchlanemcscunthorpe.nhs.uk¬01724 876441
3751¬B81065003¬GP¬UNKNOWN¬Visible¬True¬False¬Skippingdale Health Centre¬Ferry Road West¬¬¬Scunthorpe¬South Humberside¬DN15 8EA¬53.599811553955078¬-0.68158578872680664¬03K¬NHS North Lincolnshire CCG¬01724 748730¬nl.b81065-patients@nhs.net¬http://www.trentviewmedicalpractice.nhs.uk/¬01724 282750
3752¬B81065001¬GP¬UNKNOWN¬Visible¬True¬False¬The Health Centre¬Chancery Lane¬Crowle¬¬Scunthorpe¬South Humberside¬DN17 4HN¬53.607406616210937¬-0.83290129899978638¬03K¬NHS North Lincolnshire CCG¬01724 713920¬nl.b81065-patients@nhs.net¬http://www.trentviewmedicalpractice.nhs.uk/¬01724 711802
3753¬B81065¬GP¬UNKNOWN¬Visible¬True¬False¬Trent View Medical Practice¬45 Trent View¬Keadby¬¬Scunthorpe¬South Humberside¬DN17 3DR¬53.587764739990234¬-0.74092507362365723¬03K¬NHS North Lincolnshire CCG¬01724788000¬nl.b81065-patients@nhs.net¬http://www.trentviewmedicalpractice.nhs.uk/¬01724 784472
3756¬B81068001¬GP¬UNKNOWN¬Visible¬True¬True¬Old Goole Branch¬Alfreds Place¬Swinefleet Road¬¬Goole¬¬DN14 5RL¬53.69580078125¬-0.87257850170135498¬02Y¬NHS East Riding Of Yorkshire CCG¬01405 780422¬¬http://www.bartholomewmedicalgroup.co.uk/¬
3757¬B81068¬GP¬UNKNOWN¬Visible¬True¬True¬Bartholomew Medical Group¬Goole Health Centre¬Woodland Avenue¬¬Goole¬¬DN14 6RU¬53.714839935302734¬-0.87546378374099731¬02Y¬NHS East Riding Of Yorkshire CCG¬01405767711¬¬http://www.bartholomewmedicalgroup.co.uk/¬01405 768212
3758¬B81069¬GP¬UNKNOWN¬Visible¬True¬True¬Practice 3, Medical Centre, Bridlington¬Station Avenue¬¬¬Bridlington¬¬YO16 4LZ¬54.084693908691406¬-0.20103506743907928¬02Y¬NHS East Riding Of Yorkshire CCG¬01262670686¬practice3.bridlington@nhs.net¬¬01262 401685
3759¬B81070¬GP¬UNKNOWN¬Visible¬True¬True¬Practice 1, Medical Centre, Bridlington¬Station Avenue¬¬¬Bridlington¬Humberside¬YO16 4LZ¬54.084693908691406¬-0.20103506743907928¬02Y¬NHS East Riding Of Yorkshire CCG¬01262670683¬¬http://www.practiceonebridlington.co.uk¬01262 401385
3762¬B81074¬GP¬UNKNOWN¬Visible¬True¬True¬Southcoates Medical Centre¬225 New Bridge Road¬¬¬Hull¬East Riding Of Yorkshire¬HU9 2LR¬53.756542205810547¬-0.30680090188980103¬03F¬NHS Hull CCG¬01482335560¬¬http://www.southcoatesmedicalcentre.co.uk¬01482 335562
3763¬B81075¬GP¬UNKNOWN¬Visible¬True¬True¬Hastings Medical Centre¬919 Springbank West¬¬¬Hull¬East Riding Of Yorkshire¬HU5 5BE¬53.749843597412109¬-0.39341208338737488¬03F¬NHS Hull CCG¬01482351219¬¬http://www.hastingsmedical.nhs.uk¬
3764¬B81077¬GP¬UNKNOWN¬Visible¬True¬True¬Woodford Medical Practice¬Freshney Green Primary Care Centre¬Sorrel Road¬¬Grimsby¬Lincolnshire¬DN34 4GB¬53.564434051513672¬-0.11256390064954758¬03H¬NHS North East Lincolnshire CCG¬01472372100¬nel.b81077-patients@nhs.net¬http://www.woodfordmedicalcentre.nhs.uk¬01472 372123
3767¬B81082¬GP¬UNKNOWN¬Visible¬True¬True¬North Beverley Medical Centre¬Pighill Lane Woodhall Way¬¬¬Beverley¬Humberside¬HU17 7JY¬53.857997894287109¬-0.43899303674697876¬02Y¬NHS East Riding Of Yorkshire CCG¬01482882546¬¬http://www.northbeverleymedicalcentre.co.uk/¬01482 886285
3768¬B81101001¬GP¬UNKNOWN¬Visible¬True¬True¬Cottingham Medical Centre (Greengates Medical Group)¬17-19 South Street¬¬¬Cottingham¬¬HU16 4AJ¬53.779705047607422¬-0.41576555371284485¬02Y¬NHS East Riding Of Yorkshire CCG¬01482622740¬eryccg.cottinghammedicalcentre@nhs.net¬http://www.greengatesmedicalgroup.co.uk¬0870 8902501
3769¬B81085¬GP¬UNKNOWN¬Visible¬True¬True¬Burnbrae Surgery¬445 Holderness Road¬¬¬Hull¬Humberside¬HU8 8JS¬53.760383605957031¬-0.30387020111083984¬03F¬NHS Hull CCG¬01482888800¬¬¬01482 780250
3770¬B81087¬GP¬UNKNOWN¬Visible¬True¬True¬Dr Wilson & Partners¬Westward Ho¬¬¬Grimsby¬South Humberside¬DN34 5DX¬53.55743408203125¬-0.10204799473285675¬03H¬NHS North East Lincolnshire CCG¬01472582700¬¬http://www.birkwoodsurgery.nhs.uk¬01472 582701
3771¬B81088¬GP¬UNKNOWN¬Visible¬True¬True¬Howden Medical Centre¬Pinfold Street¬Howden¬¬Goole¬Humberside¬DN14 7DD¬53.744174957275391¬-0.86938881874084473¬02Y¬NHS East Riding Of Yorkshire CCG¬01430430318¬¬http://www.howdenmedicalcentre.nhs.uk¬01430 432050
3772¬B81074002¬GP¬UNKNOWN¬Visible¬True¬True¬City Health Practice Limited- Marfleet¬358 Marfleet Lane¬Kingston Upon Hull¬¬Ashton-Under-Lyne¬Lancashire¬HU9 5AD¬53.759193420410156¬-0.27285033464431763¬03F¬NHS Hull CCG¬01482781032¬¬http://www.marfleetlanesurgery.co.uk¬01482 781048
3773¬B81090¬GP¬UNKNOWN¬Visible¬True¬True¬The Oswald Road Medical Surgery¬78 Oswald Road¬¬¬Scunthorpe¬Lincolnshire¬DN15 7PG¬53.588115692138672¬-0.65338116884231567¬03K¬NHS North Lincolnshire CCG¬01724843168¬¬http://www.oswaldroadmedicalcentre.co.uk¬01724 278867
3774¬B81091¬GP¬UNKNOWN¬Visible¬True¬True¬Littlefield Surgery¬Freshney Green Primary Care Centre¬Sorrel Road¬¬Grimsby¬Lincolnshire¬DN34 4GB¬53.564434051513672¬-0.11256390064954758¬03H¬NHS North East Lincolnshire CCG¬01472246100¬nel.b81091-patients@nhs.net¬http://www.littlefield.nhs.uk/¬01472 246199
3775¬B81092¬GP¬UNKNOWN¬Visible¬True¬False¬The Medical Centre, Driffield¬Cranwell Road¬¬¬Driffield¬Humberside¬YO25 6UH¬54.006256103515625¬-0.43966037034988403¬02Y¬NHS East Riding Of Yorkshire CCG¬01377243055¬¬¬01377 240551
3776¬B81092001¬GP¬UNKNOWN¬Visible¬True¬False¬Wetwang Surgery¬48 Southfield Road¬Wetwang¬¬Driffield¬East Riding Of Yorkshire¬YO25 9XX¬54.018287658691406¬-0.58048892021179199¬02Y¬NHS East Riding Of Yorkshire CCG¬01377243055¬¬¬01377 240551
3777¬B81631002¬GP¬UNKNOWN¬Visible¬True¬True¬Sutton Park Medical Practice¬Littondale¬Sutton Park¬¬Hull¬East Riding Of Yorkshire¬HU7 4BJ¬53.783527374267578¬-0.34287151694297791¬03F¬NHS Hull CCG¬1482824768¬¬http://www.suttonparkmedicalpractice.co.uk/¬
3778¬B81095¬GP¬UNKNOWN¬Visible¬True¬True¬Field View Surgery¬840 Beverley Road¬¬¬Hull¬¬HU6 7HP¬53.780971527099609¬-0.35749721527099609¬03F¬NHS Hull CCG¬01482853270¬hullccg.b81095-prescriptions@nhs.net¬http://www.fieldviewsurgery.nhs.uk/¬01482 854417
3779¬B81097¬GP¬UNKNOWN¬Visible¬True¬True¬DELTA Healthcare¬Park Healthcare Centre¬700 Holderness Road¬¬Kingston Upon Hull¬North Humberside¬HU9 3JR¬53.765045166015625¬-0.29139000177383423¬03F¬NHS Hull CCG¬01482 335234¬¬http://www.deltahealthcare.nhs.uk¬01482 335235
3781¬B81099¬GP¬UNKNOWN¬Visible¬True¬False¬Kirton Lindsey Surgery¬Traingate¬Kirton Lindsey¬Nr Gainsborough¬Gainsborough¬Lincolnshire¬DN21 4PQ¬53.474090576171875¬-0.59405785799026489¬03K¬NHS North Lincolnshire CCG¬01652648214¬¬¬01652 648398
3782¬B81100¬GP¬UNKNOWN¬Visible¬True¬True¬Anlaby Surgery¬East Riding Leisure Centre Haltemprice¬110 Springfield Way¬Anlaby¬Hull¬East Riding Of Yorkshire¬HU10 6QJ¬53.748497009277344¬-0.43431976437568665¬02Y¬NHS East Riding Of Yorkshire CCG¬01482658918¬¬http://www.anlabysurgery.co.uk/default.asp¬01482 655205
3783¬B81101¬GP¬UNKNOWN¬Visible¬True¬True¬Greenwood Avenue Surgery (Greengates Medical Group)¬Greenwood Avenue Surgery¬25 Greenwood Avenue¬¬Beverley¬Yorkshire(East Riding)¬HU17 0HB¬53.844345092773438¬-0.41847899556159973¬02Y¬NHS East Riding Of Yorkshire CCG¬01482881517¬¬http://www.greengatesmedicalgroup.co.uk¬
3784¬B81101004¬GP¬UNKNOWN¬Visible¬True¬True¬Minstergate Surgery (Greengates Medical Group)¬Lincoln Way¬¬¬Beverley¬¬HU17 8RH¬53.829788208007812¬-0.43466305732727051¬02Y¬NHS East Riding Of Yorkshire CCG¬01482 881824¬¬http://www.greengatesmedicalgroup.co.uk¬
3785¬B81104¬GP¬UNKNOWN¬Visible¬True¬True¬Dr Lorences & Milazzo¬Raines House¬187 Cottingham Road¬¬Hull¬Yorkshire(East Riding)¬HU5 2EG¬53.768795013427734¬-0.36835095286369324¬03F¬NHS Hull CCG¬01482492219¬b81104.nayar@nhs.net¬http://www.newlandhealthcentre-hull.nhs.uk¬
3786¬B81108¬GP¬UNKNOWN¬Visible¬True¬True¬Dr A Sinha Surgery¬Cromwell Road¬¬¬Grimsby¬Lincolnshire¬DN31 2BH¬53.56768798828125¬-0.10850772261619568¬03H¬NHS North East Lincolnshire CCG¬01472344989¬vicky.lane@nhs.net¬http://www.sinhadegp.nhs.uk/¬01472 255640
3787¬B81108001¬GP¬UNKNOWN¬Visible¬True¬True¬The Old Alehouse¬6 Caistor Road. Laceby.¬North East Lincolnshire¬¬Grimsby¬Humberside¬DN37 7HX¬53.540740966796875¬-0.16883948445320129¬03H¬NHS North East Lincolnshire CCG¬01472873971¬¬http://www.sinhadegp.nhs.uk/¬
3789¬B81109001¬GP¬UNKNOWN¬Visible¬True¬False¬Dr Rai & Partners¬27 Brooklands Avenue¬Brigg¬¬Broughton¬South Humberside¬DN20 0DY¬53.568321228027344¬-0.55232185125350952¬03K¬NHS North Lincolnshire CCG¬01652652685¬michelle.slimm@nhs.net¬http://www.riversidesurgerygps.co.uk¬01652 650058
3790¬B81109¬GP¬UNKNOWN¬Visible¬True¬False¬Riverside Surgery¬Barnard Avenue¬Brigg¬S Humberside¬South Humberside¬Lincolnshire¬DN20 8AS¬53.553585052490234¬-0.49180829524993896¬03K¬NHS North Lincolnshire CCG¬01652650131¬¬http://www.riversidesurgerygps.co.uk¬01652 651551
3791¬B81112¬GP¬UNKNOWN¬Visible¬True¬True¬James Alexander Family Practice¬Bransholme South Health Centre¬Goodhart Road¬Bransholme¬Hull¬East Riding Of Yorkshire¬HU7 4DW¬53.787406921386719¬-0.32134529948234558¬03F¬NHS Hull CCG¬01482336020¬¬http://www.jamesalexanderfamilypractice.uk¬
3792¬B81113001¬GP¬UNKNOWN¬Visible¬True¬True¬CEDAR MEDICAL PRACTICE Branch Surgery ¬Ironstone Centre¬West Street¬Scunthorpe¬Scunthorpe¬South Humberside¬DN15 6HX¬53.592365264892578¬-0.65238481760025024¬03K¬NHS North Lincolnshire CCG¬01724292011¬¬http://www.cedarmedicalpractice.co.uk/¬
3793¬B81113¬GP¬UNKNOWN¬Visible¬True¬True¬Cedar Medical Practice¬275 Ashby Road¬¬¬Scunthorpe¬Lincolnshire¬DN16 2AB¬53.570915222167969¬-0.65527176856994629¬03K¬NHS North Lincolnshire CCG¬01724843375¬¬http://www.cedarmedicalpractice.co.uk/¬
3794¬B81118¬GP¬UNKNOWN¬Visible¬True¬True¬West Common Lane Teaching Practice¬Dorchester Road¬¬¬Scunthorpe¬South Humberside¬DN17 1YH¬53.574733734130859¬-0.68242645263671875¬03K¬NHS North Lincolnshire CCG¬01724877744¬¬http://www.westcommonlane.nhs.uk¬
3795¬B81119¬GP¬UNKNOWN¬Visible¬True¬True¬Goodheart Surgery¬Bransholme South Health Centre¬Goodhart Road¬Bransholme¬Hull¬¬HU7 4DW¬53.787406921386719¬-0.32134529948234558¬03F¬NHS Hull CCG¬01482336700¬¬http://www.goodheartsurgerybransholme.nhs.uk¬01482 820707
3797¬B81101003¬GP¬UNKNOWN¬Visible¬True¬True¬Beverley & Molescroft Surgery (Greengates Medical Group)¬30 Lockwood Road¬¬¬Beverley¬¬HU17 9GQ¬53.856903076171875¬-0.43305820226669312¬02Y¬NHS East Riding Of Yorkshire CCG¬01482888690¬¬http://www.greengatesmedicalgroup.co.uk¬
3799¬B81603¬GP¬UNKNOWN¬Visible¬True¬True¬Weelsby View Health Centre¬Ladysmith Road¬¬¬Grimsby¬South Humberside¬DN32 9SW¬53.557266235351563¬-6.6170044243335724E-2¬03H¬NHS North East Lincolnshire CCG¬01472255111¬¬http://www.theroxtonpractice.nhs.uk¬01472 255125
3800¬B81606001¬GP¬UNKNOWN¬Visible¬True¬True¬Dr Mathews¬Cromwell Road¬¬¬Grimsby¬South Humberside¬DN31 2BH¬53.56768798828125¬-0.10850772261619568¬03H¬NHS North East Lincolnshire CCG¬01472255610¬chelcie.arnold@nhs.net¬http://www.drmathewsgp.nhs.uk¬01472255611
3801¬B81606¬GP¬UNKNOWN¬Visible¬True¬True¬Stirling Medical Centre (Mathews)¬Stirling Street¬¬¬Grimsby¬South Humberside¬DN31 3AE¬53.573513031005859¬-5.9024691581726074E-2¬03H¬NHS North East Lincolnshire CCG¬01472721650¬nel.b81606@nhs.net¬http://www.drmathewgp.nhs.uk¬
3802¬B81616¬GP¬UNKNOWN¬Visible¬True¬True¬Dr Gt Hendow's Practice¬Bransholme South Health Centre¬Goodhart Road¬Bransholme¬Hull¬East Riding Of Yorkshire¬HU7 4DW¬53.787406921386719¬-0.32134529948234558¬03F¬NHS Hull CCG¬01482825438¬¬¬
3803¬B81617001¬GP¬UNKNOWN¬Visible¬True¬True¬The Birches Medical Practice¬Ashby Clinic¬Collum Lane¬¬Scunthorpe¬South Humberside¬DN16 2SZ¬53.568264007568359¬-0.64721667766571045¬03K¬NHS North Lincolnshire CCG¬01724742400¬nl.b81617@nhs.net¬http://www.thebirchesmedicalpractice.co.uk/¬01724 742411
3804¬B81617¬GP¬UNKNOWN¬Visible¬True¬True¬The Birches Medical Practice¬Ironstone Centre¬West Street¬¬Scunthorpe¬South Humberside¬DN15 6HX¬53.592006683349609¬-0.65217548608779907¬03K¬NHS North Lincolnshire CCG¬01724292022¬nl.b81617@nhs.net¬http://www.thebirchesmedicalpractice.co.uk/¬01724 292023
3805¬B81619¬GP¬UNKNOWN¬Visible¬True¬True¬Park View Surgery¬87 Beverley Road¬¬¬Hessle¬¬HU13 9AJ¬53.729789733886719¬-0.43581828474998474¬02Y¬NHS East Riding Of Yorkshire CCG¬01482648552¬¬https://parkviewsurgery-hessle.co.uk/¬01482 642600
3806¬B81620¬GP¬UNKNOWN¬Visible¬True¬True¬Blundell Park Surgery¬142-144 Grimsby Road¬Cleethorpes Dn35 7Dl¬¬Cleethorpes¬Lincolnshire¬DN35 7DL¬53.568511962890625¬-0.04721745103597641¬03H¬NHS North East Lincolnshire CCG¬01472691606¬¬http://www.blundellparksurgery.nhs.uk/¬01472 290057
3807¬B81101002¬GP¬UNKNOWN¬Visible¬True¬True¬Walkergate Surgery (Greengates Medical Group)¬117-119 Walkergate¬¬¬Beverley¬¬HU17 9BP¬53.842514038085938¬-0.42909646034240723¬02Y¬NHS East Riding Of Yorkshire CCG¬01482881298¬¬http://www.greengatesmedicalgroup.co.uk¬01482 861791
3808¬B81628¬GP¬UNKNOWN¬Visible¬True¬False¬Barnetby Medical Centre¬Victoria Road¬Barnetby-Le-Wold¬¬Barnetby¬North Lincolnshire¬DN38 6HZ¬53.574131011962891¬-0.40356981754302979¬03K¬NHS North Lincolnshire CCG¬01652688203¬¬http://www.barnetby-medical-centre.com¬01652 680841
3809¬B81631¬GP¬UNKNOWN¬Visible¬True¬True¬Highlands Health Centre¬Lothian Way¬Bransholme¬¬Hull¬Humberside¬HU7 5DD¬53.805595397949219¬-0.32652640342712402¬03F¬NHS Hull CCG¬01482835880¬¬¬
3812¬B81635¬GP¬UNKNOWN¬Visible¬True¬True¬Laurbel Surgery¬14 Main Road¬Bilton¬¬Hull¬¬HU11 4AR¬53.778461456298828¬-0.2570037841796875¬03F¬NHS Hull CCG¬01482814121¬hull.b81635@nhs.net¬http://www.laurbelsurgery.nhs.uk¬
3813¬B81642¬GP¬UNKNOWN¬Visible¬True¬True¬Dr Qureshi's Surgery¬Taylors Avenue Medical Centre¬146 Taylors Avenue¬¬Cleethorpes¬South Humberside¬DN35 0LN¬53.548564910888672¬-3.4716561436653137E-2¬03H¬NHS North East Lincolnshire CCG¬01472572400¬jane.lond@nhs.net¬¬01472 572412
3816¬B81645¬GP¬UNKNOWN¬Visible¬True¬True¬East Park Practice¬700 Holderness Road¬Kingston Upon Hull¬¬Hull¬East Riding Of Yorkshire¬HU9 3JA¬53.7642822265625¬-0.29281988739967346¬03F¬NHS Hull CCG¬1482344190¬teresa.mountain@gp-b81645.nhs.uk¬http://www.eastparkpractice.nhs.uk¬01482 344 196
3817¬B81647¬GP¬UNKNOWN¬Visible¬True¬True¬West Town Surgery¬80 High Street¬Barton On Humber¬¬Barton Upon Humber¬Lincolnshire¬DN18 5PU¬53.685733795166016¬-0.44384193420410156¬03K¬NHS North Lincolnshire CCG¬01652660041¬nl.b81647@nhs.net¬http://www.westtownsurgery.nhs.uk/¬01652 636005
3818¬B81648¬GP¬UNKNOWN¬Visible¬True¬False¬The Killingholme Surgery¬Town Street¬South Killingholme¬¬Immingham¬South Humberside¬DN40 3EL¬53.629909515380859¬-0.26031953096389771¬03K¬NHS North Lincolnshire CCG¬01469540786¬angela.elsom@nhs.net¬¬01469 541717
3819¬B81653¬GP¬UNKNOWN¬Visible¬True¬True¬Dr Jannette Robson¬The Chestnuts¬45 Thwaite Street¬¬Cottingham¬Humberside¬HU16 4QX¬53.778984069824219¬-0.40360575914382935¬02Y¬NHS East Riding Of Yorkshire CCG¬01482847250¬chestnuts.chestnuts@nhs.net¬http://www.thechestnutssurgery.co.uk/¬01482 848173
3820¬B81655¬GP¬UNKNOWN¬Visible¬True¬True¬Greenlands Surgery, ¬Greenlands Avenue¬New Waltham¬¬Grimsby¬¬DN36 4QG¬53.524269104003906¬-6.4294211566448212E-2¬03H¬NHS North East Lincolnshire CCG¬01472220333¬nel.b81655@nhs.net¬http://www.greenlandssurgery.co.uk¬01472 721644
3821¬B81655002¬GP¬UNKNOWN¬Visible¬True¬True¬Greenlands Surgery¬Stirling Street Medical Centre¬Stirling Medical Centre¬¬Grimsby¬South Humberside¬DN31 3AE¬53.573513031005859¬-5.9024691581726074E-2¬03H¬NHS North East Lincolnshire CCG¬01472721637¬nel.b81655@nhs.net¬http://www.greenlandssurgery.co.uk¬01472 721644
3822¬B81656¬GP¬UNKNOWN¬Visible¬True¬True¬Raj Medical Centre¬Laceby Road¬¬¬Grimsby¬Lincolnshire¬DN34 5LP¬53.550632476806641¬-0.11394818872213364¬03H¬NHS North East Lincolnshire CCG¬01472752300¬kim.hall1@nhs.net¬http://www.rajmedicalgp.nhs.uk/¬01472 875139
3823¬B81658¬GP¬UNKNOWN¬Visible¬True¬True¬Peeler House Surgery¬1 Ferriby Road¬¬¬Hessle¬East Riding Of Yorkshire¬HU13 0RG¬53.722476959228516¬-0.43897008895874023¬02Y¬NHS East Riding Of Yorkshire CCG¬01482646581¬¬¬01482 645509
3824¬B81663¬GP¬UNKNOWN¬Visible¬True¬True¬Core Care Family Practice ¬Cromwell Primary Care Centre¬Cromwell Road¬¬Grimsby¬Lincolnshire¬DN31 2BH¬53.56768798828125¬-0.10850772261619568¬03H¬NHS North East Lincolnshire CCG¬01472 255600¬nel.b81663@nhs.net¬https://www.corecarefamilypractice.co.uk¬01472 255609
3825¬B81664¬GP¬UNKNOWN¬Visible¬True¬True¬Pelham Medical Group¬Stirling Medical Centre¬Stirling Street¬¬Grimsby¬South Humberside¬DN31 3AE¬53.573513031005859¬-5.9024691581726074E-2¬03H¬NHS North East Lincolnshire CCG¬01472353303¬enquiries.pelham@nhs.net¬http://www.pelhammedicalcentre.nhs.uk/¬01472 264993
3826¬B81665¬GP¬UNKNOWN¬Visible¬True¬True¬Healing Partnership¬Wisteria Drive¬Healing¬¬Grimsby¬South Humberside¬DN41 7JB¬53.577709197998047¬-0.17184922099113464¬03H¬NHS North East Lincolnshire CCG¬01472280221¬shineythomas@nhs.net¬¬
3827¬B81666¬GP¬UNKNOWN¬Visible¬True¬True¬Dr Robert Mitchell¬15 School Lane¬¬¬North Ferriby¬Yorkshire(East Riding)¬HU14 3DB¬53.720748901367188¬-0.50356572866439819¬02Y¬NHS East Riding Of Yorkshire CCG¬01482634004¬¬http://www.drmitchell.co.uk/¬
3831¬B81675¬GP¬UNKNOWN¬Visible¬True¬True¬Newington Healthcare Ctr¬2 Plane Street¬Anlaby Road¬Kingston Upon Hull¬Hull¬East Riding Of Yorkshire¬HU3 6BX¬53.741950988769531¬-0.37809485197067261¬03F¬NHS Hull CCG¬01482336111¬¬¬01482 336115
3833¬B81677¬GP¬UNKNOWN¬Visible¬True¬True¬Weelsby View Health Centre - Drs Chalmers And Meier¬Weelsby View Health Centre¬Ladysmith Road¬¬Grimsby¬South Humberside¬DN32 9SW¬53.557266235351563¬-6.6170044243335724E-2¬03H¬NHS North East Lincolnshire CCG¬01472255166¬¬http://www.theroxtonpractice.nhs.uk¬
3838¬B81018001¬GP¬UNKNOWN¬Visible¬True¬True¬Orchard 2000 Group - Bransholme¬Bransholme South Health Centre¬Goodhart Road¬Bransholme¬Hull¬East Riding Of Yorkshire¬HU7 4DW¬53.787406921386719¬-0.32134529948234558¬03F¬NHS Hull CCG¬1482344184¬¬¬01482 344189
3840¬B81688¬GP¬UNKNOWN¬Visible¬True¬True¬Dr Kuruppath Venugopalan¬Bransholme South Health Centre¬Goodhart Road¬Bransholme¬Hull¬East Riding Of Yorkshire¬HU7 4DW¬53.787406921386719¬-0.32134529948234558¬03F¬NHS Hull CCG¬01482823232¬¬¬
3843¬B81017002¬GP¬UNKNOWN¬Visible¬True¬True¬City Health Practice - The Quays¬Wilberforce Health Centre¬2nd Floor, 6 - 10 Story Street¬¬Hull¬¬HU1 3SA¬53.746219635009766¬-0.34208035469055176¬03F¬NHS Hull CCG¬01482 335335¬¬http://www.thequayshull.co.uk¬01482 335339
3845¬B81697¬GP¬UNKNOWN¬Visible¬True¬True¬Dr P Suresh Babu¬Ladysmith Road¬¬¬Grimsby¬South Humberside¬DN32 9EF¬53.564094543457031¬-6.9225959479808807E-2¬03H¬NHS North East Lincolnshire CCG¬01472255211¬jayne.bilton@nelpct.nhs.uk¬¬01472 255202
3847¬B82038002¬GP¬UNKNOWN¬Visible¬True¬True¬Falsgrave Surgery¬Lawrence House Medical Centre¬1 Belgrave Crescent¬¬Scarborough¬North Yorkshire¬YO11 1UB¬54.277309417724609¬-0.40970015525817871¬42D¬NHS North Yorkshire CCG¬01723360835¬scrccg.pt-relationsb82038@nhs.net¬http://www.falsgravesurgery.co.uk¬
3848¬B82002¬GP¬UNKNOWN¬Visible¬True¬True¬Millfield Surgery¬Millfield Lane¬Easingwold¬¬York¬North Yorkshire¬YO61 3JR¬54.125129699707031¬-1.1924018859863281¬03Q¬NHS Vale Of York CCG¬01347821557¬¬http://www.millfieldsurgery.co.uk/¬01347 823456
3851¬B82004¬GP¬UNKNOWN¬Visible¬True¬False¬Nidderdale Group Practice¬Feastfield Medical Centre¬King Street¬¬Harrogate¬North Yorkshire¬HG3 5AT¬54.086616516113281¬-1.7609227895736694¬42D¬NHS North Yorkshire CCG¬01423711369¬¬http://www.nidderdalegrouppractice.co.uk¬01423 712482
3852¬B82004001¬GP¬UNKNOWN¬Visible¬True¬False¬The Grange Medical Centre¬Dacre Banks¬¬¬Harrogate¬North Yorkshire¬HG3 4DX¬54.053653717041016¬-1.7015244960784912¬42D¬NHS North Yorkshire CCG¬01423780436¬¬http://www.nidderdalegrouppractice.co.uk¬01423 781416
3853¬B82004002¬GP¬UNKNOWN¬Visible¬True¬False¬Spring Gables Surgery¬Clint Bank¬Birstwith¬¬Harrogate¬North Yorkshire¬HG3 3AJ¬54.034431457519531¬-1.6255059242248535¬42D¬NHS North Yorkshire CCG¬01423770202¬¬http://www.nidderdalegrouppractice.co.uk¬01423 771403
3854¬B82005004¬GP¬UNKNOWN¬Visible¬True¬True¬Heworth Green Surgery¬45 Heworth Green¬¬¬York¬North Yorkshire¬YO31 7SX¬53.965709686279297¬-1.0715669393539429¬03Q¬NHS Vale Of York CCG¬01904 404100¬¬http://www.priorymedical.com¬01904 431099
3855¬B82005¬GP¬UNKNOWN¬Visible¬True¬True¬Priory Medical Group¬Priory Medical Centre¬Cornlands Road¬¬York¬North Yorkshire¬YO24 3WX¬53.949390411376953¬-1.1294195652008057¬03Q¬NHS Vale Of York CCG¬01904 404100¬¬http://www.priorymedical.com¬01904 784886
3856¬B82005005¬GP¬UNKNOWN¬Visible¬True¬True¬Fulford Surgery¬2 Fulford Park¬Fulford¬¬York¬North Yorkshire¬YO10 4QE¬53.9371337890625¬-1.0756286382675171¬03Q¬NHS Vale Of York CCG¬01904 404100¬¬http://www.priorymedical.com¬01904 671539
3857¬B82005001¬GP¬UNKNOWN¬Visible¬True¬True¬Clementhorpe Health Centre¬Cherry Street¬¬¬York¬North Yorkshire¬YO23 1AP¬53.951839447021484¬-1.0828921794891357¬03Q¬NHS Vale Of York CCG¬01904 404100¬¬http://www.priorymedical.com¬01904 656879
3858¬B82005003¬GP¬UNKNOWN¬Visible¬True¬True¬Rawcliffe Surgery¬1 Belcombe Way¬¬¬York¬North Yorkshire¬YO30 6ND¬53.974071502685547¬-1.0975589752197266¬03Q¬NHS Vale Of York CCG¬01904 404100¬¬http://www.priorymedical.com¬01904 656879
3859¬B82005002¬GP¬UNKNOWN¬Visible¬True¬True¬Lavender Grove Surgery¬Lavender Grove¬¬¬York¬North Yorkshire¬YO26 5RX¬53.964187622070313¬-1.1161093711853027¬03Q¬NHS Vale Of York CCG¬01904 404100¬¬http://www.priorymedical.com¬01904 780546
3861¬B82007001¬GP¬UNKNOWN¬Visible¬True¬False¬Hellifield Surgery¬The Old Co-Op Hall¬Main Road¬¬Hellifield¬North Yorkshire¬BD23 4JY¬54.004528045654297¬-2.2229433059692383¬36J¬NHS Bradford District And Craven CCG¬01729822611¬¬http://www.townheadsurgery.nhs.uk/¬
3862¬B82007¬GP¬UNKNOWN¬Visible¬True¬False¬Townhead Surgery¬Townhead¬¬¬Settle¬North Yorkshire¬BD24 9JA¬54.070537567138672¬-2.2768878936767578¬36J¬NHS Bradford District And Craven CCG¬01729822611¬¬http://www.townheadsurgery.nhs.uk/welcome,39138.htm¬01729 892916
3863¬B82008¬GP¬UNKNOWN¬Visible¬True¬True¬North House Surgery¬North House¬¬¬Ripon¬North Yorkshire¬HG4 1HL¬54.139049530029297¬-1.5239852666854858¬42D¬NHS North Yorkshire CCG¬01765690666¬¬http://www.northhousesurgery.co.uk¬01765 690249
3864¬B82010¬GP¬UNKNOWN¬Visible¬True¬True¬Ripon Spa Surgery¬Park Street¬¬¬Ripon¬North Yorkshire¬HG4 2BE¬54.136165618896484¬-1.5270640850067139¬42D¬NHS North Yorkshire CCG¬01765692366¬¬http://www.riponspasurgery.co.uk¬01765 606440
3865¬B82011001¬GP¬UNKNOWN¬Visible¬True¬True¬Sherburn & Rillington Practice - Rillington Practice¬43 Scarborough Road¬Rillington¬¬Malton¬North Yorkshire¬YO17 8LQ¬54.159503936767578¬-0.69171875715255737¬42D¬NHS North Yorkshire CCG¬01944758325¬¬https://www.srpractice.co.uk¬01944 758382
3866¬B82011003¬GP¬UNKNOWN¬Visible¬True¬True¬Sherburn Surgery-Branch 4¬Village Hall¬Staxton¬¬Scarborough¬North Yorkshire¬YO12 4SF¬54.197944641113281¬-0.44852876663208008¬42D¬NHS North Yorkshire CCG¬01944701226¬¬¬01944 710817
3867¬B82011¬GP¬UNKNOWN¬Visible¬True¬True¬Sherburn & Rillington Practice - Sherburn Surgery¬50 St. Hildas Street¬Sherburn¬¬Malton¬North Yorkshire¬YO17 8PH¬54.181728363037109¬-0.53147006034851074¬42D¬NHS North Yorkshire CCG¬01944710226¬¬http://www.srpractice.co.uk¬01944 710817
3868¬B82012001¬GP¬UNKNOWN¬Visible¬True¬True¬The Leeds Road Practice¬37 Station Road¬Pannal¬¬Harrogate¬North Yorkshire¬HG3 1JN¬53.959064483642578¬-1.5337179899215698¬42D¬NHS North Yorkshire CCG¬01423566636¬¬¬
3870¬B82012002¬GP¬UNKNOWN¬Visible¬True¬True¬The Leeds Road Practice¬Castle Street¬Spofforth¬¬Harrogate¬North Yorkshire¬HG3 1AP¬53.954524993896484¬-1.4490410089492798¬42D¬NHS North Yorkshire CCG¬01423566636¬¬¬
3871¬B82012¬GP¬UNKNOWN¬Visible¬True¬True¬The Leeds Road Practice¬49-51 Leeds Road¬Harrogate¬N Yorkshire¬Harrogate¬North Yorkshire¬HG2 8AY¬53.97955322265625¬-1.5347913503646851¬42D¬NHS North Yorkshire CCG¬01423566636¬leedsroadpractice@nhs.net¬http://www.leeds-road-practice.co.uk¬01423 569208
3872¬B82013¬GP¬UNKNOWN¬Visible¬True¬True¬The Moss Practice¬28-30 Kings Road¬¬¬Harrogate¬North Yorkshire¬HG1 5JP¬53.995540618896484¬-1.5421426296234131¬42D¬NHS North Yorkshire CCG¬01423560261¬¬http://www.drmoss-harrogate.nhs.uk¬
3873¬B82014¬GP¬UNKNOWN¬Visible¬True¬True¬Kingswood Surgery¬14 Wetherby Road¬¬¬Harrogate¬North Yorkshire¬HG2 7SA¬53.991497039794922¬-1.517035961151123¬42D¬NHS North Yorkshire CCG¬01423887733¬¬https://www.kingswooddoctors.co.uk/¬01423 814443
3874¬B82016¬GP¬UNKNOWN¬Visible¬True¬True¬East Parade Surgery¬Mowbray Square Medical Centre¬¬¬Harrogate¬North Yorkshire¬HG1 5AR¬53.996356964111328¬-1.5297778844833374¬42D¬NHS North Yorkshire CCG¬01423566574¬¬www.eastparadesurgery.co.uk¬01423 568015
3875¬B82017¬GP¬UNKNOWN¬Visible¬True¬True¬Whitby Group Practice¬Spring Vale Medical Ctr.¬¬¬Whitby¬North Yorkshire¬YO21 1SD¬54.485919952392578¬-0.62315428256988525¬42D¬NHS North Yorkshire CCG¬01947 820888¬¬http://www.whitbygrouppractice.nhs.uk/¬01947 824100
3876¬B82017001¬GP¬UNKNOWN¬Visible¬True¬True¬Whitby Group Practice: branch surgery (Robin Hood's Bay)¬Station Road¬Robin Hoods Bay¬¬Whitby¬North Yorkshire¬YO22 4RA¬54.435111999511719¬-0.53598964214324951¬42D¬NHS North Yorkshire CCG¬01947 880230¬¬http://www.whitbygrouppractice.nhs.uk¬01947 881022
3877¬B82018¬GP¬UNKNOWN¬Visible¬True¬False¬Escrick Surgery¬4 Main Street¬Escrick¬¬York¬North Yorkshire¬YO19 6LE¬53.879875183105469¬-1.0476998090744019¬03Q¬NHS Vale Of York CCG¬01904728243¬¬http://www.escricksurgeryyork.co.uk¬01904 728826
3878¬B82019¬GP¬UNKNOWN¬Visible¬True¬True¬Topcliffe Surgery¬Long Street¬Topcliffe¬¬Thirsk¬North Yorkshire¬YO7 3RP¬54.177791595458984¬-1.3846886157989502¬42D¬NHS North Yorkshire CCG¬01845577297¬¬http://www.topcliffesurgery.co.uk¬01845 577128
3879¬B82020¬GP¬UNKNOWN¬Visible¬True¬True¬Cross Hills Group Practice ¬Holme Lane¬Cross Hills¬¬Keighley¬West Yorkshire¬BD20 7LG¬53.900234222412109¬-1.9909695386886597¬36J¬NHS Bradford District And Craven CCG¬01535637900¬¬https://www.modalitypartnership.nhs.uk/cross-hills-group-practice¬
3880¬B82021¬GP¬UNKNOWN¬Visible¬True¬True¬Dalton Terrace Surgery¬Glentworth¬Dalton Terrace¬¬York¬North Yorkshire¬YO24 4DB¬53.952144622802734¬-1.0965518951416016¬03Q¬NHS Vale Of York CCG¬01904658542¬¬http://www.daltonterracesurgery.nhs.uk/¬01904 671979
3881¬B82022¬GP¬UNKNOWN¬Visible¬True¬True¬Great Ayton Health Centre¬The Health Centre¬Rosehill¬Great Ayton¬Middlesbrough¬Cleveland¬TS9 6BL¬54.489761352539063¬-1.1326621770858765¬42D¬NHS North Yorkshire CCG¬01642723421¬¬¬01642 724575
3882¬B82023001¬GP¬UNKNOWN¬Visible¬True¬True¬Colburn Medical Practice¬The Broadway¬Colburn¬¬Catterick Garrison¬North Yorkshire¬DL9 4GA¬54.379192352294922¬-1.6833587884902954¬42D¬NHS North Yorkshire CCG¬01748830500¬¬http://www.catterickandcolburnmedicalgroup.co.uk/¬01748 835408
3883¬B82023¬GP¬UNKNOWN¬Visible¬True¬True¬Catterick Village Surgery¬The Health Centre¬High Street¬Catterick Village¬Richmond¬North Yorkshire¬DL10 7LD¬54.378383636474609¬-1.6320526599884033¬42D¬NHS North Yorkshire CCG¬01748811475¬¬¬01748 818284
3884¬B82024¬GP¬UNKNOWN¬Visible¬True¬True¬Eastfield Medical Centre¬14 High Street¬Eastfield¬¬Scarborough¬North Yorkshire¬YO11 3LJ¬54.238895416259766¬-0.3975360095500946¬42D¬NHS North Yorkshire CCG¬01723582297¬¬http://www.eastfieldmedicalcentre.co.uk/¬01723 582528
3885¬B82025¬GP¬UNKNOWN¬Visible¬True¬True¬Derwent Practice¬Norton Road¬Norton¬¬Malton¬North Yorkshire¬YO17 9RF¬54.132583618164062¬-0.79771244525909424¬42D¬NHS North Yorkshire CCG¬01653600069¬¬http://www.derwentpractice.com¬01653 698014
3886¬B82026¬GP¬UNKNOWN¬Visible¬True¬True¬Haxby Group Practice ¬Haxby & Wigginton Health Centre¬¬¬York¬North Yorkshire¬YO32 2LL¬54.019321441650391¬-1.0818972587585449¬03Q¬NHS Vale Of York CCG¬01904928008¬haxbygroup.york@nhs.net¬http://haxbygroup.co.uk/¬01904 750168
3887¬B82026003¬GP¬UNKNOWN¬Visible¬True¬True¬Haxby Group Practice, Stockton on the Forest Surgery¬36 The Village¬Stockton On The Forest¬¬York¬North Yorkshire¬YO32 9UQ¬53.993289947509766¬-1.0048453807830811¬03Q¬NHS Vale Of York CCG¬01904928008¬¬http://haxbygroup.co.uk¬01904 750168
3888¬B82026002¬GP¬UNKNOWN¬Visible¬True¬True¬Haxby Group Practice, Huntington Surgery¬1 North Lane¬Huntington¬¬York¬North Yorkshire¬YO32 9RU¬53.998748779296875¬-1.0551648139953613¬03Q¬NHS Vale Of York CCG¬01904928008¬¬http://haxbygroup.co.uk¬01904 750168
3889¬B82026001¬GP¬UNKNOWN¬Visible¬True¬True¬Haxby Group Practice, New Earswick Surgery¬Haxby Group York¬White Rose Avenue¬New Earswick¬York¬North Yorkshire¬YO32 4AG¬53.989727020263672¬-1.0764930248260498¬03Q¬NHS Vale Of York CCG¬01904928008¬¬http://haxbygroup.co.uk¬01904 750168
3890¬B82027¬GP¬UNKNOWN¬Visible¬True¬True¬The Spa Surgery¬Mowbray Square Medical Centre¬¬¬Harrogate¬North Yorkshire¬HG1 5AR¬53.996356964111328¬-1.5297778844833374¬42D¬NHS North Yorkshire CCG¬01423503218¬¬http://www.thespasurgery.co.uk¬01423 562665
3891¬B82028¬GP¬UNKNOWN¬Visible¬True¬True¬Fisher Medical Centre¬Millfields¬Coach Street¬¬Skipton¬North Yorkshire¬BD23 1EU¬53.961658477783203¬-2.0216023921966553¬36J¬NHS Bradford District And Craven CCG¬01756 799622¬¬https://www.modalitypartnership.nhs.uk/fisher-medical-centre¬01756 796194
3892¬B82028001¬GP¬UNKNOWN¬Visible¬True¬True¬Gargrave Surgery¬Higherlands Close¬Gargrave¬¬Skipton¬North Yorkshire¬BD23 3RF¬53.984943389892578¬-2.1069560050964355¬36J¬NHS Bradford District And Craven CCG¬01756 749226¬¬http://www.fishermedicalcentre.nhs.uk¬01756 796194
3893¬B82029¬GP¬UNKNOWN¬Visible¬True¬False¬Doctors Lane Surgery¬Aldbrough St. John¬¬¬Richmond¬North Yorkshire¬DL11 7TH¬54.49652099609375¬-1.684630274772644¬42D¬NHS North Yorkshire CCG¬01325374332¬¬¬01325 374063
3894¬B82030¬GP¬UNKNOWN¬Visible¬True¬True¬The Holroyd Surgery¬Kirkby Malzeard¬¬¬Ripon¬North Yorkshire¬HG4 3SE¬54.163997650146484¬-1.650052547454834¬42D¬NHS North Yorkshire CCG¬01765658298¬hardccg.drakesterpractice@nhs.net¬http://kirbyandmashamsurgeries.co.uk¬01765 658846
3895¬B82030001¬GP¬UNKNOWN¬Visible¬True¬True¬Masham Branch Surgery¬Market Square¬Masham¬¬Ripon¬North Yorkshire¬HG4 4DZ¬54.221885681152344¬-1.6560205221176147¬42D¬NHS North Yorkshire CCG¬01765689317¬hardccg.drakesterpractice@nhs.net¬http://www.kirbyandmashamsurgeries.co.uk¬01765 689993
3897¬B82031¬GP¬UNKNOWN¬Visible¬True¬True¬Sherburn Group Practice¬The Medical Centre¬Beech Grove¬¬Leeds¬West Yorkshire¬LS25 6ED¬53.798595428466797¬-1.2535035610198975¬03Q¬NHS Vale Of York CCG¬01977682208¬¬http://www.sherburnsurgery.org.uk¬01977 681665
3899¬B82032¬GP¬UNKNOWN¬Visible¬True¬True¬Church Lane Surgery¬Church Lane¬Boroughbridge¬¬York¬North Yorkshire¬YO51 9BD¬54.093551635742188¬-1.3936262130737305¬42D¬NHS North Yorkshire CCG¬01423322309¬¬¬01423 324458
3900¬B82032002¬GP¬UNKNOWN¬Visible¬True¬True¬Church Lane Surgery¬Main Street¬¬¬Helperby¬North Yorkshire¬YO61 2NS¬54.123874664306641¬-1.3309395313262939¬42D¬NHS North Yorkshire CCG¬01423360296¬¬¬
3901¬B82033¬GP¬UNKNOWN¬Visible¬True¬True¬Pickering Medical Practice¬Southgate¬¬¬Pickering¬North Yorkshire¬YO18 8BL¬54.245018005371094¬-0.78172367811203003¬03Q¬NHS Vale Of York CCG¬01751471296¬voyccg.pickering-b82033@nhs.net¬http://www.pickeringmedicalpractice.co.uk¬01751 471290
3902¬B82033001¬GP¬UNKNOWN¬Visible¬True¬True¬Stonedale Surgery¬5 Whitbygate¬Thornton Le Dale¬¬Pickering¬North Yorkshire¬YO18 7RY¬54.237205505371094¬-0.72197520732879639¬03Q¬NHS Vale Of York CCG¬01751471296¬voyccg.pickering-b82033@nhs.net¬http://www.pickeringmedicalpractice.co.uk¬01751 471290
3903¬B82034¬GP¬UNKNOWN¬Visible¬True¬True¬Quakers Lane Surgery¬Quakers Lane¬¬¬Richmond¬North Yorkshire¬DL10 4BB¬54.406356811523438¬-1.7416912317276001¬42D¬NHS North Yorkshire CCG¬01748850440¬¬¬01748 850802
3904¬B82035¬GP¬UNKNOWN¬Visible¬True¬False¬Scorton Medical Centre¬Stags Way¬Scorton¬¬Richmond¬North Yorkshire¬DL10 6HB¬54.397735595703125¬-1.615984320640564¬42D¬NHS North Yorkshire CCG¬01748811320¬¬¬01748 812004
3905¬B82036¬GP¬UNKNOWN¬Visible¬True¬True¬Dr Ingram and Partners¬7-8 Park Street¬¬¬Ripon¬North Yorkshire¬HG4 2AX¬54.136451721191406¬-1.5268771648406982¬42D¬NHS North Yorkshire CCG¬01765692337¬¬http://www.7parkstreet.co.uk¬01765 601757
3906¬B82037¬GP¬UNKNOWN¬Visible¬True¬True¬Filey Surgery¬Station Avenue¬¬¬Filey¬North Yorkshire¬YO14 9AE¬54.210186004638672¬-0.29148101806640625¬42D¬NHS North Yorkshire CCG¬01723515881¬¬http://www.fileysurgery.co.uk¬01723 515197
3907¬B82038¬GP¬UNKNOWN¬Visible¬True¬True¬Central Healthcare¬Prospect Branch¬174 Prospect Road¬¬Scarborough¬North Yorkshire¬YO12 7LB¬54.282230377197266¬-0.41610059142112732¬42D¬NHS North Yorkshire CCG¬01723 3360178¬¬https://www.scarboroughcentralgp.nhs.uk/¬
3908¬B82041¬GP¬UNKNOWN¬Visible¬True¬True¬Beech Tree Surgery¬¬68 Doncaster Road¬¬Selby¬North Yorkshire¬YO8 9AJ¬53.774799346923828¬-1.080111026763916¬03Q¬NHS Vale Of York CCG¬01757 703933¬voyccg.beechtreeadmin@nhs.net¬http://www.beechtreesurgery.co.uk/¬
3909¬B82041002¬GP¬UNKNOWN¬Visible¬True¬True¬Beech Tree Surgery - Riccall Branch¬Riccall Surgery¬Main Street¬Riccall¬York¬North Yorkshire¬YO19 6PZ¬53.831951141357422¬-1.0577824115753174¬03Q¬NHS Vale Of York CCG¬01757 703933¬voyccg.beechtreeadmin@nhs.net¬http://www.beechtreesurgery.co.uk/¬
3911¬B82041001¬GP¬UNKNOWN¬Visible¬True¬True¬Beech Tree Surgery - Carlton Branch¬High Street¬Carlton¬¬Goole¬¬DN14 9LY¬53.709945678710938¬-1.020254373550415¬03Q¬NHS Vale Of York CCG¬01757 703933¬voyccg.beechtreeadmin@nhs.net¬http://www.beechtreesurgery.co.uk/¬
3912¬B82042¬GP¬UNKNOWN¬Visible¬True¬True¬Lambert Medical Centre¬2 Chapel Street¬¬¬Thirsk¬North Yorkshire¬YO7 1LU¬54.231681823730469¬-1.3423755168914795¬42D¬NHS North Yorkshire CCG¬01845523157¬¬http://www.lambertmedicalcentre.co.uk¬01845 524508
3914¬B82044¬GP¬UNKNOWN¬Visible¬True¬True¬Stokesley Surgery¬Health Centre¬North Road¬Stokesley¬Middlesbrough¬Cleveland¬TS9 5DY¬54.470901489257813¬-1.1943504810333252¬42D¬NHS North Yorkshire CCG¬01642710748¬¬http://stokesleyhealthcentre.nhs.uk¬01642 713037
3915¬B82045¬GP¬UNKNOWN¬Visible¬True¬True¬Central Dales Practice¬The Health Centre¬Hawes¬¬Hawes¬North Yorkshire¬DL8 3QR¬54.304279327392578¬-2.1970231533050537¬42D¬NHS North Yorkshire CCG¬01969667200¬hawes.dispensary@nhs.net¬https://www.centraldalespractice.nhs.uk¬01969 667149
3916¬B82046¬GP¬UNKNOWN¬Visible¬True¬True¬Staithes Surgery¬Seaton Crescent¬¬¬Saltburn By The Sea¬Cleveland¬TS13 5AY¬54.553165435791016¬-0.7940976619720459¬42D¬NHS North Yorkshire CCG¬01947840480¬¬¬01947 841034
3919¬B82047¬GP¬UNKNOWN¬Visible¬True¬True¬Wenlock Terrace Surgery¬Wenlock Terrace¬18 Wenlock Terrace¬Fulford¬York¬North Yorkshire¬YO10 4DU¬53.946487426757813¬-1.0751934051513672¬03Q¬NHS Vale Of York CCG¬01904 754900¬admin.unityhealth@nhs.net¬http://www.unityhealth.info¬
3921¬B82049¬GP¬UNKNOWN¬Visible¬True¬True¬Thirsk Doctors Surgery¬The Health Centre¬Chapel Street¬¬Thirsk¬North Yorkshire¬YO7 1LG¬54.230998992919922¬-1.3428479433059692¬42D¬NHS North Yorkshire CCG¬01845 440462¬thirsk.doctorssurgery@nhs.net¬http://thirskdoctorssurgery.co.uk¬01845 521359
3922¬B82050002¬GP¬UNKNOWN¬Visible¬True¬True¬Appleton Wiske Branch surgery¬The Village Hall¬Appleton Wiske¬¬Northallerton¬North Yorkshire¬DL6 2AL¬54.437610626220703¬-1.396220326423645¬42D¬NHS North Yorkshire CCG¬01609760002¬¬http://www.mowbrayhousesurgery.co.uk¬01609 778029
3923¬B82050¬GP¬UNKNOWN¬Visible¬True¬True¬Mowbray House Surgery¬Malpas Road¬¬¬Northallerton¬North Yorkshire¬DL7 8FW¬54.33563232421875¬-1.439131498336792¬42D¬NHS North Yorkshire CCG¬01609760002¬¬http://www.mowbrayhousesurgery.co.uk¬01609 778029
3925¬B82050003¬GP¬UNKNOWN¬Visible¬True¬True¬Hutton Rudby Surgery¬7-8 East Side¬Hutton-Rudby¬¬Yarm¬Cleveland¬TS15 0DB¬54.450748443603516¬-1.2751909494400024¬42D¬NHS North Yorkshire CCG¬01642706056¬¬http://www.huttonrudbysurgery.co.uk¬01642 706711
3929¬B82053¬GP¬UNKNOWN¬Visible¬True¬True¬Dyneley House Surgery¬Newmarket Street¬¬¬Skipton¬North Yorkshire¬BD23 2HZ¬53.960498809814453¬-2.0142295360565186¬36J¬NHS Bradford District And Craven CCG¬01756799311¬¬www.dyneleyhousesurgery.co.uk¬01756 707203
3930¬B82054¬GP¬UNKNOWN¬Visible¬True¬True¬Scarborough Medical Group¬463A Scalby Road¬¬¬Scarborough¬North Yorkshire¬YO12 6UB¬54.297615051269531¬-0.44152608513832092¬42D¬NHS North Yorkshire CCG¬01723375343¬scrccg.smg@nhs.net¬http://www.scarboroughmedicalgroup.co.uk/index.aspx¬01723 501582
3931¬B82054002¬GP¬UNKNOWN¬Visible¬True¬True¬South Cliff Surgery¬56 Esplanade Road¬¬¬Scarborough¬North Yorkshire¬YO11 2AU¬54.271575927734375¬-0.4010750949382782¬42D¬NHS North Yorkshire CCG¬01723501610¬scrccg.smg@nhs.net¬http://www.scarboroughmedicalgroup.co.uk/index.aspx¬01723 506839
3932¬B82054001¬GP¬UNKNOWN¬Visible¬True¬True¬Cloughton Surgery¬1 Station Lane¬Cloughton¬¬Scarborough¬North Yorkshire¬YO13 0AD¬54.332626342773438¬-0.44589295983314514¬42D¬NHS North Yorkshire CCG¬01723375343¬scrccg.smg@nhs.net¬http://www.scarboroughmedicalgroup.co.uk/index.aspx¬01723 501582
3936¬B82057¬GP¬UNKNOWN¬Visible¬True¬False¬Springbank Surgery¬Springbank Surgery¬York Road, Green Hammerton¬¬YORK¬North Yorkshire¬YO26 8BN¬54.004024505615234¬-1.2991445064544678¬42D¬NHS North Yorkshire CCG¬01423330030¬springbank.surgery@nhs.net¬http://www.springbanksurgery.co.uk¬01423 331433
3937¬B82057002¬GP¬UNKNOWN¬Visible¬True¬False¬Tockwith Surgery¬21 Marston Road¬Tockwith¬¬York¬North Yorkshire¬YO26 7PR¬53.965034484863281¬-1.282619833946228¬42D¬NHS North Yorkshire CCG¬01423330030¬springbank.post@gp-b82057.nhs.uk¬www.springbanksurgery.co.uk¬01423 331433
3939¬B82059¬GP¬UNKNOWN¬Visible¬True¬True¬Church Avenue Medical Group¬Church Avenue Medical Group¬54 Church Avenue¬¬Harrogate¬North Yorkshire¬HG1 4HG¬54.006603240966797¬-1.5360809564590454¬42D¬NHS North Yorkshire CCG¬01423564168¬cas.b82059@nhs.net¬http://www.churchavenuemedicalgroup.co.uk¬01423 501102
3940¬B82059001¬GP¬UNKNOWN¬Visible¬True¬True¬Church Avenue Medical Group¬Winksey Cottage¬High Street¬Hampsthwaite¬Harrogate¬North Yorkshire¬HG3 2EU¬54.023830413818359¬-1.6060481071472168¬42D¬NHS North Yorkshire CCG¬01423770802¬¬http://www.churchavenuemedicalgroup.co.uk¬
3941¬B82060¬GP¬UNKNOWN¬Visible¬True¬True¬EASTGATE MEDICAL GROUP¬31B York Place¬¬¬Knaresborough¬North Yorkshire¬HG5 0AD¬54.006797790527344¬-1.4628003835678101¬42D¬NHS North Yorkshire CCG¬01423788300¬¬¬01423 557201
3942¬B82060001¬GP¬UNKNOWN¬Visible¬True¬True¬The Health Centre, Knaresborough Road¬80 Knaresborough Road¬¬¬Harrogate¬North Yorkshire¬HG2 7LU¬53.995899200439453¬-1.512439489364624¬42D¬NHS North Yorkshire CCG¬01423788300¬¬http://www.eastgatemedicalgroup.co.uk/contact1.aspx¬01423 880438
3944¬B82061¬GP¬UNKNOWN¬Visible¬True¬True¬Bentham Medical Practice¬Grasmere Drive¬High Bentham¬¬Lancaster¬North Yorkshire¬LA2 7JP¬54.119152069091797¬-2.5115561485290527¬01K¬NHS Morecambe Bay CCG¬01524261202¬¬http://www.benthamsurgery.org.uk¬015242 62905
3945¬B82061001¬GP¬UNKNOWN¬Visible¬True¬True¬Ingleton Surgery¬High Street¬Ingleton¬¬Carnforth¬Lancashire¬LA6 3AB¬54.154067993164063¬-2.4658889770507813¬01K¬NHS Morecambe Bay CCG¬01524261202¬¬www.benthamsurgery.org.uk¬015242 62905
3946¬B82062¬GP¬UNKNOWN¬Visible¬True¬True¬Egton Surgery¬Egton¬¬¬Whitby¬North Yorkshire¬YO21 1TX¬54.445541381835938¬-0.755207359790802¬42D¬NHS North Yorkshire CCG¬01947895356¬¬http://www.egtonsurgery.nhs.uk¬01947  895581
3947¬B82063003¬GP¬UNKNOWN¬Visible¬True¬True¬Seamer Surgery¬8A Denison Avenue¬Seamer¬¬Scarborough¬North Yorkshire¬YO12 4QU¬54.238265991210938¬-0.43955895304679871¬42D¬NHS North Yorkshire CCG¬01723863100¬¬www.ayton-snainton.co.uk¬01723 862902
3948¬B82063¬GP¬UNKNOWN¬Visible¬True¬True¬Ayton and Snainton Medical Practice¬53 Pickering Road¬West Ayton¬¬Scarborough¬North Yorkshire¬YO13 9JF¬54.246047973632812¬-0.49362638592720032¬42D¬NHS North Yorkshire CCG¬01723863100¬¬www.ayton-snainton.co.uk¬01723 862902
3949¬B82063002¬GP¬UNKNOWN¬Visible¬True¬True¬Thornton Dale Surgery¬Roxby Road¬Thornton Dale¬¬Pickering¬North Yorkshire¬YO18 7TJ¬54.232795715332031¬-0.72379910945892334¬42D¬NHS North Yorkshire CCG¬01723859302¬¬www.ayton-snainton.co.uk¬01723 859036
3950¬B82063001¬GP¬UNKNOWN¬Visible¬True¬True¬Snainton Surgery¬Station Road¬Snainton¬¬Scarborough¬North Yorkshire¬YO13 9AP¬54.226203918457031¬-0.59056150913238525¬42D¬NHS North Yorkshire CCG¬01723859302¬¬www.ayton-snainton.co.uk¬01723 859036
3951¬B82064¬GP¬UNKNOWN¬Visible¬True¬False¬Tollerton Surgery¬5 - 7 Hambleton View¬Tollerton¬¬York¬North Yorkshire¬YO61 1QW¬54.071079254150391¬-1.2144865989685059¬03Q¬NHS Vale Of York CCG¬01347838231¬¬http://www.tollertonsurgery.co.uk¬
3952¬B82066¬GP¬UNKNOWN¬Visible¬True¬True¬Glebe House Surgery¬19 Firby Road¬¬¬Bedale¬North Yorkshire¬DL8 2AT¬54.285518646240234¬-1.5930817127227783¬42D¬NHS North Yorkshire CCG¬01677422616¬¬http://www.glebehousesurgery.nhs.uk¬
3953¬B82067¬GP¬UNKNOWN¬Visible¬True¬True¬Stockwell Road Surgery¬21 Stockwell Road¬¬¬Knaresborough¬North Yorkshire¬HG5 0JY¬54.012001037597656¬-1.4667466878890991¬42D¬NHS North Yorkshire CCG¬01423867433¬¬http://www.stockwellroadsurgery.co.uk¬01423 869633
3954¬B82068¬GP¬UNKNOWN¬Visible¬True¬False¬Helmsley Surgery¬Carlton Road¬Helmsley¬¬York¬North Yorkshire¬YO62 5HD¬54.249240875244141¬-1.0564029216766357¬03Q¬NHS Vale Of York CCG¬01439770288¬b82068.online@nhs.net¬http://www.helmsleymedicalcentre.co.uk¬01439 771169
3955¬B82069¬GP¬UNKNOWN¬Visible¬True¬True¬Beech House Surgery¬1 Ash Tree Road¬¬¬Knaresborough¬North Yorkshire¬HG5 0UB¬54.010837554931641¬-1.465876579284668¬42D¬NHS North Yorkshire CCG¬01423542562¬beechhousesurgery@nhs.net¬http://www.beechhousesurgery.com¬01423 864450
3956¬B82071001¬GP¬UNKNOWN¬Visible¬True¬True¬The Bishopthorpe Surgery¬46 Church Lane¬Bishopthorpe¬¬York¬North Yorkshire¬YO23 2QG¬53.922821044921875¬-1.097491979598999¬03Q¬NHS Vale Of York CCG¬01904706917¬oldschoolmedicalpractice@nhs.net¬http://www.osmp.co.uk¬01904 702066
3957¬B82071¬GP¬UNKNOWN¬Visible¬True¬True¬The Old School Medical Practice ¬Horseman Lane¬Copmanthorpe¬¬York¬North Yorkshire¬YO23 3UA¬53.916145324707031¬-1.1423825025558472¬03Q¬NHS Vale Of York CCG¬01904706455¬oldschoolmedicalpractice@nhs.net¬http://www.osmp.co.uk¬01904 705341
3958¬B82072¬GP¬UNKNOWN¬Visible¬True¬True¬The Friary Surgery¬Queens Road¬¬¬Richmond¬North Yorkshire¬DL10 4UJ¬54.404899597167969¬-1.7383266687393188¬42D¬NHS North Yorkshire CCG¬01748822306¬friary.admin@nhs.net¬http://www.friarysurgery.co.uk/index.aspx¬01748 850356
3959¬B82073002¬GP¬UNKNOWN¬Visible¬True¬True¬South Milford Surgery - Micklefield¬Churchville Terrace¬Micklefield¬¬Leeds¬West Yorkshire¬LS25 4AR¬53.795303344726563¬-1.3325192928314209¬03Q¬NHS Vale Of York CCG¬01977682202¬¬http://southmilfordsurgery.co.uk¬01977 681628
3960¬B82073¬GP¬UNKNOWN¬Visible¬True¬True¬South Milford Surgery¬High Street¬South Milford¬¬Leeds¬North Yorkshire¬LS25 5AA¬53.779281616210938¬-1.249157190322876¬03Q¬NHS Vale Of York CCG¬01977682202¬¬http://www.southmilfordsurgery.co.uk¬01977 681628
3961¬B82073001¬GP¬UNKNOWN¬Visible¬True¬True¬South Milford Surgery - Thorpe Willoughby¬12 Fox Lane¬Thorpe Willoughby¬¬Selby¬North Yorkshire¬YO8 9NA¬53.771095275878906¬-1.1248428821563721¬03Q¬NHS Vale Of York CCG¬01977682202¬¬http://www.southmilfordsurgery.co.uk¬01977 681628
3962¬B82074¬GP¬UNKNOWN¬Visible¬True¬True¬Posterngate Surgery¬Portholme Road¬¬¬Selby¬North Yorkshire¬YO8 4QH¬53.780887603759766¬-1.0681535005569458¬03Q¬NHS Vale Of York CCG¬01757702561¬voyccg.enquiriesposterngate@nhs.net¬http://www.posterngate.co.uk¬01757 213295
3963¬B82074002¬GP¬UNKNOWN¬Visible¬True¬True¬Posterngate Surgery - Hemingbrough Branch Surgery¬Portland Lodge¬Main Street¬Hemingbrough¬Selby¬North Yorkshire¬YO8 6QF¬53.770549774169922¬-0.97892504930496216¬03Q¬NHS Vale Of York CCG¬01757702561¬¬http://www.posterngate.co.uk¬01757 213295
3964¬B82075¬GP¬UNKNOWN¬Visible¬True¬True¬Mayford House Surgery¬Boroughbridge Road¬¬¬Northallerton¬North Yorkshire¬DL7 8AW¬54.328380584716797¬-1.4465186595916748¬42D¬NHS North Yorkshire CCG¬01609772105¬hrwccg.mayfordsurgerysecretaries@nhs.net¬http://mayfordhouse.co.uk/¬01609 778553
3966¬B82077¬GP¬UNKNOWN¬Visible¬True¬True¬Drs T Hughes, J Lodge, R Hodgson, D Powell Trading As The Kirkbymoorside Surgery¬The Kirkbymoorside Surgery¬Tinley Garth¬Kirkbymoorside¬York¬North Yorkshire¬YO62 6AR¬54.269405364990234¬-0.9339604377746582¬03Q¬NHS Vale Of York CCG¬01751431254¬¬http://www.thekirkbymoorsidesurgery.co.uk¬
3967¬B82078¬GP¬UNKNOWN¬Visible¬True¬True¬Leyburn Medical Practice¬Brentwood¬¬¬Leyburn¬North Yorkshire¬DL8 5EP¬54.309291839599609¬-1.8255701065063477¬42D¬NHS North Yorkshire CCG¬01969622391¬leyburnsurgery@nhs.net¬http://www.leyburnmedicalpractice.co.uk¬01969 624446
3969¬B82079¬GP¬UNKNOWN¬Visible¬True¬False¬Drs Jones & Mcpherson¬North Back Lane¬Stillington¬¬York¬North Yorkshire¬YO61 1LL¬54.103832244873047¬-1.1108855009078979¬03Q¬NHS Vale Of York CCG¬01347810332¬voyccg.b82079prescriptions@nhs.net¬¬01347 811190
3970¬B82080001¬GP¬UNKNOWN¬Visible¬True¬True¬MyHealth Stamford Bridge Health Care Centre¬Viking Road¬Stamford Bridge¬¬York¬North Yorkshire¬YO41 1BR¬53.991226196289062¬-0.91510534286499023¬03Q¬NHS Vale Of York CCG¬01904 490532¬¬http://myhealthgroup.co.uk¬01759 373344
3971¬B82080¬GP¬UNKNOWN¬Visible¬True¬True¬My Health Group¬Southfields Road¬Strensall¬¬York¬North Yorkshire¬YO32 5UA¬54.039424896240234¬-1.0344958305358887¬03Q¬NHS Vale Of York CCG¬01904 490532¬¬http://myhealthgroup.co.uk¬01904 491927
3972¬B82080002¬GP¬UNKNOWN¬Visible¬True¬True¬Huntington Surgery¬Garth Road¬Huntington¬¬York¬North Yorkshire¬YO32 9QJ¬53.995563507080078¬-1.0566776990890503¬03Q¬NHS Vale Of York CCG¬01904 490532¬¬http://myhealthgroup.co.uk¬01904 750086
3973¬B82080003¬GP¬UNKNOWN¬Visible¬True¬True¬Dunnington Surgery¬Petercroft Lane¬Dunnington¬¬York¬North Yorkshire¬YO19 5NQ¬53.965694427490234¬-0.97936034202575684¬03Q¬NHS Vale Of York CCG¬01904 490532¬¬http://myhealthgroup.co.uk¬01904 488530
3974¬B82081¬GP¬UNKNOWN¬Visible¬True¬False¬Elvington Medical Practice¬York Road¬Elvington¬¬York¬North Yorkshire¬YO41 4DY¬53.924999237060547¬-0.9488147497177124¬03Q¬NHS Vale Of York CCG¬01904608224¬¬www.elvingtonmedicalpractice.co.uk¬01904 608710
3975¬B82081002¬GP¬UNKNOWN¬Visible¬True¬False¬Elvington Medical Practice (Wheldrake)¬54A Main Street¬Wheldrake¬¬York¬North Yorkshire¬YO19 6AB¬53.895858764648437¬-0.96555542945861816¬03Q¬NHS Vale Of York CCG¬01904608224¬¬www.elvingtonmedicalpractice.co.uk¬01904 608710
3976¬B82081001¬GP¬UNKNOWN¬Visible¬True¬False¬Elvington Medical Practice (Dunnington)¬Dunnington Pharmacy, 5 York Street¬Dunnington¬York¬Dunnington¬North Yorkshire¬YO19 5PN¬53.964576721191406¬-0.98040890693664551¬03Q¬NHS Vale Of York CCG¬01904608224¬¬www.elvingtonmedicalpractice.co.uk¬01904 608710
3978¬B82083003¬GP¬UNKNOWN¬Visible¬True¬True¬York Medical Group, Woodthorpe¬40 Moorcroft Road¬Woodthorpe¬¬York¬North Yorkshire¬YO24 2RQ¬53.935840606689453¬-1.1228470802307129¬03Q¬NHS Vale Of York CCG¬01904439100¬¬http://www.yorkmedicalgroup.nhs.uk¬
3979¬B82083001¬GP¬UNKNOWN¬Visible¬True¬True¬York Medical Group, York St John University ¬Lord Mayor's Walk¬¬¬York¬North Yorkshire¬YO31 7EX¬53.964847564697266¬-1.0795276165008545¬03Q¬NHS Vale Of York CCG¬01904439101¬¬http://www.yorkstudenthealthcentre.co.uk/¬
3980¬B82083002¬GP¬UNKNOWN¬Visible¬True¬True¬York Medical Group, Monkgate¬35 Monkgate,¬¬¬York,¬North Yorkshire¬YO31 7PB¬53.964157104492187¬-1.0763723850250244¬03Q¬NHS Vale Of York CCG¬01904439100¬¬http://www.yorkmedicalgroup.nhs.uk¬
3981¬B82083¬GP¬UNKNOWN¬Visible¬True¬True¬York Medical Group, Acomb¬199 Acomb Road¬¬¬York¬North Yorkshire¬YO24 4HD¬53.955924987792969¬-1.119392991065979¬03Q¬NHS Vale Of York CCG¬01904439100¬¬http://www.yorkmedicalgroup.nhs.uk¬
3982¬B82086¬GP¬UNKNOWN¬Visible¬True¬True¬The Danby Practice¬Briar Hill¬Danby¬¬Whitby¬North Yorkshire¬YO21 2PA¬54.468318939208984¬-0.90785866975784302¬42D¬NHS North Yorkshire CCG¬01287660739¬¬http://www.danbysurgery.nhs.uk¬01287  660069
3983¬B82088¬GP¬UNKNOWN¬Visible¬True¬True¬Brook Square Surgery¬Trafalgar House¬41-44 Trafalgar Street West¬¬Scarborough¬North Yorkshire¬YO12 7AS¬54.281787872314453¬-0.40931254625320435¬42D¬NHS North Yorkshire CCG¬01723360098¬scrccg.mail-bss@nhs.net¬http://www.brooksquaresurgery.co.uk/¬01723 501546
3984¬B82091¬GP¬UNKNOWN¬Visible¬True¬True¬Park Parade Surgery¬Mowbray Square Medical Centre¬Westmoreland Street¬¬Harrogate¬North Yorkshire¬HG1 5AR¬53.996356964111328¬-1.5297778844833374¬42D¬NHS North Yorkshire CCG¬01423 561773¬parkparadesurgery@nhs.net¬http://www.parkparadesurgery.nhs.uk¬01423 568036
3985¬B82038004¬GP¬UNKNOWN¬Visible¬True¬True¬Belgrave Surgery¬1A Belgrave Crescent¬¬¬Scarborough¬North Yorkshire¬YO11 1UB¬54.277309417724609¬-0.40970015525817871¬42D¬NHS North Yorkshire CCG¬01723361279¬srccg.belgrave-repeatprescriptions@nhs.net¬http://www.belgravesurgery.co.uk¬01723 501589
3987¬B82097¬GP¬UNKNOWN¬Visible¬True¬True¬Scott Road Medical Centre¬Scott Road¬¬¬Selby¬North Yorkshire¬YO8 4BL¬53.785053253173828¬-1.0748152732849121¬03Q¬NHS Vale Of York CCG¬01757211750¬¬http://www.scottroad.org.uk¬01757 213647
3988¬B82098¬GP¬UNKNOWN¬Visible¬True¬True¬Jorvik Gillygate Practice¬Woolpack House¬The Stonebow¬¬York¬North Yorkshire¬YO1 7NP¬53.959152221679688¬-1.0777479410171509¬03Q¬NHS Vale Of York CCG¬01904 405487¬¬http://www.jorvikgillygatepractice.co.uk/¬01904 633881
3989¬B82098001¬GP¬UNKNOWN¬Visible¬True¬True¬Jorvik Gillygate Practice, South Bank Surgery¬175 Bishopthorpe Road¬¬¬York¬North Yorkshire¬YO23 1PD¬53.944381713867188¬-1.0866818428039551¬03Q¬NHS Vale Of York CCG¬01904 405487¬¬¬01904 672938
3990¬B83624001¬GP¬UNKNOWN¬Visible¬True¬True¬Grassington Medical Centre¬9 Station Road¬Grassington¬¬Skipton¬North Yorkshire¬BD23 5LS¬54.070999145507813¬-1.9998883008956909¬36J¬NHS Bradford District And Craven CCG¬01756 752313¬¬http://www.igmedical.co.uk/¬01756 753320
3991¬B82100001¬GP¬UNKNOWN¬Visible¬True¬True¬Copmanthorpe Branch¬5 The Shopping Precinct¬Main Street¬Copmanthorpe¬York¬North Yorkshire¬YO23 3GG¬53.915546417236328¬-1.1414508819580078¬03Q¬NHS Vale Of York CCG¬01904703314¬¬¬01904 700452
3992¬B82100¬GP¬UNKNOWN¬Visible¬True¬True¬Front Street Surgery¬14 Front Street¬Acomb¬¬York¬North Yorkshire¬YO24 3BZ¬53.95440673828125¬-1.1269073486328125¬03Q¬NHS Vale Of York CCG¬01904794141¬¬http://www.frontstreetsurgery.nhs.uk¬01904 788304
3993¬B82101¬GP¬UNKNOWN¬Visible¬True¬True¬Sleights and Sandsend Medical Practice¬Iburndale Lane¬Sleights¬¬Whitby¬North Yorkshire¬YO22 5DP¬54.452007293701172¬-0.659629225730896¬42D¬NHS North Yorkshire CCG¬01947810466¬¬www.sleightsandsandsendmedicalpractice.nhs.uk¬01947 811375
3994¬B82101001¬GP¬UNKNOWN¬Visible¬True¬True¬Sandsend Surgery¬Sandsend Surgery¬Sandsend Road¬Sandsend¬Whitby¬North Yorkshire¬YO21 3SN¬54.500408172607422¬-0.66720312833786011¬42D¬NHS North Yorkshire CCG¬01947 894948¬¬http://www.sleightsandsandsendmedicalpractice.nhs.uk¬01947 894949
3995¬B82103¬GP¬UNKNOWN¬Visible¬True¬True¬East Parade Medical Practice ¬89 East Parade¬Heworth¬¬York¬North Yorkshire¬YO31 7YD¬53.965995788574219¬-1.0618200302124023¬03Q¬NHS Vale Of York CCG¬01904423666¬¬https://www.eastparademedical.co.uk¬01904 431329
3996¬B82104¬GP¬UNKNOWN¬Visible¬True¬True¬Harewood Medical Practice¬42 Richmond Road¬¬¬Catterick Garrison¬North Yorkshire¬DL9 3JD¬54.376384735107422¬-1.7219126224517822¬42D¬NHS North Yorkshire CCG¬01748876090¬harewood1@nhs.net¬http://www.harewoodmedicalpractice.com¬01748 876098
3997¬B82105¬GP¬UNKNOWN¬Visible¬True¬True¬Tadcaster Medical Centre¬Crab Garth¬¬¬Tadcaster¬North Yorkshire¬LS24 8HD¬53.885494232177734¬-1.2582248449325562¬03Q¬NHS Vale Of York CCG¬01937530082¬¬http://www.tadcastermedicalcentre.co.uk/¬01937 530192
3998¬B82106001¬GP¬UNKNOWN¬Visible¬True¬True¬Cloughton Branch Surgery¬1 Station Lane¬Cloughton¬¬Scarborough¬North Yorkshire¬YO13 0AD¬54.332626342773438¬-0.44589295983314514¬42D¬NHS North Yorkshire CCG¬01723506706¬¬¬
3999¬B82106¬GP¬UNKNOWN¬Visible¬True¬True¬Hackness Road Surgery¬19 Hackness Road¬Newby¬¬Scarborough¬North Yorkshire¬YO12 5SD¬54.294696807861328¬-0.44455575942993164¬42D¬NHS North Yorkshire CCG¬01723506706¬¬http://www.hacknessroadsurgery.co.uk/¬01723 380920
4000¬B82609¬GP¬UNKNOWN¬Visible¬True¬True¬Ampleforth Surgery¬Back Lane¬Ampleforth¬¬York¬North Yorkshire¬YO62 4EF¬54.200477600097656¬-1.1029508113861084¬42D¬NHS North Yorkshire CCG¬01439788215¬ampleforthsurgery@nhs.net¬http://www.ampleforthandhovinghamsurgeries.nhs.uk¬01439 788002
4001¬B82609001¬GP¬UNKNOWN¬Visible¬True¬True¬Hovingham Surgery¬High Street¬Hovingham¬¬York¬North Yorkshire¬YO62 4LA¬54.170734405517578¬-0.97844123840332031¬42D¬NHS North Yorkshire CCG¬01653628203¬ampleforthsurgery@nhs.net¬http://www.ampleforthandhovinghamsurgeries.nhs.uk¬01653 628202
4002¬B82038003¬GP¬UNKNOWN¬Visible¬True¬True¬Peasholm Surgery¬98 Tennyson Avenue¬¬¬Scarborough¬North Yorkshire¬YO12 7RE¬54.287086486816406¬-0.40740320086479187¬42D¬NHS North Yorkshire CCG¬01723361268¬¬http://www.peasholmsurgery.co.uk/¬01723 501335
4003¬B82619¬GP¬UNKNOWN¬Visible¬True¬False¬Terrington Surgery¬North Back Lane¬¬¬Terrington¬York¬YO60 6PS¬54.128829956054688¬-0.97367233037948608¬03Q¬NHS Vale Of York CCG¬01653648260¬b82619.online@nhs.net¬http://www.terringtonsurgery.nhs.uk¬01653 648267
4004¬B82622¬GP¬UNKNOWN¬Visible¬True¬False¬Reeth Medical Centre¬Reeth¬¬¬Richmond¬North Yorkshire¬DL11 6SU¬54.387702941894531¬-1.9454091787338257¬42D¬NHS North Yorkshire CCG¬01748884396¬contact.egp@nhs.net¬http://www.reeth.org.uk¬01748 884250
4007¬B82628¬GP¬UNKNOWN¬Visible¬True¬True¬Hunmanby Surgery¬Hungate Lane¬Hunmanby¬¬Filey¬North Yorkshire¬YO14 0NN¬54.180187225341797¬-0.31943556666374207¬42D¬NHS North Yorkshire CCG¬01723 890280¬¬https://www.hunmanbysurgery.gpsurgery.net¬01723 890124
4010¬B83002¬GP¬UNKNOWN¬Visible¬True¬True¬Ilkley & Wharfedale Medical Practice¬Springs Lane¬¬¬Ilkley¬West Yorkshire¬LS29 8TQ¬53.923309326171875¬-1.8147857189178467¬36J¬NHS Bradford District And Craven CCG¬01943604455¬¬http://www.iwmp.co.uk¬01943 604466
4011¬B83005¬GP¬UNKNOWN¬Visible¬True¬True¬Thornbury Medical Practice¬Rushton Avenue¬¬¬Bradford¬West Yorkshire¬BD3 7HZ¬53.802818298339844¬-1.7105345726013184¬36J¬NHS Bradford District And Craven CCG¬01274662441¬¬https://www.Thornburymc.co.uk¬01274 661947
4012¬B83006001¬GP¬UNKNOWN¬Visible¬True¬True¬Silsden Group Practice¬Steeton Health Centre¬Chapel Road¬Steeton¬Keighley¬West Yorkshire¬BD20 6NU¬53.894905090332031¬-1.9535675048828125¬36J¬NHS Bradford District And Craven CCG¬01535652448¬¬http://www.silsdengrouppractice.co.uk/¬01535 652245
4013¬B83006¬GP¬UNKNOWN¬Visible¬True¬True¬Silsden & Steeton Medical Practice¬Elliott Street¬Silsden¬¬Keighley¬West Yorkshire¬BD20 0DG¬53.911827087402344¬-1.944125771522522¬36J¬NHS Bradford District And Craven CCG¬01535652447¬¬https://www.modalitypartnership.nhs.uk/steeton-surgery¬01535 657296
4016¬B83008¬GP¬UNKNOWN¬Visible¬True¬True¬Ling House Medical Centre¬49 Scott Street¬¬¬Keighley¬West Yorkshire¬BD21 2JH¬53.868339538574219¬-1.9103777408599854¬36J¬NHS Bradford District And Craven CCG¬01535605747¬¬www.linghousemedicalcentre.nhs.uk ¬01535 672576
4017¬B83009¬GP¬UNKNOWN¬Visible¬True¬True¬Sunnybank Medical Centre¬Town Gate¬¬¬Bradford¬West Yorkshire¬BD12 9NG¬53.737922668457031¬-1.7679824829101563¬36J¬NHS Bradford District And Craven CCG¬01274 424111¬sunnybank@bradford.nhs.uk¬http://www.sunnybankmedicalcentre.co.uk¬
4018¬B83010001¬GP¬UNKNOWN¬Visible¬True¬True¬Park Road Surgery¬Park Road¬Off Manchester Road¬¬Bradford¬West Yorkshire¬BD5 0SG¬53.785995483398437¬-1.7575184106826782¬36J¬NHS Bradford District And Craven CCG¬01274227575¬parklands@bradford.nhs.uk¬www.parklands.co.uk¬01274 225755
4019¬B83010¬GP¬UNKNOWN¬Visible¬True¬True¬Parklands Medical Practice¬30 Buttershaw Lane¬¬¬Bradford¬West Yorkshire¬BD6 2DD¬53.760795593261719¬-1.7805829048156738¬36J¬NHS Bradford District And Craven CCG¬01274678464¬parklands@bradford.nhs.uk¬www.parklands.co.uk¬01274 693558
4021¬B83012¬GP¬UNKNOWN¬Visible¬True¬True¬Manor Medical Practice¬195 Girlington Road¬Girlington Health Centre¬195 Girlington Road¬Bradford¬West Yorkshire¬BD8 9PB¬53.803085327148437¬-1.78802490234375¬36J¬NHS Bradford District And Craven CCG¬01274484111¬b83012.manormp@nhs.net¬http://www.manor-bradford.co.uk¬01274 360680
4023¬B83014¬GP¬UNKNOWN¬Visible¬True¬True¬Bingley Medical Practice¬2 Kingsway¬¬¬Bingley¬West Yorkshire¬BD16 4RP¬53.846939086914062¬-1.8278141021728516¬36J¬NHS Bradford District And Craven CCG¬01274568383¬¬http://www.bingleymedical.org.uk¬01274 510788
4024¬B83015¬GP¬UNKNOWN¬Visible¬True¬True¬Tong Medical Practice¬Highfield Health Centre¬2 Proctor Street¬¬Bradford¬West Yorkshire¬BD4 9QA¬53.770492553710938¬-1.7167800664901733¬36J¬NHS Bradford District And Craven CCG¬01274683331¬¬http://www.tongmedicalpractice.nhs.uk¬
4025¬B83016¬GP¬UNKNOWN¬Visible¬True¬True¬FARROW MEDICAL CENTRE ¬177 Otley Road¬¬¬Bradford¬West Yorkshire¬BD3 0HX¬53.802513122558594¬-1.7431052923202515¬36J¬NHS Bradford District And Craven CCG¬01274637031¬¬http://www.farrowmc.co.uk¬01274 636001
4026¬B83017¬GP¬UNKNOWN¬Visible¬True¬True¬Horton Bank Practice¬1220 Great Horton Road¬¬¬Bradford¬West Yorkshire¬BD7 4PL¬53.774482727050781¬-1.8060028553009033¬36J¬NHS Bradford District And Craven CCG¬01274410666¬¬http://www.hortonbankpractice.nhs.uk/¬01274 521605
4027¬B83018¬GP¬UNKNOWN¬Visible¬True¬True¬Idle Medical Centre¬440 Highfield Road¬Idle¬¬Bradford¬West Yorkshire¬BD10 8RU¬53.836170196533203¬-1.7341315746307373¬36J¬NHS Bradford District And Craven CCG¬01274771999¬¬http://www.idlemedicalcentre.co.uk/¬01274 772001
4028¬B83019¬GP¬UNKNOWN¬Visible¬True¬True¬Grange Park Surgery¬Grange Road¬¬¬Ilkley¬West Yorkshire¬LS29 7HG¬53.912696838378906¬-1.7480932474136353¬36J¬NHS Bradford District And Craven CCG¬01943862108¬¬www.grangeparksurgery.co.uk¬01943 864997
4029¬B83020¬GP¬UNKNOWN¬Visible¬True¬True¬The Willows Medical Centre¬Osbourne Drive¬Queensbury¬¬Bradford¬West Yorkshire¬BD13 2GD¬53.768638610839844¬-1.8494193553924561¬36J¬NHS Bradford District And Craven CCG¬01274888350¬¬¬01274 818447
4030¬B83021¬GP¬UNKNOWN¬Visible¬True¬True¬Farfield Group Practice¬West Lane¬¬¬Keighley¬West Yorkshire¬BD21 2LD¬53.866142272949219¬-1.9137735366821289¬36J¬NHS Bradford District And Craven CCG¬01535607333¬¬https://www.modalitypartnership.nhs.uk/farfield-group-practice¬01535 611818
4031¬B83022¬GP¬UNKNOWN¬Visible¬True¬True¬Dr N Driver & Partners¬10 Newton Way¬Baildon¬¬Shipley¬West Yorkshire¬BD17 5NH¬53.853069305419922¬-1.768912672996521¬36J¬NHS Bradford District And Craven CCG¬01274581979¬¬http://www.baildonmedicalpractice.co.uk¬01274 532426
4032¬B83023¬GP¬UNKNOWN¬Visible¬True¬True¬Holycroft Surgery¬Oakworth Road¬¬¬Keighley¬West Yorkshire¬BD21 1SA¬53.86383056640625¬-1.9144624471664429¬36J¬NHS Bradford District And Craven CCG¬01535602010¬¬https://www.modalitypartnership.nhs.uk/holycroft-surgery¬01535 691313
4033¬B83025¬GP¬UNKNOWN¬Visible¬True¬True¬Dr I. M. Raja & Partner¬Little Horton Lane Medical Centre¬392 Little Horton Lane¬¬Bradford¬West Yorkshire¬BD5 0NX¬53.782424926757813¬-1.7648690938949585¬36J¬NHS Bradford District And Craven CCG¬01274721924¬¬¬01274 736600
4034¬B83026¬GP¬UNKNOWN¬Visible¬True¬True¬Primrose Surgery¬4 Butler Street West¬¬¬Bradford¬West Yorkshire¬BD3 0BS¬53.798229217529297¬-1.7402771711349487¬36J¬NHS Bradford District And Craven CCG¬01274729602¬b83026.primrosemc@nhs.net¬http://www.theprimrosesurgery.nhs.uk¬01274 323935
4035¬B83027¬GP¬UNKNOWN¬Visible¬True¬True¬Haworth Medical Practice¬Heathcliffe Mews¬Haworth¬¬Keighley¬West Yorkshire¬BD22 8DH¬53.831325531005859¬-1.9548681974411011¬36J¬NHS Bradford District And Craven CCG¬01535 642255¬¬https://www.modalitypartnership.nhs.uk/haworth-medical-practice¬01535 645380
4036¬B83028¬GP¬UNKNOWN¬Visible¬True¬True¬Wibsey & Queensbury Med P¬Wibsey Medical Centre¬¬¬Bradford¬West Yorkshire¬BD6 1TD¬53.767227172851562¬-1.7796998023986816¬36J¬NHS Bradford District And Craven CCG¬01274677457¬¬¬01274 693389
4037¬B83028001¬GP¬UNKNOWN¬Visible¬True¬True¬Queensbury Health Centre¬Russell Road¬¬¬Bradford¬West Yorkshire¬BD13 2AG¬53.766006469726563¬-1.8498383760452271¬36J¬NHS Bradford District And Craven CCG¬01274880507¬¬¬
4038¬B83029¬GP¬UNKNOWN¬Visible¬True¬True¬Low Moor Medical Practice¬29 The Plantations¬¬¬Bradford¬West Yorkshire¬BD12 0TH¬53.753852844238281¬-1.7698816061019897¬36J¬NHS Bradford District And Craven CCG¬01274697600¬¬http://www.lowmoormp.co.uk¬01274 697603
4039¬B83030001¬GP¬UNKNOWN¬Visible¬True¬True¬Thornton & Denholme Medical Practice ¬The Medical Centre¬Ann Street¬Denholme¬Bradford¬West Yorkshire¬BD13 4AN¬53.802635192871094¬-1.895592212677002¬36J¬NHS Bradford District And Craven CCG¬01274832882¬¬¬
4040¬B83030¬GP¬UNKNOWN¬Visible¬True¬True¬Thornton Medical Centre¬4 Craven Avenue¬Thornton¬¬Bradford¬West Yorkshire¬BD13 3LG¬53.790485382080078¬-1.8472769260406494¬36J¬NHS Bradford District And Craven CCG¬01274832110¬¬¬01274 831694
4041¬B83031¬GP¬UNKNOWN¬Visible¬True¬True¬Oak Glen Surgery¬196 Swan Avenue¬¬¬Bingley¬West Yorkshire¬BD16 3PA¬53.854785919189453¬-1.81633460521698¬36J¬NHS Bradford District And Craven CCG¬01274566617¬¬www.oakglensurgery.nhs.uk¬01274 772345
4042¬B83032¬GP¬UNKNOWN¬Visible¬True¬True¬The Bradford Moor Practice¬Daffodil Building¬Barkerend Health Centre¬Barkerend Road¬Bradford¬West Yorkshire¬BD3 8QH¬53.797836303710937¬-1.7218337059020996¬36J¬NHS Bradford District And Craven CCG¬01274662233¬bradfordmoorpractice@bradford.nhs.uk¬http://www.bradfordmoorpractice.co.uk/¬01274 987693
4043¬B83033¬GP¬UNKNOWN¬Visible¬True¬True¬Kilmeny Group Medical Practice¬50 Ashbourne Road¬Ingrow¬¬Keighley¬West Yorkshire¬BD21 1LA¬53.855720520019531¬-1.9210464954376221¬36J¬NHS Bradford District And Craven CCG¬01535606415¬¬https://www.modalitypartnership.nhs.uk/kilmeny-group-medical-practice¬01535 669895
4044¬B83033001¬GP¬UNKNOWN¬Visible¬True¬True¬Long Lee Surgery¬Long Lee Lane¬Long Lee¬¬Keighley¬West Yorkshire¬BD21 4TT¬53.858955383300781¬-1.8893556594848633¬36J¬NHS Bradford District And Craven CCG¬01535609249¬¬https://www.modalitypartnership.nhs.uk/longlee-surgery¬01535 601041
4045¬B83034002¬GP¬UNKNOWN¬Visible¬True¬True¬Oak Lane Surgery¬Westbourne Green C H C Centre¬50 Heaton Road¬¬Bradford¬West Yorkshire¬BD8 8RA¬53.807300567626953¬-1.7762253284454346¬36J¬NHS Bradford District And Craven CCG¬01274957909¬¬https://www.drsyedzaidiandassociates.nhs.uk/¬01274 483957
4046¬B83034¬GP¬UNKNOWN¬Visible¬True¬True¬Grange Medical Centre¬1 Horton Grange Road¬¬¬Bradford¬West Yorkshire¬BD7 3AH¬53.787609100341797¬-1.7774227857589722¬36J¬NHS Bradford District And Craven CCG¬01274957908¬¬https://www.drsyedzaidiandassociates.nhs.uk/¬01274 504506
4047¬B83035001¬GP¬UNKNOWN¬Visible¬True¬True¬New Hey Surgery¬2 Brompton Road¬¬¬Bradford¬West Yorkshire¬BD4 7JD¬53.781471252441406¬-1.7348566055297852¬36J¬NHS Bradford District And Craven CCG¬01274723953¬angela.worobel@bradford.nhs.uk¬www.horton-park.co.uk¬
4048¬B83035¬GP¬UNKNOWN¬Visible¬True¬True¬Horton Park Medical Practice¬99 Horton Park Avenue¬¬¬Bradford¬West Yorkshire¬BD7 3EG¬53.785163879394531¬-1.7727762460708618¬36J¬NHS Bradford District And Craven CCG¬01274504956¬¬http://www.horton-park.co.uk¬01274 504951
4049¬B83037¬GP¬UNKNOWN¬Visible¬True¬True¬Wilsden Medical Centre¬2 Lingbob Court¬Wilsden¬¬Bradford¬West Yorkshire¬BD15 0NJ¬53.818195343017578¬-1.8615604639053345¬36J¬NHS Bradford District And Craven CCG¬01535273227¬¬http://www.wilsdenmedical.co.uk¬01535 274860
4050¬B83037001¬GP¬UNKNOWN¬Visible¬True¬True¬Cullingworth Medical Practice¬12 Mill Street¬Cullingworth¬¬Bradford¬West Yorkshire¬BD13 5HA¬53.827247619628906¬-1.8995571136474609¬36J¬NHS Bradford District And Craven CCG¬01535272127¬¬http://www.wilsdenmedical.co.uk¬01535 275914
4051¬B83038001¬GP¬UNKNOWN¬Visible¬True¬True¬Wrose Health Centre¬Kings Road¬¬¬Bradford¬West Yorkshire¬BD2 1QG¬53.823001861572266¬-1.7443928718566895¬36J¬NHS Bradford District And Craven CCG¬01274770772¬¬http://www.leylandsmedicalcentre.nhs.uk/¬01274 771578
4052¬B83038¬GP¬UNKNOWN¬Visible¬True¬True¬Leylands Lane Medical Practice¬81 Leylands Lane¬Heaton¬¬Bradford¬West Yorkshire¬BD9 5PZ¬53.812644958496094¬-1.7924783229827881¬36J¬NHS Bradford District And Craven CCG¬01274770771¬¬http://www.leylandsmedicalcentre.nhs.uk/¬01274 771088
4053¬B83039¬GP¬UNKNOWN¬Visible¬True¬True¬The Saltaire & Windhill Medical Partnership¬2 Thackley Old Road¬¬¬Shipley¬West Yorkshire¬BD18 1QB¬53.835399627685547¬-1.7649071216583252¬36J¬NHS Bradford District And Craven CCG¬01274584223¬¬http://www.saltairewindhillgp.org/¬01274 530182
4054¬B83039001¬GP¬UNKNOWN¬Visible¬True¬True¬The Saltaire & Windhill Medical Partnership¬Cliffe Avenue¬Baildon¬¬Shipley¬West Yorkshire¬BD17 6NX¬53.848102569580078¬-1.7701256275177002¬36J¬NHS Bradford District And Craven CCG¬01274584561¬¬http://www.saltairewindhillgp.org/¬01274 533228
4055¬B83040¬GP¬UNKNOWN¬Visible¬True¬True¬The Saltaire & Windhill Medical Partnership¬Richmond Road¬¬¬Shipley¬West Yorkshire¬BD18 4RX¬53.834548950195312¬-1.7910169363021851¬36J¬NHS Bradford District And Craven CCG¬01274599263¬¬http://www.saltairemedicalpractice.nhs.uk/¬01274 772588
4056¬B83040001¬GP¬UNKNOWN¬Visible¬True¬True¬The Saltaire & Windhill Medical Partnership¬Canon Pinnington Mews¬Cottingley¬¬Bingley¬West Yorkshire¬BD16 1AQ¬53.829914093017578¬-1.8314694166183472¬36J¬NHS Bradford District And Craven CCG¬01274599263¬¬http://www.saltairemedicalpractice.nhs.uk/¬
4057¬B83041¬GP¬UNKNOWN¬Visible¬True¬True¬Bowling Hall Medical Practice¬Rooley Lane¬¬¬Bradford¬West Yorkshire¬BD4 7SS¬53.772815704345703¬-1.7308751344680786¬36J¬NHS Bradford District And Craven CCG¬01274224888¬¬www.bowlinghallmedicalpractice.co.uk¬01274 224896
4058¬B83042¬GP¬UNKNOWN¬Visible¬True¬True¬Rooley Lane Medical Centre¬Rooley Lane¬¬¬Bradford¬West Yorkshire¬BD4 7SS¬53.772815704345703¬-1.7308751344680786¬36J¬NHS Bradford District And Craven CCG¬01274223118¬rooleylanemc@bradford.nhs.uk¬www.rooleylanemedicalcentre.co.uk¬01274 772661
4060¬B83041001¬GP¬UNKNOWN¬Visible¬True¬True¬Highfield Medical Practice¬Highfield Health Centre¬2 Procter Street¬Off Tong Street¬Bradford¬West Yorkshire¬BD4 9QA¬53.770492553710938¬-1.7167800664901733¬36J¬NHS Bradford District And Craven CCG¬01274651416¬¬http://www.drmillsandpartners.co.uk¬01274 474962
4061¬B83045¬GP¬UNKNOWN¬Visible¬True¬True¬Hollyns Health & Wellbeing¬4 Glenholme Park¬Pasture Lane¬¬Bradford¬West Yorkshire¬BD14 6NF¬53.779167175292969¬-1.81452476978302¬36J¬NHS Bradford District And Craven CCG¬01274880650¬¬http://www.hollynshealth.co.uk/¬01274 883256
4062¬B83049¬GP¬UNKNOWN¬Visible¬True¬True¬Cowgill Surgery¬Thornaby Drive¬Clayton¬¬Bradford¬West Yorkshire¬BD14 6ES¬53.781955718994141¬-1.8145276308059692¬36J¬NHS Bradford District And Craven CCG¬01274882372¬¬http://www.cowgillsurgery.co.uk¬01274 882372
4063¬B83045001¬GP¬UNKNOWN¬Visible¬True¬True¬Hollyns Health & Wellbeing - Allerton¬Allerton Health Centre¬Bell Dean Road¬¬Bradford¬West Yorkshire¬BD15 7WA¬53.798877716064453¬-1.8262799978256226¬36J¬NHS Bradford District And Craven CCG¬01274880650¬¬https://www.hollynshealth.co.uk¬01274 491776
4064¬B83051¬GP¬UNKNOWN¬Visible¬True¬True¬Bradford Student Health Service¬Laisteridge Lane¬¬¬Bradford¬West Yorkshire¬BD5 0HR¬53.785327911376953¬-1.7683436870574951¬36J¬NHS Bradford District And Craven CCG¬01274371380¬¬¬01274 371393
4065¬B83052001¬GP¬UNKNOWN¬Visible¬True¬True¬Kensington Partnership - Lower Grange Medical Centre¬Lower Grange Medical Centre¬The Square¬Charteris Road¬Bradford¬West Yorkshire¬BD8 0QB¬53.796253204345703¬-1.8140395879745483¬36J¬NHS Bradford District And Craven CCG¬01274 881646¬¬http://www.kensingtonpartnership.org/¬
4066¬B83052¬GP¬UNKNOWN¬Visible¬True¬True¬Kensington Partnership¬Kensington Street Health Centre¬Whitefield Place¬¬Bradford¬West Yorkshire¬BD8 9LB¬53.801113128662109¬-1.7855197191238403¬36J¬NHS Bradford District And Craven CCG¬01274 499209¬¬http://www.kensingtonpartnership.org¬01274 481013
4067¬B83054¬GP¬UNKNOWN¬Visible¬True¬True¬Haigh Hall Medical Centre¬Haigh Hall Road¬Greengates¬¬Bradford¬West Yorkshire¬BD10 9AZ¬53.831123352050781¬-1.7152321338653564¬36J¬NHS Bradford District And Craven CCG¬01274613326¬¬¬01274 614769
4068¬B83055001¬GP¬UNKNOWN¬Visible¬True¬True¬The Ridge Medical Practice 2¬93 Smith Avenue¬Wibsey¬¬Bradford¬West Yorkshire¬BD6 1HA¬53.765972137451172¬-1.771833062171936¬36J¬NHS Bradford District And Craven CCG¬01274425600¬the.ridge@bradford.nhs.uk¬¬01274 425610
4069¬B83055003¬GP¬UNKNOWN¬Visible¬True¬True¬Royds Health Living Centre¬20 Ridings Way¬Off The Crescent¬Buttershaw¬Bradford¬West Yorkshire¬BD6 3UD¬53.766063690185547¬-1.7979861497879028¬36J¬NHS Bradford District And Craven CCG¬01274321888¬the.ridge@bradford.nhs.uk¬¬01274 322029
4070¬B83055¬GP¬UNKNOWN¬Visible¬True¬True¬The Ridge Medical Pract.¬Cousen Road¬¬¬Bradford¬West Yorkshire¬BD7 3JX¬53.780899047851563¬-1.7798408269882202¬36J¬NHS Bradford District And Craven CCG¬01274425600¬the.ridge@bradford.nhs.uk¬¬01274 425610
4072¬B83056¬GP¬UNKNOWN¬Visible¬True¬True¬The Partners of Moorside¬370 Dudley Hill Road¬¬¬Bradford¬West Yorkshire¬BD2 3AA¬53.809803009033203¬-1.7304054498672485¬36J¬NHS Bradford District And Craven CCG¬01274643576¬¬http://www.moorsidesurgery.nhs.uk¬01274 643317
4073¬B83058¬GP¬UNKNOWN¬Visible¬True¬True¬The Avicenna Medical Practice¬Bluebell Building¬Barkerend Health Centre¬Barkerend Road¬Bradford¬West Yorkshire¬BD3 8QH¬53.797836303710937¬-1.7218337059020996¬36J¬NHS Bradford District And Craven CCG¬01274664464¬¬http://www.avicennamedicalpractice.co.uk/¬01274 260800
4074¬B83061¬GP¬UNKNOWN¬Visible¬True¬True¬Oakworth Medical Practice¬3 Lidget Mill¬Oakworth¬¬Keighley¬West Yorkshire¬BD22 7HN¬53.846187591552734¬-1.9469943046569824¬36J¬NHS Bradford District And Craven CCG¬01535643306¬¬https://www.modalitypartnership.nhs.uk/oakworth-medical-practice¬01535 645832
4075¬B83062¬GP¬UNKNOWN¬Visible¬True¬True¬Ashcroft Surgery¬Newlands Way¬Eccleshill¬¬Bradford¬West Yorkshire¬BD10 0JE¬53.823078155517578¬-1.7121117115020752¬36J¬NHS Bradford District And Craven CCG¬01274612279¬¬¬01274 618593
4076¬B83063¬GP¬UNKNOWN¬Visible¬True¬True¬Shipley Medical Practice¬Alexandra Road¬¬¬Shipley¬West Yorkshire¬BD18 3EG¬53.832618713378906¬-1.78139328956604¬36J¬NHS Bradford District And Craven CCG¬01274531153¬¬http://www.shipleymedicalpractice.nhs.uk¬01274 228431
4077¬B83064001¬GP¬UNKNOWN¬Visible¬True¬True¬Rockwell Medical Centre¬2 Summerfield Road¬Thorpe Edge¬¬Bradford¬West Yorkshire¬BD10 8DP¬53.8275146484375¬-1.7252532243728638¬36J¬NHS Bradford District And Craven CCG¬01274612245¬¬http://www.rockwellandwrosepractice.nhs.uk¬01274 659947
4078¬B83064¬GP¬UNKNOWN¬Visible¬True¬True¬The Rockwell And Wrose Practice¬Kings Road¬¬¬Bradford¬West Yorkshire¬BD2 1QG¬53.823001861572266¬-1.7443928718566895¬36J¬NHS Bradford District And Craven CCG¬01274638353¬¬¬01274 772899
4079¬B83067¬GP¬UNKNOWN¬Visible¬True¬True¬The Springfield Surgery - Bingley¬Canalside Healthcare Centre¬2 Kingsway¬¬Bingley¬West Yorkshire¬BD16 4RP¬53.846939086914062¬-1.8278141021728516¬36J¬NHS Bradford District And Craven CCG¬01274567991¬springfieldenquiries@bradford.nhs.uk¬http://www.springfieldsurgery.nhs.uk¬01274 566865
4085¬B83602¬GP¬UNKNOWN¬Visible¬True¬True¬North Street Surgery¬151 North Street¬¬¬Keighley¬West Yorkshire¬BD21 3AU¬53.871009826660156¬-1.9097942113876343¬36J¬NHS Bradford District And Craven CCG¬01535607444¬¬http://www.northstreetsurgerykeighley.nhs.uk/¬01535 682338
4086¬B83604¬GP¬UNKNOWN¬Visible¬True¬True¬The Lister Surgery¬Westbourne Green Health Centre¬50 Heaton Road¬¬Bradford¬West Yorkshire¬BD8 8RA¬53.807300567626953¬-1.7762253284454346¬36J¬NHS Bradford District And Craven CCG¬01274 888095¬mohammed.shaid@bradford.nhs.uk¬http://www.nhs.uk/services/gp/overview/defaultview.aspx?id=38062¬01274 888453
4087¬B83611¬GP¬UNKNOWN¬Visible¬True¬True¬Barkerend HC- Dr Usman Akbar MBBS¬The Bluebell Building¬Barkerend Health Centre¬Barkerend Road¬Bradford¬West Yorkshire¬BD3 8QH¬53.797931671142578¬-1.7214540243148804¬36J¬NHS Bradford District And Craven CCG¬0127 033888¬¬http://www.drakbarssurgery.nhs.uk/¬01274 033880
4088¬B83628001¬GP¬UNKNOWN¬Visible¬True¬True¬Clarendon At Manningham Health Centre¬Lumb Lane¬¬¬Bradford¬West Yorkshire¬BD8 7SY¬53.804187774658203¬-1.7658103704452515¬36J¬NHS Bradford District And Craven CCG¬01274736996¬¬http://www.clarendonmedicalcentre.com/¬01274726956
4089¬B83614¬GP¬UNKNOWN¬Visible¬True¬True¬Picton Medical Centre¬Westbourne Green Community Health Centre¬50 Heaton Road¬¬Bradford¬West Yorkshire¬BD8 8RA¬53.807300567626953¬-1.7762253284454346¬36J¬NHS Bradford District And Craven CCG¬01274019605¬pictonmedicalcentre@bradford.nhs.uk¬http://www.pictonmedicalcentre.nhs.uk¬01274 019610
4090¬B83617¬GP¬UNKNOWN¬Visible¬True¬True¬The Family Practice¬The Family Practice¬Whetley Medical Centre¬2 Saplin Street¬Bradford¬West Yorkshire¬BD8 9DW¬53.803573608398437¬-1.7779304981231689¬36J¬NHS Bradford District And Craven CCG¬01274 544915¬¬http://www.thefamily-practice.co.uk¬01274 256193
4091¬B83620¬GP¬UNKNOWN¬Visible¬True¬True¬Addingham Surgery¬Addingham Medical Centre¬151A Main Street¬Addingham¬Ilkley¬West Yorkshire¬LS29 0LZ¬53.943687438964844¬-1.8814080953598022¬36J¬NHS Bradford District And Craven CCG¬01943830367¬¬www.addinghamsurgery.co.uk¬01943 831287
4092¬B83621¬GP¬UNKNOWN¬Visible¬True¬True¬Parkside Medical Practice¬99 Horton Park Avenue¬¬¬Bradford¬West Yorkshire¬BD7 3EG¬53.785163879394531¬-1.7727762460708618¬36J¬NHS Bradford District And Craven CCG¬01274521111¬¬http://www.parksidemedicalpractice-bradford.nhs.uk/¬01274 521122
4093¬B83622¬GP¬UNKNOWN¬Visible¬True¬True¬Kensington Street Surgery¬Whitefield Place¬Girlington¬¬Bradford¬West Yorkshire¬BD8 9LB¬53.801113128662109¬-1.7855197191238403¬36J¬NHS Bradford District And Craven CCG¬01274496433¬¬http://www.driqbalandpartners.co.uk¬01274 776455
4094¬B83624¬GP¬UNKNOWN¬Visible¬True¬True¬Ilkley Moor Medical Practice¬Springs Medical Centre¬Springs Lane¬¬Ilkley¬West Yorkshire¬LS29 8TH¬53.923561096191406¬-1.8160332441329956¬36J¬NHS Bradford District And Craven CCG¬01943604999¬b83624.springslanemc@nhs.net¬http://www.igmedical.co.uk/¬01943 886307
4095¬B83626¬GP¬UNKNOWN¬Visible¬True¬True¬Valley View Surgery¬Undercliffe Health Care Centre¬17 Lowther Street¬¬Bradford¬West Yorkshire¬BD2 4RA¬53.806793212890625¬-1.7318876981735229¬36J¬NHS Bradford District And Craven CCG¬01274299143¬¬https://www.valleyviewsurgery.nhs.uk¬01274 028039
4096¬B83627¬GP¬UNKNOWN¬Visible¬True¬True¬Frizinghall Medical Centre¬274 Keighley Road¬¬¬Bradford¬West Yorkshire¬BD9 4LH¬53.818862915039063¬-1.7735815048217773¬36J¬NHS Bradford District And Craven CCG¬01274495577¬¬¬01274 480703
4097¬B83628¬GP¬UNKNOWN¬Visible¬True¬True¬Clarendon Medical Centre¬5 Alice Street¬Off Lumb Lane¬¬Bradford¬West Yorkshire¬BD8 7RT¬53.801513671875¬-1.7634718418121338¬36J¬NHS Bradford District And Craven CCG¬01274736996¬¬http://www.clarendonmedicalcentre.com/¬01274 726956
4098¬B83629¬GP¬UNKNOWN¬Visible¬True¬True¬Dr Poonam Jha¬Undercliffe Health Care Centre¬17 Lowther Street¬¬Bradford¬West Yorkshire¬BD2 4RA¬53.806793212890625¬-1.7318876981735229¬36J¬NHS Bradford District And Craven CCG¬01274 299257¬b83629.peelparksurgery@nhs.net¬http://www.peelparksurgery.co.uk/¬01274 028029
4101¬B83641¬GP¬UNKNOWN¬Visible¬True¬True¬Ashwell Medical Centre¬Ashwell Road¬Manningham¬¬Bradford¬West Yorkshire¬BD8 9DP¬53.803924560546875¬-1.7783119678497314¬36J¬NHS Bradford District And Craven CCG¬01274490409¬¬http://www.ashwellmedicalcentre.co.uk/¬01274 496347
4102¬B83642¬GP¬UNKNOWN¬Visible¬True¬True¬The City Medical Practice¬Westbourne Green Community Health Centre¬50 Heaton Road¬¬Bradford¬West Yorkshire¬BD8 8RA¬53.808013916015625¬-1.7762154340744019¬36J¬NHS Bradford District And Craven CCG¬01274256213¬¬http://www.thecitymedicalpractice.co.uk/.uk¬01274 256214
4104¬B83653¬GP¬UNKNOWN¬Visible¬True¬True¬Dr Ishtiaq Gilkar¬Little Horton Lane¬Medical Centre¬392 Little Horton Lane¬Bradford¬West Yorkshire¬BD5 0NX¬53.782424926757813¬-1.7648690938949585¬36J¬NHS Bradford District And Craven CCG¬01274 731700¬¬http://www.drgilkar.co.uk/¬01274 513129
4105¬B83653001¬GP¬UNKNOWN¬Visible¬True¬True¬Dr Gilkar: Branch¬Birch Medical Centre¬Woodroyd Centre¬Woodroyd Road¬Bradford¬West Yorkshire¬BD5 8EL¬53.775184631347656¬-1.7538630962371826¬36J¬NHS Bradford District And Craven CCG¬01274957847¬¬¬
4106¬B83657¬GP¬UNKNOWN¬Visible¬True¬True¬Bevan Healthcare CIC¬Bevan House Primary Care Ctr¬14 Piccadilly¬¬Bradford¬West Yorkshire¬BD1 3LS¬53.795570373535156¬-1.7533340454101563¬36J¬NHS Bradford District And Craven CCG¬01274 322400¬¬http://www.bevanhealthcare.nhs.uk¬01274 322401
4107¬B83659¬GP¬UNKNOWN¬Visible¬True¬True¬Park Grange Medical Centre¬141 Woodhead Road¬¬¬Bradford¬West Yorkshire¬BD7 2BL¬53.789402008056641¬-1.7759106159210205¬36J¬NHS Bradford District And Craven CCG¬01274522904¬¬¬01274 522904
4108¬B83660¬GP¬UNKNOWN¬Visible¬True¬True¬Bilton Medical Centre¬120 City Road¬¬¬Bradford¬West Yorkshire¬BD8 8JT¬53.798351287841797¬-1.7695168256759644¬36J¬NHS Bradford District And Craven CCG¬01274782080¬¬http://www.biltonmedicalcentre.co.uk/¬01274 782841
4109¬B83661¬GP¬UNKNOWN¬Visible¬True¬True¬Moor Park Medical Practice¬The Bluebell Building¬Barkerend Health Centre¬Barkerend Road¬Bradford¬West Yorkshire¬BD3 8QH¬53.797836303710937¬-1.7218337059020996¬36J¬NHS Bradford District And Craven CCG¬01274 778400¬¬http://www.moorparkmedicalpractice.nhs.uk/¬01274 032002
4111¬B84001¬GP¬UNKNOWN¬Visible¬True¬True¬Station Road Surgery¬Station Road¬¬¬Sowerby Bridge¬West Yorkshire¬HX6 3AB¬53.707157135009766¬-1.910401463508606¬02T¬NHS Calderdale CCG¬01422410433¬station.road@nhs.net¬http://www.stationsurgery.co.uk¬
4112¬B84002¬GP¬UNKNOWN¬Visible¬True¬True¬Queens Road Surgery¬252 Queens Road¬¬¬Halifax¬West Yorkshire¬HX1 4NJ¬53.724769592285156¬-1.8815840482711792¬02T¬NHS Calderdale CCG¬01422330636¬¬¬01422 386399
4113¬B84003¬GP¬UNKNOWN¬Visible¬True¬True¬Rydings Hall Surgery¬Church Lane¬¬¬Brighouse¬West Yorkshire¬HD6 1AT¬53.703067779541016¬-1.7825340032577515¬02T¬NHS Calderdale CCG¬01484715324¬¬http://www.rydingshallsurgery.org.uk¬
4114¬B84004002¬GP¬UNKNOWN¬Visible¬True¬True¬Hebden Bridge Group Practice - Luddendenfoot Health Centre¬Kershaw Drive¬Luddendenfoot¬¬Halifax¬West Yorkshire¬HX2 6PD¬53.726448059082031¬-1.9438251256942749¬02T¬NHS Calderdale CCG¬01422415777¬¬http://www.hbgp.co.uk¬
4115¬B84004¬GP¬UNKNOWN¬Visible¬True¬True¬Hebden Bridge Group Practice¬Valley Medical Centre¬Valley Road¬¬Hebden Bridge¬West Yorkshire¬HX7 7BZ¬53.744026184082031¬-2.01092529296875¬02T¬NHS Calderdale CCG¬01422415777¬¬http://www.hbgp.co.uk¬
4116¬B84004003¬GP¬UNKNOWN¬Visible¬True¬True¬Grange Dene Medical Centre¬Burnley Road¬Mytholmroyd¬Halifax¬Hebden Bridge¬West Yorkshire¬HX7 5LF¬53.731025695800781¬-1.9822436571121216¬02T¬NHS Calderdale CCG¬01422415777¬¬http://www.hbgp.co.uk¬
4117¬B84005001¬GP¬UNKNOWN¬Visible¬True¬True¬Siddal Surgery¬117 Oxford Lane¬Siddal¬¬Halifax¬West Yorkshire¬HX3 9DG¬53.705810546875¬-1.8488101959228516¬02T¬NHS Calderdale CCG¬01422352080¬¬http://www.siddalsurgery.co.uk¬01422 342292
4118¬B84005¬GP¬UNKNOWN¬Visible¬True¬True¬Rosegarth Surgery¬Rothwell Mount¬¬¬Halifax¬West Yorkshire¬HX1 2HB¬53.714897155761719¬-1.8715357780456543¬02T¬NHS Calderdale CCG¬01422353450¬¬http://www.rosegarthsurgery.co.uk¬01422 349621
4119¬B84006¬GP¬UNKNOWN¬Visible¬True¬True¬Todmorden Group Practice¬Todmorden Health Centre¬Lower George Street¬¬Todmorden¬West Yorkshire¬OL14 5RN¬53.713653564453125¬-2.0921440124511719¬02T¬NHS Calderdale CCG¬01706811100¬¬http://www.todmordengrouppractice.nhs.uk¬
4120¬B84007¬GP¬UNKNOWN¬Visible¬True¬True¬Brig Royd Surgery¬Hirstwood¬Ripponden¬¬Sowerby Bridge¬West Yorkshire¬HX6 4BN¬53.675575256347656¬-1.9394570589065552¬02T¬NHS Calderdale CCG¬01422 822209¬¬http://www.brigroydsurgery.co.uk¬01422 825063
4121¬B84008001¬GP¬UNKNOWN¬Visible¬True¬True¬Northowram Surgery¬Northowram Green¬¬¬Halifax¬West Yorkshire¬HX3 7JE¬53.741336822509766¬-1.8311715126037598¬02T¬NHS Calderdale CCG¬01422206121¬¬http://www.thenortholmepractice.co.uk/¬01422 205764
4122¬B84008¬GP¬UNKNOWN¬Visible¬True¬True¬Kos Clinic¬4 Roydlands Street¬Hipperholme¬¬Halifax¬West Yorkshire¬HX3 8AF¬53.725940704345703¬-1.8088327646255493¬02T¬NHS Calderdale CCG¬01422205154¬¬http://www.thenortholmepractice.co.uk¬01422 201443
4123¬B84009¬GP¬UNKNOWN¬Visible¬True¬True¬Stainland Road Medical Centre¬70 Stainland Road¬Greetland¬¬Halifax¬West Yorkshire¬HX4 8BD¬53.685867309570312¬-1.8573758602142334¬02T¬NHS Calderdale CCG¬01422374109¬¬http://www.stainlandroadmedicalcentre.co.uk/¬
4124¬B84010¬GP¬UNKNOWN¬Visible¬True¬True¬Keighley Road Surgery¬Keighley Road¬Illingworth¬¬Halifax¬West Yorkshire¬HX2 9LL¬53.754241943359375¬-1.8938920497894287¬02T¬NHS Calderdale CCG¬01422247528¬¬http://www.krshalifax.co.uk¬01422 241101
4125¬B84011¬GP¬UNKNOWN¬Visible¬True¬True¬Church Lane Surgery¬24 Church Lane¬¬¬Brighouse¬West Yorkshire¬HD6 1AT¬53.703067779541016¬-1.7825340032577515¬02T¬NHS Calderdale CCG¬01484714349¬churchln.surgery@btconnect.com¬http://www.thechurchlanesurgery.co.uk¬01484 720479
4126¬B84012001¬GP¬UNKNOWN¬Visible¬True¬True¬Spring Hall Group Practice (Branch)¬7-11 Market Street¬Woolshops¬¬Halifax¬West Yorkshire¬HX1 1PB¬53.722515106201172¬-1.8589342832565308¬02T¬NHS Calderdale CCG¬01422349501¬prescriptions@gp-b84012.nhs.uk¬http://www.springhallgrouppractice.co.uk¬01422 322645
4127¬B84012¬GP¬UNKNOWN¬Visible¬True¬True¬Spring Hall Group Practice¬Spring Hall Lane¬¬¬Halifax¬West Yorkshire¬HX1 4JG¬53.721065521240234¬-1.8928842544555664¬02T¬NHS Calderdale CCG¬01422349501¬prescriptions@gp-b84012.nhs.uk¬http://www.springhallgrouppractice.co.uk¬01422 322645
4128¬B84013¬GP¬UNKNOWN¬Visible¬True¬True¬The Plane Trees Group Practice¬51 Sandbeds Road¬Pellon¬¬Halifax¬West Yorkshire¬HX2 0QL¬53.730453491210938¬-1.8944216966629028¬02T¬NHS Calderdale CCG¬01422330860¬planetrees.practice@nhs.net¬http://www.planetreesgrouppractice.nhs.uk¬
4129¬B84014¬GP¬UNKNOWN¬Visible¬True¬True¬Rastrick Health Centre¬Chapel Croft¬¬¬Brighouse¬West Yorkshire¬HD6 3NA¬53.688819885253906¬-1.792162299156189¬02T¬NHS Calderdale CCG¬01484710853¬¬¬01484 722983
4130¬B84016¬GP¬UNKNOWN¬Visible¬True¬True¬Bankfield Surgery¬Huddersfield Road¬¬¬Elland¬West Yorkshire¬HX5 9BA¬53.686332702636719¬-1.8351312875747681¬02T¬NHS Calderdale CCG¬01422374662¬¬http://www.bankfieldsurgery.org.uk/¬01422 370776
4132¬B84019¬GP¬UNKNOWN¬Visible¬True¬True¬The Boulevard Medical Practice¬Savile Park Road¬¬¬Halifax¬West Yorkshire¬HX1 2ES¬53.717426300048828¬-1.8680689334869385¬02T¬NHS Calderdale CCG¬01422365533¬boulevardadmin@nhs.net¬http://www.boulevardpractice.co.uk/¬01422 345851
4133¬B84021¬GP¬UNKNOWN¬Visible¬True¬True¬King Cross Practice¬199 King Cross Road¬¬¬Halifax¬West Yorkshire¬HX1 3LW¬53.715312957763672¬-1.8801863193511963¬02T¬NHS Calderdale CCG¬01422230730¬¬http://www.kingcrosssurgery.co.uk¬01422 323740
4135¬B84610¬GP¬UNKNOWN¬Visible¬True¬True¬Horne Street Surgery¬Horne Street¬¬¬Halifax¬West Yorkshire¬HX1 5UA¬53.725467681884766¬-1.8718218803405762¬02T¬NHS Calderdale CCG¬01422357333¬hornestreetsurgery@nhs.net¬http://www.hornestreetsurgery.co.uk¬
4136¬B84612¬GP¬UNKNOWN¬Visible¬True¬True¬Lister Lane Surgery¬30 Lister Lane¬¬¬Halifax¬West Yorkshire¬HX1 5AX¬53.722576141357422¬-1.865480899810791¬02T¬NHS Calderdale CCG¬01422353956¬reception@listerlanesurgery.co.uk¬www.listerlanesurgery.co.uk¬01422 256300
4137¬B84613¬GP¬UNKNOWN¬Visible¬True¬True¬Beechwood Medical Centre¬60A Keighley Road¬Ovenden¬¬Halifax¬West Yorkshire¬HX2 8AL¬53.743247985839844¬-1.8811532258987427¬02T¬NHS Calderdale CCG¬01422305970¬calccg.beechwoodmedicalcentre@nhs.net¬http://www.beechwoodmedicalcentre.co.uk¬
4140¬B84615¬GP¬UNKNOWN¬Visible¬True¬True¬Southowram Surgery¬Law Lane¬¬¬Halifax¬West Yorkshire¬HX3 9QB¬53.712295532226562¬-1.8316816091537476¬02T¬NHS Calderdale CCG¬01422344107¬southowram.surgery@nhs.net¬http://www.southowramsurgery.nhs.uk¬01422 363884
4141¬B84618002¬GP¬UNKNOWN¬Visible¬True¬True¬Mixenden Stones Surgery (Caritas Group Practice)¬Mixenden Road¬Boothtown¬¬Halifax¬West Yorkshire¬HX2 8RL¬53.749691009521484¬-1.9121006727218628¬02T¬NHS Calderdale CCG¬01422438550¬prescriptions@gp-b84600.nhs.uk¬http://www.caritashealth.org.uk¬01422 246189
4142¬B84618001¬GP¬UNKNOWN¬Visible¬True¬True¬Shelf Health Centre (Caritas Group Practice)¬Shelf Moor Road¬Shelf Moor Road¬¬Halifax¬West Yorkshire¬HX3 7PQ¬53.756156921386719¬-1.8120931386947632¬02T¬NHS Calderdale CCG¬01422 438550¬prescriptions@gp-b84621.nhs.uk¬http://www.caritashealth.org.uk¬01274 604815
4143¬B84618¬GP¬UNKNOWN¬Visible¬True¬True¬Woodside Surgery (Caritas Group Practice)¬Woodside Road¬¬¬Halifax¬West Yorkshire¬HX3 6EL¬53.730209350585937¬-1.8669267892837524¬02T¬NHS Calderdale CCG¬01422 438550¬prescriptions@gp-b84618.nhs.uk¬http://www.caritashealth.org.uk¬01422 356258
4144¬B84623¬GP¬UNKNOWN¬Visible¬True¬True¬Longroyde Surgery¬38 Castle Avenue¬Rastrick¬¬Brighouse¬West Yorkshire¬HD6 3HT¬53.694503784179688¬-1.7919294834136963¬02T¬NHS Calderdale CCG¬01484721102¬calccg.longroydescanning@nhs.net¬¬
4146¬B85001¬GP¬UNKNOWN¬Visible¬True¬True¬Parkview Surgery¬Greenside¬¬¬Cleckheaton¬West Yorkshire¬BD19 5AP¬53.722209930419922¬-1.7131489515304565¬03J¬NHS North Kirklees CCG¬01274 399484¬¬http://www.parkviewsurgerycleckheaton.nhs.uk/¬
4147¬B85002¬GP¬UNKNOWN¬Visible¬True¬True¬Dearne Valley Health Centre¬Wakefield Road¬Scissett¬¬Huddersfield¬West Yorkshire¬HD8 9JL¬53.588352203369141¬-1.626467227935791¬03A¬NHS Greater Huddersfield CCG¬01484862793¬¬www.dearnevalleyhc.org.uk¬01484 866021
4148¬B85004¬GP¬UNKNOWN¬Visible¬True¬True¬Calder View Surgery¬Wellington Road¬¬¬Dewsbury¬West Yorkshire¬WF13 1HN¬53.689746856689453¬-1.6348687410354614¬03J¬NHS North Kirklees CCG¬01924767266¬calderview.patient@nhs.net¬http://www.drsmedleyconwayspencer.nhs.uk¬
4149¬B85005¬GP¬UNKNOWN¬Visible¬True¬True¬Shepley Health Centre¬25 Jos Lane¬Shepley¬¬Huddersfield¬West Yorkshire¬HD8 8DJ¬53.585731506347656¬-1.7121847867965698¬03A¬NHS Greater Huddersfield CCG¬01484602001¬¬http://www.shepleyhealthcentre.co.uk¬01484 608125
4150¬B85006¬GP¬UNKNOWN¬Visible¬True¬True¬Elmwood Family Doctors¬Huddersfield Road¬Thongsbridge¬¬Holmfirth¬West Yorkshire¬HD9 3TR¬53.578365325927734¬-1.7832945585250854¬03A¬NHS Greater Huddersfield CCG¬01484 943000¬¬http://www.elmwoodfamilydoctors.co.uk¬
4151¬B85008002¬GP¬UNKNOWN¬Visible¬True¬True¬York House Surgery¬284A Oxford Road¬Cleckheaton¬¬Gomersal¬West Yorkshire¬BD19 4PY¬53.729038238525391¬-1.6829855442047119¬03J¬NHS North Kirklees CCG¬01274852985¬¬¬
4152¬B85008¬GP¬UNKNOWN¬Visible¬True¬True¬Batley Health Centre Surgery¬130 Upper Commercial Street¬¬¬Batley¬West Yorkshire¬WF17 5ED¬53.71533203125¬-1.6364655494689941¬03J¬NHS North Kirklees CCG¬01924 767082¬¬http://www.batleyhealthcentre.co.uk/¬01924 474016
4153¬B85009¬GP¬UNKNOWN¬Visible¬True¬True¬Dr N Chandra And Partners¬1St Floor Ravensthorpe Health Centre¬Netherfield Road¬¬Dewsbury¬West Yorkshire¬WF13 3JY¬53.677818298339844¬-1.6615704298019409¬03J¬NHS North Kirklees CCG¬01924767101¬¬https://northroadsuite.gpsurgery.net¬01924 452998
4154¬B85010¬GP¬UNKNOWN¬Visible¬True¬True¬Dalton Surgery¬364a Wakefield Road¬Dalton¬¬Huddersfield¬West Yorkshire¬HD5 8DY¬53.644599914550781¬-1.7510231733322144¬03A¬NHS Greater Huddersfield CCG¬01484530068¬¬http://www.daltonsurgeryhuddersfield.com¬01484 425165
4156¬B85012¬GP¬UNKNOWN¬Visible¬True¬True¬Undercliffe Surgery¬Heckmondwike Health Centre¬16 Union Street¬¬Heckmondwike¬West Yorkshire¬WF16 0HH¬53.707225799560547¬-1.6781653165817261¬03J¬NHS North Kirklees CCG¬01924403406¬¬http://www.undercliffe.gpsurgery.net/¬01924 412890
4157¬B85014¬GP¬UNKNOWN¬Visible¬True¬True¬Brookroyd Surgery¬Heckmondwike Health Centre¬16 Union Street¬¬Heckmondwike¬West Yorkshire¬WF16 0HH¬53.707225799560547¬-1.6781653165817261¬03J¬NHS North Kirklees CCG¬01924403061¬¬http://www.brookroydsurgery.gpsurgery.net¬01924 411687
4158¬B85015¬GP¬UNKNOWN¬Visible¬True¬True¬Drs Lawson, Tarrant, Napper & Jabbar¬Wellington House¬4 Henrietta Street¬¬Batley¬West Yorkshire¬WF17 5DN¬53.714778900146484¬-1.6345460414886475¬03J¬NHS North Kirklees CCG¬01924669960¬reception.wellingtonhouse@nhs.net¬https://www.wellingtonhousesurgery.co.uk¬
4159¬B85016¬GP¬UNKNOWN¬Visible¬True¬True¬Meltham Road Surgery¬9 Meltham Road¬¬¬Huddersfield¬West Yorkshire¬HD1 3UP¬53.631801605224609¬-1.7980374097824097¬03A¬NHS Greater Huddersfield CCG¬01484432940¬¬¬01484 451423
4160¬B85018¬GP¬UNKNOWN¬Visible¬True¬True¬Grove House Surgery¬Soothill Lane¬¬¬Batley¬West Yorkshire¬WF17 5SS¬53.711746215820313¬-1.6247546672821045¬03J¬NHS North Kirklees CCG¬01924476363¬grovehousesurgery@nhs.net¬http://grovehousesurgerybatley.co.uk¬
4161¬B85018001¬GP¬UNKNOWN¬Visible¬True¬True¬Chickenley Medical Centre¬1 Walnut Lane¬¬¬Dewsbury¬West Yorkshire¬WF12 8NJ¬53.685466766357422¬-1.6035933494567871¬03J¬NHS North Kirklees CCG¬01924524736¬grovehousesurgery@nhs.net¬http://grovehousesurgerybatley.co.uk¬
4162¬B85019¬GP¬UNKNOWN¬Visible¬True¬True¬Doctor Lane Health Centre¬Doctor Lane¬¬¬Mirfield¬West Yorkshire¬WF14 8DU¬53.67572021484375¬-1.696707010269165¬03J¬NHS North Kirklees CCG¬01924483440¬¬¬01924 480605
4163¬B85020¬GP¬UNKNOWN¬Visible¬True¬True¬Eightlands Surgery¬Wellington Road¬¬¬Dewsbury¬West Yorkshire¬WF13 1HN¬53.689746856689453¬-1.6348687410354614¬03J¬NHS North Kirklees CCG¬01924 767303¬¬https://www.eightlandssurgery.nhs.uk/¬
4164¬B85021¬GP¬UNKNOWN¬Visible¬True¬True¬Cleckheaton Group Practice¬St Johns House¬Cross Church Street¬¬Cleckheaton¬West Yorkshire¬BD19 3RQ¬53.724056243896484¬-1.7106055021286011¬03J¬NHS North Kirklees CCG¬01274957846¬¬http://www.stjohnshousegp.co.uk¬
4165¬B85022¬GP¬UNKNOWN¬Visible¬True¬True¬Honley Surgery¬Marsh Gardens¬Honley¬¬Holmfirth¬West Yorkshire¬HD9 6AG¬53.602390289306641¬-1.7919213771820068¬03A¬NHS Greater Huddersfield CCG¬01484303366¬¬http://www.honleysurgery.co.uk/¬01484 303364
4166¬B85023¬GP¬UNKNOWN¬Visible¬True¬True¬The Almondbury Surgery¬Longcroft¬¬¬Huddersfield¬West Yorkshire¬HD5 8XW¬53.631855010986328¬-1.751294732093811¬03A¬NHS Greater Huddersfield CCG¬01484514555¬¬¬0844 3878170
4167¬B85024¬GP¬UNKNOWN¬Visible¬True¬True¬The Waterloo Practice ¬¬Wakefield Road¬Waterloo¬Huddersfield¬West Yorkshire¬HD5 9XP¬53.645172119140625¬-1.7374206781387329¬03A¬NHS Greater Huddersfield CCG¬01484500977¬¬¬01484 502381
4168¬B85025¬GP¬UNKNOWN¬Visible¬True¬True¬Blackburn Road Medical Centre¬Blackburn Road¬Birstall¬¬Batley¬West Yorkshire¬WF17 9PL¬53.731349945068359¬-1.6647030115127563¬03J¬NHS North Kirklees CCG¬01924 478265¬¬http://www.blackburnroadmedical.co.uk/¬
4169¬B85025001¬GP¬UNKNOWN¬Visible¬True¬True¬Birkenshaw Health Centre¬Birkenshaw Health Centre, Town Street¬Birkenshaw¬¬Bradford¬West Yorkshire¬BD11 2HX¬53.753025054931641¬-1.6927993297576904¬03J¬NHS North Kirklees CCG¬01274 682374¬¬http://www.blackburnroadmedical.co.uk/¬
4170¬B85026¬GP¬UNKNOWN¬Visible¬True¬True¬Kirkburton Health Centre¬Kirkburton Health Centre¬5a Shelley Lane¬Kirkburton¬Huddersfield¬West Yorkshire¬HD8 0SJ¬53.608200073242188¬-1.700742244720459¬03A¬NHS Greater Huddersfield CCG¬01484602040¬admin.kirkburtonhealthcentre@nhs.net¬http://www.kirkburtonhealthcentre.nhs.uk¬
4171¬B85027¬GP¬UNKNOWN¬Visible¬True¬True¬The Lindley Group Pract.¬62 Acre Street¬Lindley¬¬Huddersfield¬West Yorkshire¬HD3 3DY¬53.655670166015625¬-1.8188208341598511¬03A¬NHS Greater Huddersfield CCG¬01484 516349¬¬http://www.lindleygrouppractice.co.uk/¬01484 347081
4172¬B85028¬GP¬UNKNOWN¬Visible¬True¬True¬The Grange Group Practice¬Fartown Grange¬Spaines Road¬¬Huddersfield¬West Yorkshire¬HD2 2QA¬53.662296295166016¬-1.7813363075256348¬03A¬NHS Greater Huddersfield CCG¬01484428282¬grange.admin@nhs.net¬http://www.thegrangegrouppractice.co.uk¬01484 487093
4173¬B85028001¬GP¬UNKNOWN¬Visible¬True¬True¬Keldregate Surgery¬268 Keldregate¬¬¬Huddersfield¬West Yorkshire¬HD2 1LE¬53.673908233642578¬-1.7538628578186035¬03A¬NHS Greater Huddersfield CCG¬01484428282¬grange.admin@nhs.net¬http://www.thegrangegrouppractice.co.uk¬01484 487093
4174¬B85030¬GP¬UNKNOWN¬Visible¬True¬True¬Scrivings Cleckheaton Hlth Ctr¬The Greenway Medical Practice¬First Floor Cleckheaton Health Centre¬Greenside¬Cleckheaton¬West Yorkshire¬BD19 5AP¬53.722209930419922¬-1.7131489515304565¬03J¬NHS North Kirklees CCG¬01274 399505¬b85030.sms@nhs.net¬http://www.thegreenwaymedicalpractice.co.uk¬
4175¬B85031001¬GP¬UNKNOWN¬Visible¬True¬True¬Kirkheaton Surgery¬2 Heaton Moor Road¬Kirkheaton¬¬Huddersfield¬West Yorkshire¬HD5 0ET¬53.659805297851563¬-1.7252998352050781¬03A¬NHS Greater Huddersfield CCG¬01484420616¬¬http://www.lepton-kirkheatonsurgeries.nhs.uk/¬
4176¬B85031¬GP¬UNKNOWN¬Visible¬True¬True¬Lepton Surgery¬Highgate Lane¬Lepton¬¬Huddersfield¬West Yorkshire¬HD8 0HH¬53.633758544921875¬-1.7105880975723267¬03A¬NHS Greater Huddersfield CCG¬01484606161¬¬http://www.lepton-kirkheatonsurgeries.nhs.uk/¬
4177¬B85032¬GP¬UNKNOWN¬Visible¬True¬True¬Meltham Group Practice¬1 The Cobbles¬Meltham¬¬Holmfirth¬West Yorkshire¬HD9 5QQ¬53.594303131103516¬-1.8494043350219727¬03A¬NHS Greater Huddersfield CCG¬01484347620¬doctors@gp-b85032.nhs.uk¬http://melthamgp.co.uk¬01484 347621
4178¬B85033¬GP¬UNKNOWN¬Visible¬True¬True¬The Lindley Village Surgery¬Thomas Street¬Lindley¬¬Huddersfield¬West Yorkshire¬HD3 3JD¬53.661334991455078¬-1.8256951570510864¬03A¬NHS Greater Huddersfield CCG¬01484651403¬¬http://www.lindleyvillagesurgery.nhs.uk¬
4179¬B85037¬GP¬UNKNOWN¬Visible¬True¬True¬Newsome Surgery¬1 Church Lane¬Newsome¬¬Huddersfield¬West Yorkshire¬HD4 6JE¬53.628925323486328¬-1.7840641736984253¬03A¬NHS Greater Huddersfield CCG¬01484514118¬¬http://www.newsomesurgery.co.uk¬01484 302698
4180¬B85038¬GP¬UNKNOWN¬Visible¬True¬True¬The Paddock Surgery¬Chapel Lane¬Thornhill¬¬Dewsbury¬West Yorkshire¬WF12 0DH¬53.6639404296875¬-1.6242170333862305¬03J¬NHS North Kirklees CCG¬01924465343¬¬http://www.thepaddocksurgery.co.uk¬01924 455781
4181¬Y04266¬GP¬UNKNOWN¬Visible¬True¬True¬Crosland Moor Surgery¬11 Park Road West¬Crosland Moor¬¬Huddersfield¬West Yorkshire¬HD4 5RX¬53.638397216796875¬-1.8096215724945068¬03A¬NHS Greater Huddersfield CCG¬01484642020¬jennifer.cottrell@gp-y04266.nhs.uk¬http://www.croslandmoorsurgery.nhs.uk¬01484 353570
4182¬B85041¬GP¬UNKNOWN¬Visible¬True¬True¬Mount Pleasant Medical Centre¬69 Purlwell Lane¬Mount Pleasant¬¬Batley¬West Yorkshire¬WF17 7PF¬53.707038879394531¬-1.6372793912887573¬03J¬NHS North Kirklees CCG¬01924474499¬¬¬01924 424623
4183¬B85041001¬GP¬UNKNOWN¬Visible¬True¬True¬Earlsheaton Medical Centre¬252 Wakefield Road¬Earlsheaton¬¬Dewsbury¬West Yorkshire¬WF12 8AH¬53.690883636474609¬-1.6132797002792358¬03J¬NHS North Kirklees CCG¬01924465511¬¬¬01924 439599
4184¬B85042¬GP¬UNKNOWN¬Visible¬True¬True¬Paddock And Longwood Family Practice¬1 Speedwell Street¬Paddock¬¬Huddersfield¬West Yorkshire¬HD1 4TS¬53.642120361328125¬-1.8054451942443848¬03A¬NHS Greater Huddersfield CCG¬01484531786¬¬http://www.paddockandlongwoodfamilypractice.nhs.uk¬01484 424249
4185¬B85042001¬GP¬UNKNOWN¬Visible¬True¬True¬Longwood Village Surgery¬101 Thornhill Road¬Longwood¬¬Huddersfield¬West Yorkshire¬HD3 4UL¬53.645576477050781¬-1.8305553197860718¬03A¬NHS Greater Huddersfield CCG¬01484653326¬¬http://www.paddockandlongwoodfamilypractice.nhs.uk/¬01484 460505
4186¬B85044¬GP¬UNKNOWN¬Visible¬True¬True¬Dr Hafiz Rehman¬¬60 Thornton Lodge Road¬¬Huddersfield¬West Yorkshire¬HD1 3SB¬53.638175964355469¬-1.7966760396957397¬03A¬NHS Greater Huddersfield CCG¬01484 512233¬¬http://www.thorntonlodgesurgery.co.uk¬01484 468818
4187¬B85646¬GP¬UNKNOWN¬Visible¬True¬True¬The Albion Mount Medical Practice¬47 Albion Street¬¬¬Dewsbury¬West Yorkshire¬WF13 2AJ¬53.695907592773438¬-1.6336946487426758¬03J¬NHS North Kirklees CCG¬01924430676¬¬http://www.albionmountmedicalpractice.co.uk¬01924 430647
4188¬B85646001¬GP¬UNKNOWN¬Visible¬True¬True¬Mountain Road Surgery¬111 Mountain Road¬¬¬Dewsbury¬West Yorkshire¬WF12 0BS¬53.665401458740234¬-1.6300544738769531¬03J¬NHS North Kirklees CCG¬01924488148¬¬http://www.albionmountmedicalpractice.co.uk¬01924 488104
4189¬B85048¬GP¬UNKNOWN¬Visible¬True¬True¬Woodhouse Hill Surgery¬71A Woodhouse Hill¬Fartown¬¬Huddersfield¬West Yorkshire¬HD2 1DH¬53.666812896728516¬-1.7713582515716553¬03A¬NHS Greater Huddersfield CCG¬01484533833¬¬¬01484 516966
4191¬B85051¬GP¬UNKNOWN¬Visible¬True¬True¬Fieldhead Surgery¬Leymoor Road¬Golcar¬¬Huddersfield¬West Yorkshire¬HD7 4QQ¬53.641345977783203¬-1.8542133569717407¬03A¬NHS Greater Huddersfield CCG¬01484654504¬¬https://www.fieldheadsurgery.org.uk¬01484 460296
4192¬B85054¬GP¬UNKNOWN¬Visible¬True¬True¬Colne Valley Group Practice¬Victoria Street¬Marsden¬¬Huddersfield¬West Yorkshire¬HD7 6DF¬53.602100372314453¬-1.928197979927063¬03A¬NHS Greater Huddersfield CCG¬01484844332¬¬http://www.marsdenhealthcentre.co.uk¬01484 845779
4193¬B85055¬GP¬UNKNOWN¬Visible¬True¬True¬Healds Road Surgery¬Healds Road¬¬¬Dewsbury¬West Yorkshire¬WF13 4HT¬53.700115203857422¬-1.6516220569610596¬03J¬NHS North Kirklees CCG¬01924438222¬healdsroad.surgery1@nhs.net¬http://www.healdsroadsurgery.nhs.uk¬01924 524293
4194¬B85058¬GP¬UNKNOWN¬Visible¬True¬True¬Rose Medical Practice¬140 Fitzwilliam Street¬¬¬Huddersfield¬West Yorkshire¬HD1 5PU¬53.648830413818359¬-1.7918897867202759¬03A¬NHS Greater Huddersfield CCG¬01484 500921¬rosemedicalpractice.huddersfield@nhs.net¬http://www.rosemedicalpracticehuddersfield.nhs.uk/¬01484 543372
4195¬B85059¬GP¬UNKNOWN¬Visible¬True¬True¬Drs Shamsee, Ward & Wilding Slaithwaite Health Centre¬New Street¬Slaithwaite¬¬Huddersfield¬West Yorkshire¬HD7 5AB¬53.623550415039063¬-1.878374457359314¬03A¬NHS Greater Huddersfield CCG¬01484846674¬¬http://www.slaithwaitehealthcentre.co.uk¬01484 841602
4196¬B85060¬GP¬UNKNOWN¬Visible¬True¬True¬Greenhead Family Doctors¬15 Wentworth Street¬¬¬Huddersfield¬West Yorkshire¬HD1 5PX¬53.649452209472656¬-1.7919926643371582¬03A¬NHS Greater Huddersfield CCG¬01484530834¬¬http://www.greenheadfamilydoctors.nhs.uk/¬01484 454348
4197¬B85061001¬GP¬UNKNOWN¬Visible¬True¬True¬Skelmanthorpe Family Doctors - Denby Dale¬313 Wakefield Road¬Denby Dale¬¬Huddersfield¬West Yorkshire¬HD8 8RX¬53.5736083984375¬-1.6530848741531372¬03A¬NHS Greater Huddersfield CCG¬01484503515¬¬¬
4198¬B85061¬GP¬UNKNOWN¬Visible¬True¬True¬Skelmanthorpe Family Doctors¬THE HEALTH CENTRE¬Commercial Road¬Skelmanthorpe¬Huddersfield¬West Yorkshire¬HD8 9DA¬53.591606140136719¬-1.6506713628768921¬03A¬NHS Greater Huddersfield CCG¬01484503515¬¬http://www.skeldocs.org.uk/¬01484 866561
4199¬B85062¬GP¬UNKNOWN¬Visible¬True¬True¬University Health Centre¬12 Sand Street¬¬¬Huddersfield¬West Yorkshire¬HD1 3AL¬53.643840789794922¬-1.7755323648452759¬03A¬NHS Greater Huddersfield CCG¬01484430386¬health-centre@gp-b85062.nhs.uk¬http://www.universityhealthhuddersfield.co.uk¬01484 440880
4200¬B85606¬GP¬UNKNOWN¬Visible¬True¬True¬Slaithwaite Road Surgery¬140 Slaithwaite Road¬¬¬Dewsbury¬West Yorkshire¬WF12 9DW¬53.673553466796875¬-1.6301344633102417¬03J¬NHS North Kirklees CCG¬01924461369 (ext. 465725)¬¬¬
4201¬B85610¬GP¬UNKNOWN¬Visible¬True¬True¬Dr Shamsee, Ward And Associates¬161 Huddersfield Road¬Thongsbridge¬¬Holmfirth¬West Yorkshire¬HD9 3TP¬53.577110290527344¬-1.7842675447463989¬03A¬NHS Greater Huddersfield CCG¬01484689111¬jonathan.himsworth@gp-b85610.nhs.uk¬http://www.oaklandshealthcentre.co.uk¬01484 689333
4202¬B85611¬GP¬UNKNOWN¬Visible¬True¬True¬Dr Handa & Partner¬34 Fartown Green Road¬¬¬Huddersfield¬West Yorkshire¬HD2 1AE¬53.663211822509766¬-1.7768672704696655¬03A¬NHS Greater Huddersfield CCG¬01484534386¬smh@fartownsurgery.com¬http://www.fartownsurgery.com¬01484 515194
4203¬B85612¬GP¬UNKNOWN¬Visible¬True¬True¬Liversedge Medical Centre¬Valley Road¬¬¬Liversedge¬West Yorkshire¬WF15 6DF¬53.712852478027344¬-1.6906373500823975¬03J¬NHS North Kirklees CCG¬01924407771¬¬¬01924 411727
4205¬B85614¬GP¬UNKNOWN¬Visible¬True¬True¬Brook Street Surgery¬8-10 Brook Street, Thorton Lodge¬5 Cobcroft Road, Fartown¬¬Huddersfield¬West Yorkshire¬HD1 3JW¬53.638309478759766¬-1.7989743947982788¬03A¬NHS Greater Huddersfield CCG¬01484440840¬¬https://croftmedicalcentrehuddersfield.co.uk/¬
4206¬B85614001¬GP¬UNKNOWN¬Visible¬True¬True¬Croft Medical Centre¬¬5 Cobcroft Road, Fartown¬¬Huddersfield¬West Yorkshire¬HD2 2RU¬53.659999847412109¬-1.7854338884353638¬03A¬NHS Greater Huddersfield CCG¬01484440840¬¬http://croftmedicalcentrehuddersfield.co.uk¬
4207¬B85036001¬GP¬UNKNOWN¬Visible¬True¬True¬Netherton Surgery¬327 Meltham Road¬Netherton¬¬Huddersfield¬West Yorkshire¬HD4 7EX¬53.61468505859375¬-1.8142024278640747¬03A¬NHS Greater Huddersfield CCG¬01484666050¬reception@gp-b85036.nhs.uk¬http://nethertonsurgery.co.uk/¬01484 666676
4208¬B85036¬GP¬UNKNOWN¬Visible¬True¬True¬The New Street Surgery¬21 New Street¬Milnsbridge¬¬Huddersfield¬West Yorkshire¬HD3 4LB¬53.637546539306641¬-1.8286968469619751¬03A¬NHS Greater Huddersfield CCG¬01484651622¬reception@gp-b85036.nhs.uk¬¬01484 650014
4209¬B85619¬GP¬UNKNOWN¬Visible¬True¬True¬Cook Lane Surgery¬Cook Lane Surgery¬Cook Lane¬¬Heckmondwike¬West Yorkshire¬WF16 9JG¬53.710487365722656¬-1.6767466068267822¬03J¬NHS North Kirklees CCG¬01924402073¬¬¬01924 412563
4210¬B85620¬GP¬UNKNOWN¬Visible¬True¬True¬Windsor Medical Centre¬2 William Street¬Leeds Road¬¬Dewsbury¬West Yorkshire¬WF12 7BD¬53.693878173828125¬-1.62214195728302¬03J¬NHS North Kirklees CCG¬01924465699¬¬http://www.windsormedicalcentre.nhs.uk/home/¬
4212¬B85622¬GP¬UNKNOWN¬Visible¬True¬True¬Broughton House Surgery¬20 New Way¬¬¬Batley¬West Yorkshire¬WF17 5QT¬53.713802337646484¬-1.6362969875335693¬03J¬NHS North Kirklees CCG¬01924 420244¬¬https://www.broughtonhousesurgery.co.uk¬
4213¬B85623¬GP¬UNKNOWN¬Visible¬True¬True¬Dr Sukhdeep Singh Gujral¬42 Westbourne Road¬¬¬Huddersfield¬West Yorkshire¬HD1 4LE¬53.651744842529297¬-1.8040090799331665¬03A¬NHS Greater Huddersfield CCG¬01484426044¬¬¬01484 454541
4218¬B85634¬GP¬UNKNOWN¬Visible¬True¬True¬Birkby Health Centre¬37 Norwood Road¬Huddersfield¬W Yorkshire¬Huddersfield¬West Yorkshire¬HD2 2YD¬53.663280487060547¬-1.7995972633361816¬03A¬NHS Greater Huddersfield CCG¬01484 519911¬¬http://www.birkbymedical.co.uk/pages/patient-participation-group¬
4219¬B85636¬GP¬UNKNOWN¬Visible¬True¬True¬Westbourne Surgery¬11A St James Road¬Marsh¬W Yorkshire¬Huddersfield¬West Yorkshire¬HD1 4QR¬53.65093994140625¬-1.806085467338562¬03A¬NHS Greater Huddersfield CCG¬01484 505007¬¬¬01484 456463
4220¬B85638¬GP¬UNKNOWN¬Visible¬True¬True¬Clifton House and Nook Group¬Slaithwaite Health Centre¬New Street¬Slaithwaite¬Huddersfield¬West Yorkshire¬HD7 5AB¬53.623550415039063¬-1.878374457359314¬03A¬NHS Greater Huddersfield CCG¬01484465420¬¬¬
4221¬B85638001¬GP¬UNKNOWN¬Visible¬True¬True¬Nook surgery¬144 Moor Hill Road¬¬¬Huddersfield¬West Yorkshire¬HD3 3XA¬53.657089233398437¬-1.8435370922088623¬03A¬NHS Greater Huddersfield CCG¬01484 463350¬¬http://nookandgolcar.co.uk/¬01484 460825
4222¬B85640¬GP¬UNKNOWN¬Visible¬True¬True¬Kirkgate Surgery¬3 Kirkgate¬Birstall¬¬Batley¬West Yorkshire¬WF17 9HE¬53.732170104980469¬-1.6690373420715332¬03J¬NHS North Kirklees CCG¬01924420242¬¬https://www.kirkgatesurgery.nhs.uk/¬
4223¬B85641¬GP¬UNKNOWN¬Visible¬True¬True¬Lockwood Surgery¬3 Meltham Road¬Lockwood¬¬Huddersfield¬West Yorkshire¬HD1 3XH¬53.632156372070313¬-1.7956464290618896¬03A¬NHS Greater Huddersfield CCG¬01484421580¬admin.lockwoodsurgery@nhs.net¬http://www.lockwoodsurgery.gpsurgery.net¬01484 480100
4224¬B85006001¬GP¬UNKNOWN¬Visible¬True¬True¬Meltham Village Surgery¬Parkin Lane¬Meltham¬¬Holmfirth¬West Yorkshire¬HD9 4EN¬53.591213226318359¬-1.8492188453674316¬03A¬NHS Greater Huddersfield CCG¬01484943000¬¬http://www.elmwoodfamilydoctors.co.uk¬01484 854891
4225¬B85645¬GP¬UNKNOWN¬Visible¬True¬True¬Savile Town Medical Ctr.¬786 Scarborough Street¬¬¬Dewsbury¬West Yorkshire¬WF12 9AY¬53.682231903076172¬-1.6257890462875366¬03J¬NHS North Kirklees CCG¬01924461124¬¬¬01924 488373
4226¬B85650¬GP¬UNKNOWN¬Visible¬True¬True¬Dr. Mahmood & Partners¬Netherfield Road¬Ravensthorpe¬¬Dewsbury¬West Yorkshire¬WF13 3JY¬53.678050994873047¬-1.6620787382125854¬03J¬NHS North Kirklees CCG¬01924767282¬dr.mahmoodandpartners@nhs.net¬http://www.drmahmoodandpartners.co.uk/¬01924 464859
4227¬B85652¬GP¬UNKNOWN¬Visible¬True¬True¬Brewery Lane Surgery¬Brewery Lane¬Thornhill Lees¬¬Dewsbury¬West Yorkshire¬WF12 9DU¬53.672431945800781¬-1.63681960105896¬03J¬NHS North Kirklees CCG¬01924458787¬¬¬01924 458040
4228¬B85652001¬GP¬UNKNOWN¬Visible¬True¬True¬Brewery Lane Surgery¬37 Warren Street¬¬¬Dewsbury¬West Yorkshire¬WF12 9LX¬53.683380126953125¬-1.6306238174438477¬03J¬NHS North Kirklees CCG¬01924468686¬¬¬01924 520020
4229¬B85655001¬GP¬UNKNOWN¬Visible¬True¬True¬Oxford Road Branch Surgery¬284A Oxford Road¬Gomersal¬¬Cleckheaton¬West Yorkshire¬BD19 4PY¬53.729038238525391¬-1.6829855442047119¬03J¬NHS North Kirklees CCG¬01274852995¬¬¬
4230¬B85655¬GP¬UNKNOWN¬Visible¬True¬True¬Dr Rajinder Sood¬132 Upper Commercial Street¬¬¬Batley¬West Yorkshire¬WF17 5DH¬53.714748382568359¬-1.6366221904754639¬03J¬NHS North Kirklees CCG¬01924471115¬¬¬01924 473221
4231¬B85659¬GP¬UNKNOWN¬Visible¬True¬True¬Whitehouse Centre Gp Practice¬¬Greenhead Road¬¬Huddersfield¬West Yorkshire¬HD1 4EW¬53.646583557128906¬-1.7902981042861938¬03A¬NHS Greater Huddersfield CCG¬03330436243¬¬http://www.thewhitehousecentre.co.uk/¬
4232¬B85660¬GP¬UNKNOWN¬Visible¬True¬True¬The Junction Surgery¬Birkhouse Lane¬Moldgreen¬¬Huddersfield¬West Yorkshire¬HD5 8BE¬53.644561767578125¬-1.7611026763916016¬03A¬NHS Greater Huddersfield CCG¬01484500759¬ghccg.junction.surgery@nhs.net¬http://www.junctionsurgery.co.uk¬01484411828
4233¬B86001¬GP¬UNKNOWN¬Visible¬True¬True¬Morley Health Centre Surgery¬Morley Health Centre¬Corporation Street¬Morley¬Leeds¬West Yorkshire¬LS27 9NB¬53.744777679443359¬-1.6055223941802979¬15F¬NHS Leeds CCG¬01132954060¬¬http://www.morleyhealthcentre.co.uk/¬
4234¬B86002¬GP¬UNKNOWN¬Visible¬True¬True¬City View Medical Practice¬Beeston Hill Community Health Centre¬123 Cemetery Road¬¬Leeds¬West Yorkshire¬LS11 8LH¬53.778308868408203¬-1.5558598041534424¬15F¬NHS Leeds CCG¬01134677515¬enquiries.cityview@nhs.net¬http://www.cityviewmedicalpractice.co.uk¬0113 271 3153
4235¬B86003¬GP¬UNKNOWN¬Visible¬True¬True¬Armley Medical Centre¬Armley Moor Health Centre¬95 Town Street¬¬Leeds¬West Yorkshire¬LS12 3HD¬53.796409606933594¬-1.5931969881057739¬15F¬NHS Leeds CCG¬01134677499¬armleymedical@nhs.net¬¬0113 2631915
4236¬B86004¬GP¬UNKNOWN¬Visible¬True¬True¬High Field Surgery¬Holtdale Approach¬¬¬Leeds¬West Yorkshire¬LS16 7RX¬53.855743408203125¬-1.6077033281326294¬15F¬NHS Leeds CCG¬01132953600¬¬http://www.highfieldsurgery.com¬0113 2678866
4237¬B86005¬GP¬UNKNOWN¬Visible¬True¬True¬Dr N Dumphy & Partners¬12 Oakley Terrace¬¬¬Leeds¬West Yorkshire¬LS11 5HT¬53.774120330810547¬-1.5454951524734497¬15F¬NHS Leeds CCG¬01132720900¬oakley.medicalpractice@nhs.net¬http://www.oakleymedicalpractice.nhs.uk¬0113 2707300
4238¬B86006¬GP¬UNKNOWN¬Visible¬True¬True¬Oulton Medical Centre (Dr Freeman & Partners)¬Oulton Medical Centre¬Quarry Hill¬Oulton¬Leeds¬West Yorkshire¬LS26 8SZ¬53.752494812011719¬-1.4494272470474243¬15F¬NHS Leeds CCG¬01132822138¬¬http://www.oultonmedicalcentre.co.uk/¬0113 2887708
4240¬B86007¬GP¬UNKNOWN¬Visible¬True¬True¬Windmill Health Centre¬Mill Green View¬¬¬Leeds¬West Yorkshire¬LS14 5JS¬53.823135375976563¬-1.4538644552230835¬15F¬NHS Leeds CCG¬01132733733¬¬www.windmillhealthcentre.nhs.uk¬0113 2323202
4241¬B86008001¬GP¬UNKNOWN¬Visible¬True¬True¬Long Causeway Surgery¬141 Long Causeway¬¬¬Leeds¬West Yorkshire¬LS16 8EX¬53.850620269775391¬-1.5818487405776978¬15F¬NHS Leeds CCG¬01133930119¬¬¬0113 4670259
4242¬B86008¬GP¬UNKNOWN¬Visible¬True¬True¬Alwoodley Medical Centre¬Saxon Mount¬Moortown¬¬Leeds¬West Yorkshire¬LS17 5DT¬53.846920013427734¬-1.5519423484802246¬15F¬NHS Leeds CCG¬01133930119¬¬http://www.alwoodleymedicalcentre.co.uk¬
4243¬B86009¬GP¬UNKNOWN¬Visible¬True¬True¬Manston Surgery¬Crossgates Medical Centre¬Manston Surgery¬Station Road¬Leeds¬West Yorkshire¬LS15 8BZ¬53.803852081298828¬-1.4508959054946899¬15F¬NHS Leeds CCG¬0113 2645455¬¬¬
4244¬B86009001¬GP¬UNKNOWN¬Visible¬True¬True¬Scholes Surgery¬96 Main Street¬Scholes¬¬Leeds¬West Yorkshire¬LS15 4DR¬53.824298858642578¬-1.4276895523071289¬15F¬NHS Leeds CCG¬01132645414¬¬¬
4245¬B86010¬GP¬UNKNOWN¬Visible¬True¬True¬Collingham Church View Surgery¬School Lane¬Collingham¬¬Wetherby¬West Yorkshire¬LS22 5BQ¬53.908100128173828¬-1.4089789390563965¬15F¬NHS Leeds CCG¬01937222841¬churchview.surgery@nhs.net¬http://www.collinghamsurgery.co.uk¬
4246¬B86010001¬GP¬UNKNOWN¬Visible¬True¬True¬Thorner Surgery¬Main Street¬Thorner¬¬Leeds¬West Yorkshire¬LS14 3DX¬53.858306884765625¬-1.4270737171173096¬15F¬NHS Leeds CCG¬0113 887 3322¬¬http://www.collinghamsurgery.co.uk¬
4247¬B86011¬GP¬UNKNOWN¬Visible¬True¬True¬Hillfoot Surgery¬126 Owlcotes Road¬¬¬Pudsey¬West Yorkshire¬LS28 7QR¬53.799854278564453¬-1.6874016523361206¬15F¬NHS Leeds CCG¬01132574169¬¬www.hillfootsurgery.co.uk¬0113 2363380
4248¬B86012¬GP¬UNKNOWN¬Visible¬True¬True¬Leeds City Medical Practice¬Beeston Hill - Branch, Beeston Hill Community Health Centre, 2nd Floor¬123 Cemetery Road¬Beeston¬Leeds¬West Yorkshire¬LS11 8LH¬53.778011322021484¬-1.5557924509048462¬15F¬NHS Leeds CCG¬01134677500¬bhmp@nhs.net¬http://www.leeds-city-medical.gpsurgery.net¬
4249¬B86012002¬GP¬UNKNOWN¬Visible¬True¬True¬Leeds City Medical Practice¬Crossland Surgery - Branch, 218a Dewsbury Road¬Beeston¬¬Leeds¬West Yorkshire¬LS11 6ER¬53.777713775634766¬-1.545051097869873¬15F¬NHS Leeds CCG¬01134677500¬bhmp@nhs.net¬http://www.leeds-city-medical.gpsurgery.net¬
4250¬B86012001¬GP¬UNKNOWN¬Visible¬True¬True¬Leeds City Medical Practice¬Parkside Surgery - Branch, Parkside Health Centre, 1St Floor¬311 Dewsbury Road¬¬Leeds¬West Yorkshire¬LS11 5LQ¬53.771602630615234¬-1.5477222204208374¬15F¬NHS Leeds CCG¬01134677505¬bhmp@nhs.net¬http://www.leeds-city-medical.gpsurgery.net/¬0113 2773594
4251¬B86013¬GP¬UNKNOWN¬Visible¬True¬True¬The North Leeds Medical Practice¬355 Harrogate Road¬¬¬Leeds¬West Yorkshire¬LS17 6PZ¬53.843318939208984¬-1.5340163707733154¬15F¬NHS Leeds CCG¬01132680066¬northleeds.medicalpractice@nhs.net¬http://www.northleedsmedicalpractice.nhs.uk¬0844 891 0750
4252¬B86013001¬GP¬UNKNOWN¬Visible¬True¬True¬The North Leeds Medical Practice - Milan Street¬2 Milan Street¬¬¬Leeds¬West Yorkshire¬LS8 5JW¬53.814174652099609¬-1.5145498514175415¬15F¬NHS Leeds CCG¬01132490598¬northleeds.medicalpratice@nhs.net¬http://www.northleedsmedicalpractice.nhs.uk¬0844 891 0752
4253¬B86014¬GP¬UNKNOWN¬Visible¬True¬True¬Robin Lane Health and Wellbeing Centre¬Robin Lane Medical Centre¬Robin Lane¬¬Pudsey¬West Yorkshire¬LS28 7DE¬53.795013427734375¬-1.6612963676452637¬15F¬NHS Leeds CCG¬01132576787¬¬http://www.robinlanehealthandwellbeingcentre.com¬0113 295 1440
4254¬B86015¬GP¬UNKNOWN¬Visible¬True¬True¬Manor Park Surgery¬Bellmount Close¬Bramley¬¬Leeds¬West Yorkshire¬LS13 2UP¬53.814079284667969¬-1.6288993358612061¬15F¬NHS Leeds CCG¬01132394416¬¬http://www.manorparksurgery.co.uk/¬0113 290 5538
4255¬B86016¬GP¬UNKNOWN¬Visible¬True¬True¬Shaftesbury Medical Centre¬East Leeds Health Centre¬78 Osmondthorpe Lane¬¬Leeds¬West Yorkshire¬LS9 9EF¬53.798728942871094¬-1.498354434967041¬15F¬NHS Leeds CCG¬01132409500¬¬http://doctors-leeds.com¬
4256¬B86016001¬GP¬UNKNOWN¬Visible¬True¬True¬Church View Surgery¬Crossgates Medical Centre¬Church View Surgery (2nd Floor)¬Station Road¬Leeds¬West Yorkshire¬LS15 8BZ¬53.80377197265625¬-1.4511474370956421¬15F¬NHS Leeds CCG¬01132600021¬¬http://doctors-leeds.com/¬
4257¬B86017001¬GP¬UNKNOWN¬Visible¬True¬True¬Holly Bank Surgery¬Headingley Medical Centre¬1 Shire Oak Street¬Leeds¬Leeds¬West Yorkshire¬LS6 2AF¬53.820808410644531¬-1.5769047737121582¬15F¬NHS Leeds CCG¬0113 2953540¬¬http://www.cravenroad-medicalpractice.co.uk/¬0113 2953542
4258¬B86017¬GP¬UNKNOWN¬Visible¬True¬True¬Craven Road Medical Practice¬60 Craven Road¬¬¬Leeds¬West Yorkshire¬LS6 2RX¬53.814105987548828¬-1.5472347736358643¬15F¬NHS Leeds CCG¬01132953530¬¬http://www.cravenroad-medicalpractice.co.uk/¬0113 2953532
4259¬B86018¬GP¬UNKNOWN¬Visible¬True¬True¬Mulberry Street Medical Centre¬18 Mulberry Street¬¬¬Pudsey¬West Yorkshire¬LS28 7XP¬53.794742584228516¬-1.6639550924301147¬15F¬NHS Leeds CCG¬01132570711¬¬http://www.pudseyhealthcentre.co.uk/¬0113 2954168
4260¬B86019¬GP¬UNKNOWN¬Visible¬True¬True¬Dr Ottman & Partners RL¬Rutland Lodge Medical Centre¬Scott Hall Road¬¬Leeds¬West Yorkshire¬LS7 3DR¬53.825092315673828¬-1.5433943271636963¬15F¬NHS Leeds CCG¬01132007474¬¬¬0113 2952748
4261¬B86019002¬GP¬UNKNOWN¬Visible¬True¬True¬Rutland Lodge Medical Practice¬27 Carlton Gardens¬¬¬Leeds¬West Yorkshire¬LS7 1JL¬53.807498931884766¬-1.5408520698547363¬15F¬NHS Leeds CCG¬01132007474¬¬¬0113 2007474
4262¬B86020001¬GP¬UNKNOWN¬Visible¬True¬True¬Dr B S Browning and Partners¬4 Marsh Street¬Rothwell¬¬Leeds¬West Yorkshire¬LS26 0AE¬53.747241973876953¬-1.4789285659790039¬15F¬NHS Leeds CCG¬01132823390¬info.lofthousereception@nhs.net¬http://www.themansesurgery.co.uk¬
4263¬B86020¬GP¬UNKNOWN¬Visible¬True¬True¬Lofthouse Surgery¬2 Church Farm Close¬Leeds Road¬Lofthouse¬Wakefield¬West Yorkshire¬WF3 3SA¬53.729446411132812¬-1.4953668117523193¬15F¬NHS Leeds CCG¬01924822273¬info.lofthousereception@nhs.net¬http://www.lofthousesurgery.co.uk/¬01924 825168
4264¬B86022¬GP¬UNKNOWN¬Visible¬True¬True¬Oakwood Lane Medical Practice¬2 Amberton Terrace¬¬¬Leeds¬West Yorkshire¬LS8 3BZ¬53.818599700927734¬-1.4923251867294312¬15F¬NHS Leeds CCG¬01132953750¬chapeloak.prescriptions@nhs.net¬¬0113 2953760
4265¬B86023¬GP¬UNKNOWN¬Visible¬True¬True¬The Avenue Surgery¬24 The Avenue¬Alwoodley¬¬Leeds¬West Yorkshire¬LS17 7BE¬53.857009887695313¬-1.5609718561172485¬15F¬NHS Leeds CCG¬01132953780¬avenuesurgeryleeds@nhs.net¬http://www.avenuesurgeryleeds.co.uk/¬
4267¬B86024¬GP¬UNKNOWN¬Visible¬True¬True¬Priory View Medical Centre¬2A Green Lane¬¬¬Leeds¬West Yorkshire¬LS12 1HU¬53.791637420654297¬-1.5751338005065918¬15F¬NHS Leeds CCG¬01132954260¬¬¬0113 2954278
4268¬B86025¬GP¬UNKNOWN¬Visible¬True¬True¬Hyde Park Surgery¬Woodsley Road¬¬¬Leeds¬West Yorkshire¬LS6 1SG¬53.806827545166016¬-1.5677067041397095¬15F¬NHS Leeds CCG¬01132001090¬hydeparksurgery@nhs.net¬https://www.hydeparksurgery.co.uk/¬
4270¬B86028¬GP¬UNKNOWN¬Visible¬True¬True¬South Queen Street Medical Centre¬South Queen Street¬Morley¬¬Leeds¬West Yorkshire¬LS27 9EW¬53.742183685302734¬-1.5987693071365356¬15F¬NHS Leeds CCG¬01132534863¬queenstreet.surgery@nhs.net¬http://www.southqueenstreetmedical.nhs.uk/¬
4271¬B86029¬GP¬UNKNOWN¬Visible¬True¬True¬Westgate Surgery¬Westgate¬¬¬Otley¬West Yorkshire¬LS21 3HD¬53.90478515625¬-1.699146032333374¬15F¬NHS Leeds CCG¬01943 660533¬westgate.surgery1@nhs.net¬https://www.onemedicalgroup.co.uk/westgate-surgery¬
4272¬B86030¬GP¬UNKNOWN¬Visible¬True¬True¬Burton Croft Surgery¬St Michaels Court¬1 Shire Oak Street¬¬Leeds¬West Yorkshire¬LS6 2AF¬53.820808410644531¬-1.5769047737121582¬15F¬NHS Leeds CCG¬01132744777¬docs@burtondocs.co.uk¬www.burtondocs.co.uk¬0113 2304219
4273¬B86031¬GP¬UNKNOWN¬Visible¬True¬True¬Westfield Medical Centre¬First Floor¬The Reginald Centre¬263 Chapeltown Road¬Leeds¬West Yorkshire¬LS7 3EX¬53.817676544189453¬-1.5316882133483887¬15F¬NHS Leeds CCG¬01134679744¬westfield@nhs.net¬http://www.westfieldmedicalcentre.co.uk¬0113 2622791
4274¬B86032¬GP¬UNKNOWN¬Visible¬True¬True¬Chevin Medical Practice¬Charles Street Surgery¬Charles Street¬¬Otley¬West Yorkshire¬LS21 1BQ¬53.906864166259766¬-1.6937427520751953¬15F¬NHS Leeds CCG¬01943 858300¬chevin.medical@nhs.net¬http://www.chevinmedicalpractice.com¬01943 468373
4275¬B86032001¬GP¬UNKNOWN¬Visible¬True¬True¬The Health Centre¬Tredgold Crescent¬Bramhope¬¬Leeds¬West Yorkshire¬LS16 9BR¬53.881904602050781¬-1.6157948970794678¬15F¬NHS Leeds CCG¬01943 858300¬¬¬
4276¬B86033¬GP¬UNKNOWN¬Visible¬True¬True¬Crossley Street Surgery¬Crossley Street¬¬¬Wetherby¬West Yorkshire¬LS22 6RT¬53.930282592773438¬-1.3889124393463135¬15F¬NHS Leeds CCG¬01937543200¬¬http://www.crossleystreetsurgery.co.uk¬01937 588689
4277¬B86034¬GP¬UNKNOWN¬Visible¬True¬True¬Spa Surgery¬205 High Street¬Boston Spa¬¬Wetherby¬West Yorkshire¬LS23 6PY¬53.903640747070313¬-1.3430312871932983¬15F¬NHS Leeds CCG¬01937842842¬¬http://www.bostonspasurgery.co.uk/¬01937 841095
4278¬B86035¬GP¬UNKNOWN¬Visible¬True¬True¬The Whitfield Practice¬Hunslet Health Centre¬24 Church Street¬¬Leeds¬West Yorkshire¬LS10 2PT¬53.779895782470703¬-1.5264937877655029¬15F¬NHS Leeds CCG¬01132705194¬whitfieldpractice@nhs.net¬https://www.thewhitfieldpractice.co.uk/¬
4279¬B86036¬GP¬UNKNOWN¬Visible¬True¬True¬Gibson Lane Practice¬Gibson Lane¬Kippax¬¬Leeds¬West Yorkshire¬LS25 7JN¬53.771354675292969¬-1.3678412437438965¬15F¬NHS Leeds CCG¬01132870870¬¬http://gibsonlanepractice.co.uk/¬0113 2320746
4280¬B86036001¬GP¬UNKNOWN¬Visible¬True¬True¬GLP Hazelwood Avenue Surgery¬3-5 Hazelwood Avenue¬Garforth¬¬Leeds¬West Yorkshire¬LS25 2AW¬53.785427093505859¬-1.375719428062439¬15F¬NHS Leeds CCG¬01132872563¬¬http://gibsonlanepractice.co.uk/¬0113 2320747
4281¬B86036002¬GP¬UNKNOWN¬Visible¬True¬True¬Monk Fryston Surgery¬37 Main Street¬Monk Fryston¬¬Leeds¬West Yorkshire¬LS25 5EG¬53.761028289794922¬-1.2309767007827759¬15F¬NHS Leeds CCG¬01977683452¬¬http://www.gibsonlanemedicalpractice.co.uk/¬01977689112
4283¬B86038002¬GP¬UNKNOWN¬Visible¬True¬True¬Guiseley and Yeadon Medical Practice¬¬10 Netherfield Road¬Guiseley¬Leeds¬West Yorkshire¬LS20 9HE¬53.875923156738281¬-1.7135591506958008¬15F¬NHS Leeds CCG¬01138879742¬¬¬0113 2954044
4284¬B86038¬GP¬UNKNOWN¬Visible¬True¬True¬Guiseley And Yeadon Medical Practice¬Yeadon Community Health Centre¬17 South View Road¬Yeadon¬Leeds¬West Yorkshire¬LS19 7PS¬53.865299224853516¬-1.6841164827346802¬15F¬NHS Leeds CCG¬01138879742¬admin.yhc@nhs.net¬¬
4285¬B86039¬GP¬UNKNOWN¬Visible¬True¬True¬Allerton Medical Centre¬6 Montreal Avenue¬¬¬Leeds¬West Yorkshire¬LS7 4LF¬53.826923370361328¬-1.5338640213012695¬15F¬NHS Leeds CCG¬01132953460¬allerton.admin@nhs.net¬https://www.allertonmedicalcentre.co.uk/¬0113 2953469
4286¬B86041001¬GP¬UNKNOWN¬Visible¬True¬True¬Morris Lane Surgery, Kirkstall Clinic¬15 Morris Lane¬¬¬Leeds¬West Yorkshire¬LS5 3DB¬53.817165374755859¬-1.5996791124343872¬15F¬NHS Leeds CCG¬01132752098¬enquiries.vesperroad@nhs.net¬http://www.vesperroadsurgery.co.uk/index.aspx¬0113 2749424
4287¬B86041¬GP¬UNKNOWN¬Visible¬True¬True¬Vesper Road¬43 Vesper Road¬¬¬Leeds¬West Yorkshire¬LS5 3QT¬53.827320098876953¬-1.6153218746185303¬15F¬NHS Leeds CCG¬01132751248¬¬http://www.vesperroadsurgery.co.uk/index.aspx¬0113 2749090
4288¬B86042¬GP¬UNKNOWN¬Visible¬True¬True¬Lingwell Croft Surgery¬16 Shelldrake Drive¬Middleton¬¬Leeds¬West Yorkshire¬LS10 3NB¬53.749973297119141¬-1.5350341796875¬15F¬NHS Leeds CCG¬01132704848¬info.lingwellcroft@nhs.net¬http://www.lingwellcroft.co.uk/¬
4289¬B86043¬GP¬UNKNOWN¬Visible¬True¬True¬East Park Medical Centre¬5-7 East Park Road¬¬¬Leeds¬West Yorkshire¬LS9 9JD¬53.793170928955078¬-1.514928936958313¬15F¬NHS Leeds CCG¬01138878134¬¬http://www.eastparkmedicalcentre.com¬
4290¬B86043002¬GP¬UNKNOWN¬Visible¬True¬True¬Halton Medical Practice¬2A Primrose Lane¬¬¬Leeds¬West Yorkshire¬LS15 7HR¬53.79638671875¬-1.4722321033477783¬15F¬NHS Leeds CCG¬01138878134¬¬https://eastparkmedicalcentre.com¬
4291¬B86044001¬GP¬UNKNOWN¬Visible¬True¬True¬The New Croft Surgery¬Broadgate Lane¬Horsforth¬¬Leeds¬West Yorkshire¬LS18 4SE¬53.839714050292969¬-1.6353899240493774¬15F¬NHS Leeds CCG¬01132395550¬¬http://www.newcroftsurgery.nhs.uk/¬0113 2954989
4292¬B86044¬GP¬UNKNOWN¬Visible¬True¬True¬Ireland Wood Surgery¬Iveson Approach¬¬¬Leeds¬West Yorkshire¬LS16 6FR¬53.847034454345703¬-1.6039609909057617¬15F¬NHS Leeds CCG¬01132303470¬¬http://www.irelandwoodsurgery.nhs.uk/¬0113 2300402
4295¬B86048001¬GP¬UNKNOWN¬Visible¬True¬True¬Elmwood Surgery¬Elmwood Lane¬Barwick In Elmet¬¬Leeds¬West Yorkshire¬LS15 4JX¬53.829624176025391¬-1.3956195116043091¬15F¬NHS Leeds CCG¬01132814950¬¬http://www.garforthmedicalcentre.co.uk¬0113 2812679
4296¬B86048002¬GP¬UNKNOWN¬Visible¬True¬True¬Jessamine Cottage Surgery¬Main Street¬Aberford¬¬Leeds¬West Yorkshire¬LS25 3AA¬53.830295562744141¬-1.3423709869384766¬15F¬NHS Leeds CCG¬01132814967¬¬http://www.garforthmedicalcentre.co.uk/¬0113 2814965
4297¬B86048¬GP¬UNKNOWN¬Visible¬True¬True¬Garforth Medical Centre¬Church Lane¬Garforth¬¬Leeds¬West Yorkshire¬LS25 1HB¬53.792301177978516¬-1.3874274492263794¬15F¬NHS Leeds CCG¬01132877321¬¬http://www.garforthmedicalcentre.co.uk¬0113 2875864
4298¬B86049¬GP¬UNKNOWN¬Visible¬True¬True¬Woodhouse Medical Practice¬Woodhouse Health Centre¬Cambridge Road¬¬Leeds¬West Yorkshire¬LS6 2SF¬53.812629699707031¬-1.5475239753723145¬15F¬NHS Leeds CCG¬01132213510¬woodhouse.medicalpractice@nhs.net¬http://www.woodhousemedicalpractice.nhs.uk¬
4299¬B86049001¬GP¬UNKNOWN¬Visible¬True¬True¬Chandos Medical Centre¬123 Lidgett Lane¬¬¬Leeds¬West Yorkshire¬LS8 1QR¬53.835987091064453¬-1.5213789939880371¬15F¬NHS Leeds CCG¬01132213510¬woodhouse.medicalpractice@nhs.net¬http://www.woodhousemedicalpractice.nhs.uk¬
4300¬B86050002¬GP¬UNKNOWN¬Visible¬True¬True¬Glenlea Surgery¬703 Leeds & Bradford Road¬Stanningley¬¬Leeds¬West Yorkshire¬LS28 6PE¬53.810020446777344¬-1.6506665945053101¬15F¬NHS Leeds CCG¬01132570313¬admin.glenleasurgery@nhs.net¬¬0113 2362509
4301¬B86050001¬GP¬UNKNOWN¬Visible¬True¬True¬West Lodge Surgery¬New Street¬Farsley¬¬Leeds¬West Yorkshire¬LS28 5DL¬53.810871124267578¬-1.6696882247924805¬15F¬NHS Leeds CCG¬01132570295¬admin.westlodgesurgery@nhs.net¬¬0113 2362509
4302¬B86050¬GP¬UNKNOWN¬Visible¬True¬True¬West Lodge Surgery¬43 Upper Carr Lane¬Calverley¬¬Pudsey¬West Yorkshire¬LS28 5PL¬53.826126098632813¬-1.6905940771102905¬15F¬NHS Leeds CCG¬01132570061¬admin.calverleysurgery@nhs.net¬http://www.westleedsfamilypractice.co.uk¬0113 2578292
4303¬B86051¬GP¬UNKNOWN¬Visible¬True¬True¬Aire Valley Surgery¬1 Suffolk Court¬Silver Lane¬¬Yeadon¬West Yorkshire¬LS19 7JN¬53.866664886474609¬-1.6848665475845337¬15F¬NHS Leeds CCG¬0113 8879585¬¬https://www.airevalleysurgery.nhs.uk/¬
4304¬B86052¬GP¬UNKNOWN¬Visible¬True¬True¬Park Road Medical Centre¬44 Park Road¬Guiseley¬¬Leeds¬West Yorkshire¬LS20 8AR¬53.871746063232422¬-1.7113672494888306¬15F¬NHS Leeds CCG¬01943874151¬¬http://www.menstonguiseleypractice.co.uk/¬
4305¬B86052001¬GP¬UNKNOWN¬Visible¬True¬True¬Menston Medical Centre¬119 Main Street¬Menston¬¬Leeds¬West Yorkshire¬LS29 6HT¬53.889057159423828¬-1.7380870580673218¬15F¬NHS Leeds CCG¬01943872113¬¬http://www.menstonguiseleypractice.co.uk/¬
4306¬B86054¬GP¬UNKNOWN¬Visible¬True¬True¬The Garden Surgery¬2nd Floor East Leeds Health Centre¬78 Osmondthorpe Lane¬¬Leeds¬West Yorkshire¬LS9 9EF¬53.800235748291016¬-1.4978426694869995¬15F¬NHS Leeds CCG¬01132009190¬¬http://www.thegardensurgeryleeds.co.uk¬0871 226 4310
4307¬B86055001¬GP¬UNKNOWN¬Visible¬True¬True¬The Grange Medical Centre¬999 York Road¬¬¬Leeds¬West Yorkshire¬LS14 6NX¬53.820606231689453¬-1.4591530561447144¬15F¬NHS Leeds CCG¬01132951838¬¬http://www.amedicalcentre.co.uk/index.aspx¬0113 2732959
4308¬B86055¬GP¬UNKNOWN¬Visible¬True¬True¬Ashfield Medical Centre¬15 Austhorpe Road¬Crossgates¬¬Leeds¬West Yorkshire¬LS15 8BA¬53.807456970214844¬-1.44933021068573¬15F¬NHS Leeds CCG¬01132951828¬¬http://www.amedicalcentre.co.uk/index.aspx¬0113 2643220
4309¬B86056¬GP¬UNKNOWN¬Visible¬True¬True¬Shadwell Medical Centre¬137 Shadwell Lane¬¬¬Leeds¬West Yorkshire¬LS17 8AE¬53.850170135498047¬-1.5257623195648193¬15F¬NHS Leeds CCG¬01132371914¬¬http://www.shadwellmedicalcentre.co.uk/¬0113 2930900
4310¬B86057002¬GP¬UNKNOWN¬Visible¬True¬True¬Adwalton House Surgery¬1 - 3 Wakefield Road¬Drighlington¬¬Bradford¬West Yorkshire¬BD11 1DH¬53.753742218017578¬-1.6531655788421631¬15F¬NHS Leeds CCG¬0113 2853222¬¬http://www.windsorhousegrouppractice.co.uk¬0113 2853939
4311¬B86057¬GP¬UNKNOWN¬Visible¬True¬True¬WIndsor House Surgery¬2 Corporation Street¬Morley¬¬LEEDS¬West Yorkshire¬LS27 9NB¬53.744777679443359¬-1.6055223941802979¬15F¬NHS Leeds CCG¬01132525223¬¬http://www.windsorhousegrouppractice.co.uk¬0113 238 1262
4312¬B86057001¬GP¬UNKNOWN¬Visible¬True¬True¬Shenstone House Surgery¬Elland Road¬Churwell¬¬Leeds¬West Yorkshire¬LS27 7PX¬53.759258270263672¬-1.5924637317657471¬15F¬NHS Leeds CCG¬0113 2522606¬¬http://www.windsorhousegrouppractice.co.uk¬0113 2380843
4313¬B86058¬GP¬UNKNOWN¬Visible¬True¬True¬Dr Kw Mcgechaen & Partner¬Sunfield Place¬Stanningley¬¬Pudsey¬West Yorkshire¬LS28 6DR¬53.806419372558594¬-1.6682503223419189¬15F¬NHS Leeds CCG¬01132058100¬¬http://www.sunfieldmedicalcentre.co.uk/¬0113 2363261
4314¬B86059¬GP¬UNKNOWN¬Visible¬True¬True¬Meanwood Health Centre¬548 Meanwood Road¬¬¬Leeds¬West Yorkshire¬LS6 4JN¬53.827167510986328¬-1.5657958984375¬15F¬NHS Leeds CCG¬01132305055¬¬http://www.meanwoodgrouppractice.co.uk¬
4315¬B86060¬GP¬UNKNOWN¬Visible¬True¬True¬Thornton Medical Centre¬15 Green Lane¬¬¬Leeds¬West Yorkshire¬LS12 1JE¬53.791912078857422¬-1.5761936902999878¬15F¬NHS Leeds CCG¬01132310626¬¬http://www.thorntonmedicalcentre.nhs.uk/¬0113 2015079
4316¬B86061¬GP¬UNKNOWN¬Visible¬True¬True¬The Practice Harehills Corner ¬209 Roundhay Road¬¬¬Leeds¬West Yorkshire¬LS8 4HQ¬53.815692901611328¬-1.5188002586364746¬15F¬NHS Leeds CCG¬01132217217¬¬http://www.thepracticeharehillscorner.nhs.uk¬01132 401564
4317¬B86062002¬GP¬UNKNOWN¬Visible¬True¬True¬The Medical Centre¬143 Rookwood Avenue¬¬¬Leeds¬West Yorkshire¬LS9 0NL¬53.800979614257812¬-1.4888606071472168¬15F¬NHS Leeds CCG¬01132493011¬¬¬0113 2401958
4318¬B86062¬GP¬UNKNOWN¬Visible¬True¬True¬The Medical Centre¬846 York Road¬¬¬Leeds¬West Yorkshire¬LS14 6DX¬53.813713073730469¬-1.4552474021911621¬15F¬NHS Leeds CCG¬01132647278¬¬¬
4319¬B86064¬GP¬UNKNOWN¬Visible¬True¬True¬Leigh View Medical Practice¬Bradford Road¬Tingley¬¬Wakefield¬West Yorkshire¬WF3 1RQ¬53.728572845458984¬-1.5589604377746582¬15F¬NHS Leeds CCG¬01132537629¬vallen1@nhs.net¬https://www.leighviewmedical.co.uk¬0113 2381286
4320¬B86068002¬GP¬UNKNOWN¬Visible¬True¬True¬Abbey Grange Medical Practice 2¬Moor Grange Surgery¬60 Moor Grange View¬¬Leeds¬West Yorkshire¬LS16 5BJ¬53.834251403808594¬-1.6040900945663452¬15F¬NHS Leeds CCG¬0113 2954880¬abbeygrange.medicalpractice@nhs.net¬http://www.abbeygrangemedicalpractice.co.uk¬0113 2954881
4321¬B86066¬GP¬UNKNOWN¬Visible¬True¬True¬The Street Lane Practice¬12 Devonshire Avenue¬Leeds¬¬Leeds¬West Yorkshire¬LS8 1AY¬53.843235015869141¬-1.5133780241012573¬15F¬NHS Leeds CCG¬01132371128¬streetlanepractice@nhs.net¬http://streetlanepractice.com¬
4322¬B86067¬GP¬UNKNOWN¬Visible¬True¬True¬The Dekeyser Group Practice¬The Fountain Medical Centre¬Little Fountain Street¬¬Leeds¬West Yorkshire¬LS27 9EN¬53.743381500244141¬-1.6043901443481445¬15F¬NHS Leeds CCG¬01132951600¬¬http://www.fountainmedical.co.uk¬0113 2951660
4324¬B86068¬GP¬UNKNOWN¬Visible¬True¬True¬Abbey Grange Medical Practice¬The Abbey Medical Centre¬Norman Street¬¬Leeds¬West Yorkshire¬LS5 3JN¬53.818305969238281¬-1.6015669107437134¬15F¬NHS Leeds CCG¬01132951844¬abbeygrange.medicalpractice@nhs.net¬¬0113 2951845
4325¬B86069¬GP¬UNKNOWN¬Visible¬True¬True¬Burley Park Medical Centre¬273 Burley Road¬¬¬Leeds¬West Yorkshire¬LS4 2EL¬53.807544708251953¬-1.5797412395477295¬15F¬NHS Leeds CCG¬01132953850¬¬http://www.burleyparkmedicalcentre.co.uk/¬0113 2953864
4326¬B86070¬GP¬UNKNOWN¬Visible¬True¬True¬Aireborough Family Practice¬1 Suffolk Court¬Silver Lane¬¬Leeds¬West Yorkshire¬LS19 7JN¬53.866664886474609¬-1.6848665475845337¬15F¬NHS Leeds CCG¬01133911950¬aireborough.practice@nhs.net¬http://www.aireboroughfamilypractice.nhs.uk¬
4327¬B86071¬GP¬UNKNOWN¬Visible¬True¬True¬Whitehall Surgery¬Wortley Beck Health Centre¬¬¬Leeds¬West Yorkshire¬LS12 5SG¬53.782451629638672¬-1.6011021137237549¬15F¬NHS Leeds CCG¬0113 4677533¬¬http://www.gpNHS.net¬
4329¬B86074¬GP¬UNKNOWN¬Visible¬True¬True¬Fieldhead Surgery¬65 New Road Side¬Horsforth¬¬Leeds¬West Yorkshire¬LS18 4JY¬53.831790924072266¬-1.6393635272979736¬15F¬NHS Leeds CCG¬01132953410¬¬http://www.fieldheadsurgery.co.uk/¬0113 2953417
4330¬B86075¬GP¬UNKNOWN¬Visible¬True¬True¬Colton Mill Medical Centre¬Colton Mill Medical Centre¬Stile Hill Way¬¬Leeds¬West Yorkshire¬LS15 9JH¬53.791954040527344¬-1.431909441947937¬15F¬NHS Leeds CCG¬01132951802¬¬http://www.coltonmill-thegrange.nhs.uk/¬0113 2951798
4331¬B86075002¬GP¬UNKNOWN¬Visible¬True¬True¬The Grange Medical Centre¬Dr T Fox And Partners The Grange Medical Centre¬999 York Road¬Seacroft¬Leeds¬West Yorkshire¬LS14 6NX¬53.820606231689453¬-1.4591530561447144¬15F¬NHS Leeds CCG¬01132951800¬¬http://www.coltonmill-thegrange.nhs.uk¬0113 2951799
4333¬B86081¬GP¬UNKNOWN¬Visible¬True¬True¬Bellbrooke Surgery¬Bellbrooke Avenue¬Harehills¬¬Leeds¬West Yorkshire¬LS9 6AU¬53.808673858642578¬-1.5058572292327881¬15F¬NHS Leeds CCG¬01138879565¬¬http://www.bellbrookesurgery.co.uk¬0113 2484993
4334¬B86086¬GP¬UNKNOWN¬Visible¬True¬True¬Laurel Bank Surgery¬216B Kirkstall Lane¬¬¬Leeds¬West Yorkshire¬LS6 3DS¬53.816944122314453¬-1.5873175859451294¬15F¬NHS Leeds CCG¬01132953900¬lbs.reception@nhs.net¬http://www.laurelbank.gpsurgery.net¬
4335¬B86089¬GP¬UNKNOWN¬Visible¬True¬True¬Nova Scotia Medical Centre¬22A Leeds Road¬Allerton Bywater¬¬Castleford¬West Yorkshire¬WF10 2DP¬53.747562408447266¬-1.3730355501174927¬15F¬NHS Leeds CCG¬01977552193¬¬¬01977 518891
4337¬B86092¬GP¬UNKNOWN¬Visible¬True¬True¬Kippax Hall Surgery¬54 High Street¬Kippax¬¬Leeds¬West Yorkshire¬LS25 7AB¬53.766544342041016¬-1.3689451217651367¬15F¬NHS Leeds CCG¬01133854558¬kippaxhall.reception@nhs.net¬http://kippaxhallsurgery.co.uk/¬
4338¬B86093¬GP¬UNKNOWN¬Visible¬True¬True¬Park Edge Practice¬Asket Drive¬¬¬Leeds¬West Yorkshire¬LS14 1HX¬53.8251953125¬-1.4830211400985718¬15F¬NHS Leeds CCG¬01132954650¬parkedgepractice@nhs.net¬http://www.parkedgepractice.co.uk¬0113 2954663
4339¬B86094¬GP¬UNKNOWN¬Visible¬True¬True¬The Gables Surgery¬Swinnow Green¬¬¬Pudsey¬West Yorkshire¬LS28 9AW¬53.799922943115234¬-1.6511123180389404¬15F¬NHS Leeds CCG¬0113 2574730¬¬https://thegablessurgery.co.uk¬
4341¬B86096¬GP¬UNKNOWN¬Visible¬True¬True¬Arthington Medical Centre¬5 Moor Road¬Hunslet¬¬Leeds¬West Yorkshire¬LS10 2JJ¬53.772148132324219¬-1.5328928232192993¬15F¬NHS Leeds CCG¬01133852180¬¬¬0113 2700927
4342¬B86100¬GP¬UNKNOWN¬Visible¬True¬True¬St Martin’s Practice¬¬210 Chapeltown Road¬¬Leeds¬West Yorkshire¬LS7 4HZ¬53.821453094482422¬-1.532137393951416¬15F¬NHS Leeds CCG¬0113 221 1888¬¬http://www.stmartinspracticeleeds.nhs.uk¬
4343¬B86101¬GP¬UNKNOWN¬Visible¬True¬True¬Gildersome Health Centre¬Finkle Lane¬Gildersome¬¬Leeds¬West Yorkshire¬LS27 7HL¬53.756557464599609¬-1.6292848587036133¬15F¬NHS Leeds CCG¬01132535134¬¬www.gildersomehealthcentre.nhs.uk¬
4345¬B86103¬GP¬UNKNOWN¬Visible¬True¬True¬Conway Medical Centre¬51-53 Conway Place¬¬¬Leeds¬West Yorkshire¬LS8 5DE¬53.811122894287109¬-1.5134612321853638¬15F¬NHS Leeds CCG¬01133918100¬conwaymedical.leeds@nhs.net¬¬
4346¬B86104¬GP¬UNKNOWN¬Visible¬True¬True¬Bramley Village Health and Wellbeing Centre¬Bramley Village Health and Wellbeing Centre¬Highfield Road¬Bramley¬Leeds¬West Yorkshire¬LS13 2BL¬53.807926177978516¬-1.6239503622055054¬15F¬NHS Leeds CCG¬0113 256 3250¬¬http://www.bramleyvillage.co.uk¬0113 2360606
4347¬B86106¬GP¬UNKNOWN¬Visible¬True¬True¬Dr Frost, Hall and Rushforth¬95 Moresdale Lane¬¬¬Leeds¬West Yorkshire¬LS14 6GG¬53.810577392578125¬-1.471552848815918¬15F¬NHS Leeds CCG¬0113 2951200¬foundry.lane@nhs.net¬http://www.foundrylanesurgery.nhs.uk¬
4349¬B86108¬GP¬UNKNOWN¬Visible¬True¬True¬Chapeltown Family Surgery¬Chapeltown Health Centre¬Spencer Place¬¬Leeds¬West Yorkshire¬LS7 4BB¬53.811435699462891¬-1.5261842012405396¬15F¬NHS Leeds CCG¬01132407000¬¬¬0113 2408623
4350¬B86109¬GP¬UNKNOWN¬Visible¬True¬True¬Kirkstall Lane Medical Centre¬216 Kirkstall Lane¬¬¬Leeds¬West Yorkshire¬LS6 3DS¬53.816944122314453¬-1.5873175859451294¬15F¬NHS Leeds CCG¬01132953666¬kirkstall.lane@nhs.net¬http://www.kirkstalllanemedicalcentre.co.uk/¬0113 2953650
4351¬B86110¬GP¬UNKNOWN¬Visible¬True¬True¬Leeds Student Medical Practice¬4 Blenheim Court¬Blenheim Walk¬¬Leeds¬West Yorkshire¬LS2 9AE¬53.807811737060547¬-1.5498232841491699¬15F¬NHS Leeds CCG¬01132954488¬¬www.leedsstudentmedicalpractice.co.uk¬0113 2954499
4352¬B86623¬GP¬UNKNOWN¬Visible¬True¬True¬Dr Yuen Fong Soloman Wong¬Ashton View Medical Centre¬7 Ashton View¬¬Leeds¬West Yorkshire¬LS8 5BS¬53.809513092041016¬-1.5157274007797241¬15F¬NHS Leeds CCG¬01132953880¬¬¬0113 2953881
4353¬B86625¬GP¬UNKNOWN¬Visible¬True¬True¬Wetherby Surgery¬Hallfield Lane¬¬¬Wetherby¬West Yorkshire¬LS22 6JS¬53.931022644042969¬-1.3788496255874634¬15F¬NHS Leeds CCG¬01937585669¬¬http://www.onemedicalgroup.co.uk/wetherby-surgery¬
4354¬B86625002¬GP¬UNKNOWN¬Visible¬True¬True¬Harewood Surgery¬69 The Square¬Harewood¬¬Leeds¬West Yorkshire¬LS17 9LQ¬53.900493621826172¬-1.5125458240509033¬15F¬NHS Leeds CCG¬01937 585669¬¬¬
4355¬B86633¬GP¬UNKNOWN¬Visible¬True¬True¬Hunslet Health Centre¬Dr A Khan & Dr K Muneer¬Hunslet Health Centre¬24 Church Street¬Leeds¬West Yorkshire¬LS10 2PT¬53.779895782470703¬-1.5264937877655029¬15F¬NHS Leeds CCG¬0113 2705620¬b86633.general@nhs.net¬http://www.drkhanandrmuneer.co.uk¬0113 2765595
4357¬B86642¬GP¬UNKNOWN¬Visible¬True¬True¬Church Street Surgery¬57 Church Street¬Hunslet¬¬Leeds¬West Yorkshire¬LS10 2PE¬53.779407501220703¬-1.5258467197418213¬15F¬NHS Leeds CCG¬01132711884¬¬¬0113 2720008
4358¬B86643¬GP¬UNKNOWN¬Visible¬True¬True¬The Roundhay Road Surgery¬173 Roundhay Road¬¬¬Leeds¬West Yorkshire¬LS8 5AN¬53.813877105712891¬-1.5207346677780151¬15F¬NHS Leeds CCG¬01132350379¬ahussain5@nhs.net¬¬0113 2489597
4359¬B86648¬GP¬UNKNOWN¬Visible¬True¬True¬Family Doctors¬The Family Doctors¬5 Austhorpe View¬Whitkirk¬Leeds¬West Yorkshire¬LS15 8NN¬53.798252105712891¬-1.4409488439559937¬15F¬NHS Leeds CCG¬01132602262¬¬¬0113 2328090
4362¬B86654¬GP¬UNKNOWN¬Visible¬True¬True¬Oakwood Surgery¬Gledhow Rise¬¬¬Leeds¬West Yorkshire¬LS8 4AA¬53.826763153076172¬-1.5071576833724976¬15F¬NHS Leeds CCG¬01132951515¬¬www.oakwoodsurgeryleeds.nhs.uk¬0113 295 1500
4363¬B86655¬GP¬UNKNOWN¬Visible¬True¬True¬Beech Tree Medical Centre¬178 Henconner Lane¬Bramley¬¬Leeds¬West Yorkshire¬LS13 4JH¬53.797084808349609¬-1.6213977336883545¬15F¬NHS Leeds CCG¬0113 263 0112¬¬http://www.beechtreemedicalcentreleeds.nhs.uk/¬0113 224 4857
4364¬B86658¬GP¬UNKNOWN¬Visible¬True¬True¬Moorfield House Surgery¬11 Wakefield Road¬Garforth¬¬Leeds¬West Yorkshire¬LS25 1AN¬53.795764923095703¬-1.3902158737182617¬15F¬NHS Leeds CCG¬0113 2862214¬¬http://www.moorfieldhousesurgery.nhs.uk/¬0113 2874371
4366¬B86666¬GP¬UNKNOWN¬Visible¬True¬True¬NEWTON SURGERY¬305 Chapeltown Road¬¬¬Leeds¬West Yorkshire¬LS7 3JT¬53.821331024169922¬-1.5329387187957764¬15F¬NHS Leeds CCG¬01132953737¬newton.surgery@nhs.net¬¬01132953738
4367¬B86667¬GP¬UNKNOWN¬Visible¬True¬True¬Beeston Village Surgery¬James Reed House¬Town Street¬¬Leeds¬West Yorkshire¬LS11 8PN¬53.772418975830078¬-1.5691373348236084¬15F¬NHS Leeds CCG¬01132720720¬info.bvs@nhs.net¬http://www.beestonvillagesurgery.co.uk/¬0113 2777778
4369¬B86672¬GP¬UNKNOWN¬Visible¬True¬True¬Hawthorn Surgery¬Wortley Beck Health Centre¬¬¬Leeds¬West Yorkshire¬LS12 5SG¬53.782310485839844¬-1.5990686416625977¬15F¬NHS Leeds CCG¬01132954770¬¬https://www.hawthornsurgery.com¬0113 2954771
4370¬B86673¬GP¬UNKNOWN¬Visible¬True¬True¬Bramham Medical Centre¬Clifford Road¬Bramham¬¬Wetherby¬West Yorkshire¬LS23 6RN¬53.882987976074219¬-1.3543387651443481¬15F¬NHS Leeds CCG¬01937845854¬¬http://www.bramhammedicalcentre.nhs.uk¬01937 844480
4372¬B86675¬GP¬UNKNOWN¬Visible¬True¬True¬The Practice Lincoln Green ¬Burmantofts Health Centre¬Cromwell Mount¬¬Leeds¬West Yorkshire¬LS9 7TA¬53.802101135253906¬-1.5251809358596802¬15F¬NHS Leeds CCG¬01132211900¬¬https://www.thepracticelincolngreen.nhs.uk¬0113 2404113
4373¬B86678¬GP¬UNKNOWN¬Visible¬True¬True¬Dr F Gupta's Practice¬Station Road¬Drighlington¬¬Bradford¬West Yorkshire¬BD11 1JU¬53.755416870117188¬-1.6634347438812256¬15F¬NHS Leeds CCG¬01132956888¬¬¬0113 2954682
4374¬B86104002¬GP¬UNKNOWN¬Visible¬True¬True¬Middleton Park GP Surgery¬Middleton Community Centre¬1st Floor¬Middleton Park Avenue¬Leeds¬West Yorkshire¬LS10 4HT¬53.744106292724609¬-1.5474109649658203¬15F¬NHS Leeds CCG¬01134677522¬¬http://www.middletonparkgpsurgery.co.uk/¬0113 277 1747
4375¬B87001002¬GP¬UNKNOWN¬Visible¬True¬True¬Dr Swan & Partners - Emley Clinic¬The Clinic¬The Crofts¬Emley¬Huddersfield¬West Yorkshire¬HD8 9RU¬53.614227294921875¬-1.6310912370681763¬03R¬NHS Wakefield CCG¬01924237100¬middlestown.surgery@nhs.net¬http://www.middlestownmedicalcentre.nhs.uk¬01924 237107
4376¬B87001001¬GP¬UNKNOWN¬Visible¬True¬True¬Dr Swan & Partners - Flockton ¬101 Barnsley Road¬Flockton¬¬Wakefield¬West Yorkshire¬WF4 4DH¬53.630073547363281¬-1.640497088432312¬03R¬NHS Wakefield CCG¬01924237100¬middlestown.surgery@nhs.net¬¬01924 237107
4377¬B87001¬GP¬UNKNOWN¬Visible¬True¬True¬Dr Swan & Partners - Middlestown Medical Centre ¬Middlestown Medical Centre¬New Road¬Middlestown¬Wakefield¬West Yorkshire¬WF4 4PA¬53.650547027587891¬-1.6005469560623169¬03R¬NHS Wakefield CCG¬01924237100¬middlestown.surgery@nhs.net¬¬01924 237107
4379¬B87002¬GP¬UNKNOWN¬Visible¬True¬True¬Orchard Croft¬Orchard Croft Medical Centre¬Cluntergate¬Horbury¬Wakefield¬West Yorkshire¬WF4 5BY¬53.660003662109375¬-1.5498250722885132¬03R¬NHS Wakefield CCG¬01924271016¬¬¬01924 279459
4380¬B87003¬GP¬UNKNOWN¬Visible¬True¬True¬College Lane Surgery ¬Barnsley Road¬Ackworth¬¬Pontefract¬West Yorkshire¬WF7 7HZ¬53.644573211669922¬-1.3362772464752197¬03R¬NHS Wakefield CCG¬01977611023¬¬http://www.collegelanesurgery.com¬01977 612146
4381¬B87003001¬GP¬UNKNOWN¬Visible¬True¬True¬College Lane Surgery - Branch at Thorpe Audlin Surgery ¬Thorpe Lane¬¬¬Pontefract¬West Yorkshire¬WF8 3EW¬53.639625549316406¬-1.2820706367492676¬03R¬NHS Wakefield CCG¬01977611023¬¬¬01977 612146
4382¬B87004¬GP¬UNKNOWN¬Visible¬True¬True¬Warrengate Medical Centre¬78 Upper Warrengate¬¬¬Wakefield¬West Yorkshire¬WF1 4PR¬53.682708740234375¬-1.4913074970245361¬03R¬NHS Wakefield CCG¬01924371011¬¬http://www.warrengate.org.uk/¬01924 379567
4383¬B87005¬GP¬UNKNOWN¬Visible¬True¬True¬Riverside Medical Centre¬Saville Road¬¬¬Castleford¬West Yorkshire¬WF10 1PH¬53.727989196777344¬-1.3580031394958496¬03R¬NHS Wakefield CCG¬01977554831¬riverside.mc@nhs.net¬https://www.riversidemedicalcentre.co.uk¬01977 603057
4385¬B87006¬GP¬UNKNOWN¬Visible¬True¬True¬Church View Health Centre¬Langthwaite Road¬South Kirkby¬¬Pontefract¬West Yorkshire¬WF9 3AP¬53.590740203857422¬-1.3093613386154175¬03R¬NHS Wakefield CCG¬01977642251¬¬https://churchviewhealthcentre.gpsurgery.net/¬01977 645515
4386¬B87006002¬GP¬UNKNOWN¬Visible¬True¬True¬Southmoor Surgery¬Southmoor Road¬Hemsworth¬¬Pontefract¬West Yorkshire¬WF9 4LU¬53.607982635498047¬-1.3520069122314453¬03R¬NHS Wakefield CCG¬01977615153¬¬¬
4387¬B87007¬GP¬UNKNOWN¬Visible¬True¬True¬Northgate Surgery¬Northgate¬¬¬Pontefract¬West Yorkshire¬WF8 1NF¬53.693965911865234¬-1.3094217777252197¬03R¬NHS Wakefield CCG¬01977703635¬¬www.northgatesurgery.org¬01977 702562
4388¬B87008¬GP¬UNKNOWN¬Visible¬True¬True¬Lupset Health Centre¬George A Green Court¬Lupset¬¬Wakefield¬West Yorkshire¬WF2 8FE¬53.672416687011719¬-1.5239906311035156¬03R¬NHS Wakefield CCG¬01924668977¬¬http://www.lupsetsurgery.co.uk¬01924 201649
4389¬B87009¬GP¬UNKNOWN¬Visible¬True¬True¬Doctors Roberts, Pepper & Berridge¬St Thomas Road¬Featherstone¬¬Pontefract¬West Yorkshire¬WF7 5HE¬53.674892425537109¬-1.3559191226959229¬03R¬NHS Wakefield CCG¬01977801363¬enquiries@stthomasroadsurgery.co.uk¬http://www.stthomasroadsurgery.co.uk¬01977 600278
4390¬B87011¬GP¬UNKNOWN¬Visible¬True¬True¬Friarwood Surgery¬Carleton Glen¬¬¬Pontefract¬West Yorkshire¬WF8 1SU¬53.688255310058594¬-1.3071832656860352¬03R¬NHS Wakefield CCG¬01977704777¬¬http://www.friarwoodsurgery.co.uk¬01977 690713
4391¬B87012¬GP¬UNKNOWN¬Visible¬True¬True¬Maybush Medical Centre¬Belle Isle Health Park¬Portobello Road¬Portobello Road¬Wakefield¬West Yorkshire¬WF1 5PN¬53.670257568359375¬-1.4892324209213257¬03R¬NHS Wakefield CCG¬01924334451¬¬http://www.maybushmedicalcentre.co.uk/¬01924 328130
4393¬B87013¬GP¬UNKNOWN¬Visible¬True¬True¬Outwood Park Medical Centre¬Potovens Lane¬Outwood¬¬Wakefield¬West Yorkshire¬WF1 2PE¬53.710945129394531¬-1.5122689008712769¬03R¬NHS Wakefield CCG¬01924822626¬¬https://outwoodpark.gpsurgery.net/¬01924 786236
4394¬B87015¬GP¬UNKNOWN¬Visible¬True¬True¬Stuart Road Surgery¬Stuart Road¬¬¬Pontefract¬West Yorkshire¬WF8 4PQ¬53.693435668945313¬-1.3152611255645752¬03R¬NHS Wakefield CCG¬01977703437¬¬¬01977 602334
4395¬B87016¬GP¬UNKNOWN¬Visible¬True¬True¬Dr Tobin & Partners White Rose Surgery¬Exchange Street¬South Elmsall¬¬Pontefract¬West Yorkshire¬WF9 2RD¬53.595432281494141¬-1.2936532497406006¬03R¬NHS Wakefield CCG¬01977642412¬¬http://www.whiterosesurgery.co.uk¬01977 641290
4396¬B87016001¬GP¬UNKNOWN¬Visible¬True¬True¬Rycroft Primary Care Centre¬Madeley Road¬Havercroft¬¬Wakefield¬West Yorkshire¬WF4 2QG¬53.624610900878906¬-1.4081673622131348¬03R¬NHS Wakefield CCG¬01226725555¬michelle.pugh@wdpct.nhs.uk¬http://www.rycroftprimarycarecentre.nhs.uk/¬01226 700051
4397¬B87016002¬GP¬UNKNOWN¬Visible¬True¬True¬South Hiendley Surgery¬Main Street¬South Hiendley¬¬Barnsley¬South Yorkshire¬S72 9AB¬53.606761932373047¬-1.3994243144989014¬03R¬NHS Wakefield CCG¬01226725555¬michelle.pugh@wdpct.nhs.uk¬http://www.rycroftprimarycarecentre.nhs.uk/¬01226 700051
4398¬B87017¬GP¬UNKNOWN¬Visible¬True¬True¬Trinity Medical Centre¬Trinity Medical Centre¬Thornhill Street¬¬Wakefield¬West Yorkshire¬WF1 1PG¬53.679943084716797¬-1.4948228597640991¬03R¬NHS Wakefield CCG¬01924784104¬¬http://www.tmcwakefield.co.uk¬01924 327165
4400¬B87017001¬GP¬UNKNOWN¬Visible¬True¬True¬Sandal Castle Medical Centre¬Asdale Road¬¬¬Wakefield¬West Yorkshire¬WF2 7JE¬53.649547576904297¬-1.4969863891601563¬03R¬NHS Wakefield CCG¬01924258955¬trinity.medicalcentre@nhs.net¬http://www.tmcwakefield.co.uk¬
4401¬B87018001¬GP¬UNKNOWN¬Visible¬True¬True¬Fryston Road Surgery¬175 Fryston Road¬Airedale¬¬Castleford¬West Yorkshire¬WF10 3LP¬53.725246429443359¬-1.314123272895813¬03R¬NHS Wakefield CCG¬01977552109¬¬¬01977 604197
4402¬B87018¬GP¬UNKNOWN¬Visible¬True¬True¬Henry Moore Clinic¬26 Smawthorne Lane¬¬¬Castleford¬West Yorkshire¬WF10 4EN¬53.720779418945312¬-1.3544759750366211¬03R¬NHS Wakefield CCG¬01977552007¬¬http://www.henrymooreclinic.co.uk/index.aspx¬01977 604197
4404¬B87019¬GP¬UNKNOWN¬Visible¬True¬True¬Stanley Health Centre¬Lake Lock Road¬Stanley¬¬Wakefield¬West Yorkshire¬WF3 4HS¬53.713840484619141¬-1.4758867025375366¬03R¬NHS Wakefield CCG¬01924822328¬¬http://www.stanleyhealthcentre.nhs.uk/¬01924 870052
4405¬B87020¬GP¬UNKNOWN¬Visible¬True¬True¬Chapelthorpe¬Chapelthorpe Medical Centre¬Standbridge Lane¬¬Wakefield¬West Yorkshire¬WF2 7GP¬53.644527435302734¬-1.5072717666625977¬03R¬NHS Wakefield CCG¬01924669080¬¬¬01924 257653
4406¬B87021¬GP¬UNKNOWN¬Visible¬True¬True¬Dr S Dutta & Partners - Ash Grove Medical Centre¬England Lane¬¬¬Knottingley¬West Yorkshire¬WF11 0JA¬53.704971313476563¬-1.2455568313598633¬03R¬NHS Wakefield CCG¬01977673141¬¬http://www.ashgrovesurgery.co.uk/¬01977 677054
4407¬B87021003¬GP¬UNKNOWN¬Visible¬True¬True¬Dr S Dutta & Partners - Whitley Bridge Surgery¬87 Selby Road¬Eggborough¬¬Goole¬East Riding Of Yorkshire¬DN14 0LJ¬53.702362060546875¬-1.1536413431167603¬03R¬NHS Wakefield CCG¬01977663295¬¬http://www.ashgrovesurgery.co.uk/¬
4409¬B87022¬GP¬UNKNOWN¬Visible¬True¬True¬Homestead Medical Centre¬Homestead Drive¬¬¬Wakefield¬West Yorkshire¬WF2 9PE¬53.682273864746094¬-1.5187318325042725¬03R¬NHS Wakefield CCG¬01924384498¬wakccg.homesteadmc@nhs.net¬http://homesteadmedicalcentre.co.uk/¬01924 294159
4410¬B87030004¬GP¬UNKNOWN¬Visible¬True¬True¬Welbeck Street Health Centre¬Welbeck Street¬¬¬Castleford¬West Yorkshire¬WF10 1HB¬53.725044250488281¬-1.3551836013793945¬03R¬NHS Wakefield CCG¬01977664141¬¬https://www.healthcarefirst.co.uk¬01977 519648
4411¬B87030003¬GP¬UNKNOWN¬Visible¬True¬True¬Elizabeth Court¬Elizabeth Court¬Elizabeth Drive¬¬Castleford¬West Yorkshire¬WF10 3TG¬53.724239349365234¬-1.3123512268066406¬03R¬NHS Wakefield CCG¬01977664141¬¬http://www.healthcarefirst.co.uk¬01977 519652
4412¬B87030¬GP¬UNKNOWN¬Visible¬True¬True¬ Pinfold Surgery¬Health Care First Partnership¬¬¬Pinfold Surgery, Pinfold Lane¬¬LS26 9AA¬53.736770629882813¬-1.3935719728469849¬03R¬NHS Wakefield CCG¬01977 664141¬¬https://www.healthcarefirst.co.uk¬01977 664506
4414¬B87025¬GP¬UNKNOWN¬Visible¬True¬True¬Castleford Medical Practice¬The Health Centre¬Welbeck Street¬¬Castleford¬West Yorkshire¬WF10 1HB¬53.725044250488281¬-1.3551836013793945¬03R¬NHS Wakefield CCG¬01977801444¬wakccg.castlefordmp@nhs.net¬http://www.castlefordmedicalpractice.nhs.uk¬01977 519342
4415¬B87026001¬GP¬UNKNOWN¬Visible¬True¬True¬Kinsley Medical Centre¬Wakefield Road¬¬¬Fitzwilliam¬West Yorkshire¬WF9 5BP¬53.630107879638672¬-1.3737037181854248¬03R¬NHS Wakefield CCG¬01977610009¬¬http://www.grangemedicalcentre.co.uk/¬01977 615588
4416¬B87026¬GP¬UNKNOWN¬Visible¬True¬True¬The Grange Medical Centre¬The Grange Medical Centre¬Highfield Road¬Hemsworth¬Pontefract¬West Yorkshire¬WF9 4DP¬53.611839294433594¬-1.3542335033416748¬03R¬NHS Wakefield CCG¬01977 610009¬¬http://www.grangemedicalcentre.co.uk/¬
4417¬B87026008¬GP¬UNKNOWN¬Visible¬True¬True¬Greenview Medical Centre¬Waggon Lane¬Upton¬¬Pontefract¬West Yorkshire¬WF9 1JS¬53.616420745849609¬-1.2756615877151489¬03R¬NHS Wakefield CCG¬01977610009¬¬http://www.grangemedicalcentre.co.uk¬01977 648894
4418¬B87027¬GP¬UNKNOWN¬Visible¬True¬True¬New Southgate Surgery¬Buxton Place¬Leeds Road¬¬Wakefield¬West Yorkshire¬WF1 3JQ¬53.692764282226563¬-1.5041345357894897¬03R¬NHS Wakefield CCG¬01924334400¬¬http://www.newsouthgatesurgery.co.uk¬01924 334439
4419¬B87028¬GP¬UNKNOWN¬Visible¬True¬True¬Crofton & Sharlston Med Practice¬Crofton Health Centre¬Slack Lane¬¬Crofton¬West Yorkshire¬WF4 1HJ¬53.656574249267578¬-1.4270272254943848¬03R¬NHS Wakefield CCG¬01924 862621¬ann.batty@wakefieldccg.nhs.uk¬http://croftonandsharlston.co.uk¬01924 866929
4420¬B87028001¬GP¬UNKNOWN¬Visible¬True¬True¬Sharlston Medical Practice¬Clifton Road¬Sharlston Common¬¬Wakefield¬West Yorkshire¬WF4 1AF¬53.667682647705078¬-1.4156161546707153¬03R¬NHS Wakefield CCG¬01924 862621¬¬¬01924 863028
4422¬B87030006¬GP¬UNKNOWN¬Visible¬True¬True¬Ferrybridge Medical Centre¬8-10 High Street¬Ferrybridge¬¬Knottingley¬West Yorkshire¬WF11 8NQ¬53.713153839111328¬-1.2681833505630493¬03R¬NHS Wakefield CCG¬01977 664141¬¬https://www.healthcarefirst.co.uk¬01977 635032
4423¬B87030002¬GP¬UNKNOWN¬Visible¬True¬True¬Byram Surgery - Ferrybridge Medical Centre¬St Edwards Close¬Byram¬¬Knottingley¬West Yorkshire¬WF11 9NT¬53.722232818603516¬-1.2581295967102051¬03R¬NHS Wakefield CCG¬01977 664141¬¬https://www.healthcarefirst.co.uk¬01977 635032
4425¬B87031¬GP¬UNKNOWN¬Visible¬True¬True¬Church Street Surgery¬Church Street¬Ossett Health Village¬Kingsway¬Ossett¬West Yorkshire¬WF5 8DF¬53.681526184082031¬-1.5833276510238647¬03R¬NHS Wakefield CCG¬01924 217 999¬¬http://www.churchstreetsurgery-ossett.co.uk/¬01924 237 309
4426¬B87032¬GP¬UNKNOWN¬Visible¬True¬True¬Station Lane Medical Centre¬Station Lane¬Featherstone¬¬Pontefract¬West Yorkshire¬WF7 6JL¬53.681144714355469¬-1.3586246967315674¬03R¬NHS Wakefield CCG¬01977600381¬¬http://www.stationlane.co.uk¬01977 600776
4427¬B87033¬GP¬UNKNOWN¬Visible¬True¬True¬Newland Surgery¬Newland Lane¬¬¬Normanton¬West Yorkshire¬WF6 1QD¬53.695148468017578¬-1.4242321252822876¬03R¬NHS Wakefield CCG¬01924220256¬¬http://www.thenewlandsurgery.co.uk/¬01924 220558
4428¬B87036¬GP¬UNKNOWN¬Visible¬True¬True¬Dr D P Diggle & Dr R E Phillips - Church View Health Centre¬Church View Health Centre¬Langthwaite Road¬South Kirkby¬Pontefract¬West Yorkshire¬WF9 3AP¬53.593151092529297¬-1.3123418092727661¬03R¬NHS Wakefield CCG¬01977644850¬¬http://www.churchviewhealthcentre.nhs.uk¬
4429¬B87039¬GP¬UNKNOWN¬Visible¬True¬True¬Kings Medical Practice¬King's Medical Centre¬King Edward Street¬¬Normanton¬West Yorkshire¬WF6 2AZ¬53.700645446777344¬-1.419597864151001¬03R¬NHS Wakefield CCG¬01924223909¬¬http://www.kingsmedicalpractice.co.uk/¬01924 890781
4430¬B87040¬GP¬UNKNOWN¬Visible¬True¬True¬Prospect Surgery¬Ossett Health Village¬Kingsway¬¬Ossett¬West Yorkshire¬WF5 8DF¬53.681526184082031¬-1.5833276510238647¬03R¬NHS Wakefield CCG¬01924274123¬¬http://www.prospectsurgery-ossett.co.uk¬01924 232402
4431¬B87041¬GP¬UNKNOWN¬Visible¬True¬True¬Fmc Health Solutions Limited¬Park View Surgery¬148 Castleford Road¬¬Normanton¬West Yorkshire¬WF6 2EP¬53.702182769775391¬-1.408852219581604¬03R¬NHS Wakefield CCG¬01924224299¬¬http://www.queenstreetmedical.co.uk/¬01924 220252
4432¬B87042¬GP¬UNKNOWN¬Visible¬True¬True¬Tieve Tara¬Tieve Tara Medical Centre¬Parkdale¬Airedale¬Castleford¬West Yorkshire¬WF10 2QP¬53.732582092285156¬-1.3146101236343384¬03R¬NHS Wakefield CCG¬01977668455¬wakccg.tievetara@nhs.net¬http://www.tievetaramedicalcentre.co.uk¬
4433¬B87044¬GP¬UNKNOWN¬Visible¬True¬True¬Alverthorpe Surgery¬Balne Lane¬¬¬Wakefield¬West Yorkshire¬WF2 0DP¬53.685462951660156¬-1.5184683799743652¬03R¬NHS Wakefield CCG¬01924372584¬¬http://www.alverthorpesurgery.co.uk¬01924 239383
4434¬B87600¬GP¬UNKNOWN¬Visible¬True¬True¬Queen Street Surgery¬60 Queen Street¬¬¬Normanton¬West Yorkshire¬WF6 2BU¬53.698112487792969¬-1.4216471910476685¬03R¬NHS Wakefield CCG¬01924893277¬¬¬01924 223535
4435¬B87602¬GP¬UNKNOWN¬Visible¬True¬True¬Patience Lane Surgery¬Patience Lane¬¬¬Altofts¬West Yorkshire¬WF6 2JZ¬53.703804016113281¬-1.4336724281311035¬03R¬NHS Wakefield CCG¬01924890729¬¬http://www.patiencelanesurgery.nhs.uk/¬01924 896546
4436¬B87604¬GP¬UNKNOWN¬Visible¬True¬True¬Eastmoor Health Centre¬Windhill Road¬¬¬Wakefield¬West Yorkshire¬WF1 4SD¬53.690120697021484¬-1.4760206937789917¬03R¬NHS Wakefield CCG¬01924201614¬¬http://www.eastmoorhc.nhs.uk¬
4529¬C81001¬GP¬UNKNOWN¬Visible¬True¬True¬Springs Health Centre¬Recreation Close¬Clowne¬¬Chesterfield¬Derbyshire¬S43 4PL¬53.277721405029297¬-1.2655167579650879¬15M¬NHS Derby And Derbyshire CCG¬01246819444¬¬www.thespringshealthcentre.co.uk¬01246 819010
4530¬C81002¬GP¬UNKNOWN¬Visible¬True¬True¬The Valleys Medical Partnership¬Gosber Road¬Eckington¬¬Sheffield¬South Yorkshire¬S21 4BZ¬53.307659149169922¬-1.3552439212799072¬15M¬NHS Derby And Derbyshire CCG¬01246439101¬admin.mossvalley@nhs.net¬http://www.mossvalleymedicalpractice.co.uk¬01246 439104
4531¬C81003¬GP¬UNKNOWN¬Visible¬True¬True¬Sett Valley Medical Centre¬Hyde Bank Road¬New Mills¬¬High Peak¬Derbyshire¬SK22 4BP¬53.367404937744141¬-1.9983079433441162¬15M¬NHS Derby And Derbyshire CCG¬01663743483¬admin@settvalleymedicalcentre.co.uk¬http://settvalley.co.uk/¬01663 741524
4532¬C81003001¬GP¬UNKNOWN¬Visible¬True¬True¬The Old Bank Surgery¬Market Street¬Hayfield¬¬High Peak¬Derbyshire¬SK12 5EP¬53.380191802978516¬-1.9457828998565674¬15M¬NHS Derby And Derbyshire CCG¬01663744246¬¬¬
4533¬C81004¬GP¬UNKNOWN¬Visible¬True¬True¬Ivy Grove Surgery¬Church Farm Primary Care Centre¬Steeple Drive¬¬Ripley¬Derbyshire¬DE5 3TH¬53.042201995849609¬-1.4028071165084839¬15M¬NHS Derby And Derbyshire CCG¬01773514130¬¬http://ivy.gs¬01773 514139
4534¬C81005002¬GP¬UNKNOWN¬Visible¬True¬True¬Church Farm Primary Care Centre¬Steeple Drive¬¬¬Ripley¬Derbyshire¬DE5 3TH¬53.042201995849609¬-1.4028071165084839¬15M¬NHS Derby And Derbyshire CCG¬01773514110¬¬http://www.jessopmedicalpractice.co.uk/¬01773 514126
4535¬C81005¬GP¬UNKNOWN¬Visible¬True¬True¬The Jessop Medical Practice¬Greenhill Primary Care Centre¬Greenhill Lane,¬Leabrooks¬Alfreton¬Derbyshire¬DE55 1LU¬53.074348449707031¬-1.3722114562988281¬15M¬NHS Derby And Derbyshire CCG¬01773602707¬¬http://www.jessopmedicalpractice.co.uk/¬01773 606276
4536¬C81006¬GP¬UNKNOWN¬Visible¬True¬True¬Horizon Healthcare¬3-5 Burton Road¬¬¬Derby¬Derbyshire¬DE1 1TH¬52.917137145996094¬-1.4786509275436401¬15M¬NHS Derby And Derbyshire CCG¬01332 737777¬¬http://www.horizonhealthcare.nhs.uk/¬
4537¬C81006001¬GP¬UNKNOWN¬Visible¬True¬True¬Horizon Healthcare¬31 Humbleton Drive¬Mackworth¬¬Derby¬Derbyshire¬DE22 4AT¬52.923854827880859¬-1.5195492506027222¬15M¬NHS Derby And Derbyshire CCG¬01332737777¬¬https://www.horizonhealthcare.nhs.uk/¬
4538¬C81007002¬GP¬UNKNOWN¬Visible¬True¬True¬The Lanes Medical Centre¬147 Normanton Lane¬Littleover¬¬Derby¬Derbyshire¬DE23 6LF¬52.902259826660156¬-1.501204252243042¬15M¬NHS Derby And Derbyshire CCG¬01332271374¬sderccg.reception-lanes@nhs.net¬http://vernonstreetandthelanes.co.uk¬01332 772980
4539¬C81007¬GP¬UNKNOWN¬Visible¬True¬True¬The Vernon Street Medical Centre¬13 Vernon Street¬¬¬Derby¬Derbyshire¬DE1 1FW¬52.924003601074219¬-1.490378737449646¬15M¬NHS Derby And Derbyshire CCG¬01332332812¬sderccg.reception-vsmc@nhs.net¬http://www.vernonstreetandthelanes.co.uk¬01332 202608
4540¬C81008¬GP¬UNKNOWN¬Visible¬True¬True¬Royal Primary Care Clay Cross¬Eldon Street¬Clay Cross¬¬Chesterfield¬Derbyshire¬S45 9NR¬53.167484283447266¬-1.414338231086731¬15M¬NHS Derby And Derbyshire CCG¬01246866771¬¬¬01246 861058
4541¬C81009001¬GP¬UNKNOWN¬Visible¬True¬True¬TADDINGTON ROAD SURGERY¬Taddington Road¬Chaddesden¬¬Derby¬Derbyshire¬DE21 4JU¬52.938636779785156¬-1.440092921257019¬15M¬NHS Derby And Derbyshire CCG¬01332674355¬wilsonstreetsurgery@nhs.net¬http://wilsonstreetsurgery.co.uk¬01332 544217
4542¬C81009¬GP¬UNKNOWN¬Visible¬True¬True¬WILSON STREET SURGERY¬11 Wilson Street¬¬¬Derby¬Derbyshire¬DE1 1PG¬52.91943359375¬-1.4799785614013672¬15M¬NHS Derby And Derbyshire CCG¬01332332628¬wilsonstreetsurgery@nhs.net¬http://www.wilsonstreetsurgery.co.uk¬01332 348813
4543¬C81010001¬GP¬UNKNOWN¬Visible¬True¬True¬Sawley Branch Surgery¬Sawley Medical Centre¬60 Draycott Road¬Sawley¬Long Eaton¬Nottinghamshire¬NG10 3FR¬52.882289886474609¬-1.2985578775405884¬15M¬NHS Derby And Derbyshire CCG¬01159466030¬¬http://www.moirmedicalcentre.com/¬0115 946 6033
4544¬C81010¬GP¬UNKNOWN¬Visible¬True¬True¬The Moir Medical Centre¬Regent Street¬Long Eaton¬¬Nottingham¬Nottinghamshire¬NG10 1QQ¬52.898624420166016¬-1.2725352048873901¬15M¬NHS Derby And Derbyshire CCG¬01159737320¬eccg.c81010-moir-reception@nhs.net¬http://www.moirmedicalcentre.com¬0115 973 5713
4545¬C81010002¬GP¬UNKNOWN¬Visible¬True¬True¬Toton Branch Surgery¬2 Banks Road¬Toton¬¬Nottingham¬Nottinghamshire¬NG9 6HD¬52.908073425292969¬-1.2610318660736084¬15M¬NHS Derby And Derbyshire CCG¬01159724221¬¬http://www.moirmedicalcentre.com¬0115 983 5649
4546¬Y04977¬GP¬UNKNOWN¬Visible¬True¬True¬Creswell and Langwith Medical Centre¬Welbeck Street¬Creswell¬Worksop¬Nottingham¬Nottinghamshire¬S80 4HA¬53.26263427734375¬-1.2158222198486328¬15M¬NHS Derby And Derbyshire CCG¬01909721206¬¬http://www.creswellandlangwith.nhs.uk¬
4547¬Y04977001¬GP¬UNKNOWN¬Visible¬True¬True¬Langwith Medical Centre¬206 Main Street¬¬¬Langwith¬Derbyshire¬NG20 9HD¬53.232219696044922¬-1.2053366899490356¬15M¬NHS Derby And Derbyshire CCG¬01909 721 206¬¬http://www.creswellandlangwith.nhs.uk¬
4548¬C81012¬GP¬UNKNOWN¬Visible¬True¬True¬The Surgery At Wheatbridge¬The Surgery @ Wheatbridge¬30 Wheatbridge Road¬¬Chesterfield¬Derbyshire¬S40 2AB¬53.233943939208984¬-1.4396049976348877¬15M¬NHS Derby And Derbyshire CCG¬01246277287¬surgery.wheatbridge@nhs.net¬http://www.wheatbridge.co.uk¬
4549¬C81013¬GP¬UNKNOWN¬Visible¬True¬False¬Baslow Health Centre¬Church Lane¬Baslow¬¬Bakewell¬Derbyshire¬DE45 1SP¬53.246147155761719¬-1.6178078651428223¬15M¬NHS Derby And Derbyshire CCG¬01246582216¬admin.baslowsurgery@nhs.net¬https://www.baslowhealthcentre.co.uk¬01246 583867
4550¬C81014001¬GP¬UNKNOWN¬Visible¬True¬True¬Derwent Valley Medical Practice (Branch Site)¬81 Sitwell Street¬Spondon¬¬Derby¬Derbyshire¬DE21 7FH¬52.9197998046875¬-1.4041794538497925¬15M¬NHS Derby And Derbyshire CCG¬01332673905¬¬Http://www.derwentvalleymedicalpractice.co.uk¬
4551¬C81014¬GP¬UNKNOWN¬Visible¬True¬True¬Derwent Valley Medical Practice¬20 St Marks Road¬¬¬Derby¬Derbyshire¬DE21 6AT¬52.926700592041016¬-1.4576362371444702¬15M¬NHS Derby And Derbyshire CCG¬01332224588¬¬http://www.derwentvalleymedicalpractice.co.uk¬01332 224586
4552¬C81015¬GP¬UNKNOWN¬Visible¬True¬True¬NEWBOLD SURGERY¬3 Windermere Road¬Newbold¬¬Chesterfield¬Derbyshire¬S41 8DU¬53.256015777587891¬-1.4477015733718872¬15M¬NHS Derby And Derbyshire CCG¬01246277381¬admin.newboldsurgery@nhs.net¬http://www.newboldsurgery.co.uk¬01246 239828
4553¬C81016¬GP¬UNKNOWN¬Visible¬True¬False¬Bakewell Medical Centre¬Butts Road¬¬¬Bakewell¬Derbyshire¬DE45 1ED¬53.211677551269531¬-1.6763625144958496¬15M¬NHS Derby And Derbyshire CCG¬01629816636¬admin.bakewellsurgery@nhs.net¬http://www.bakewellmedicalcentre.co.uk¬01629 814958
4554¬C81017¬GP¬UNKNOWN¬Visible¬True¬True¬Arthur Medical Centre¬Main Street¬Horsley Woodhouse¬Derby¬Ilkeston¬Derbyshire¬DE7 6AX¬53.001506805419922¬-1.4226207733154297¬15M¬NHS Derby And Derbyshire CCG¬01332880249¬¬www.arthurmedicalcentre.co.uk¬
4555¬C81018¬GP¬UNKNOWN¬Visible¬True¬True¬Dove River¬Gib Lane¬Sudbury¬¬Ashbourne¬Derbyshire¬DE6 5HY¬52.886436462402344¬-1.7612689733505249¬05D¬NHS East Staffordshire CCG¬01283585215¬¬http://www.doveriverpractice.nhs.uk¬01283 585069
4556¬C81018001¬GP¬UNKNOWN¬Visible¬True¬True¬Gilchrist & Partners (Branch)¬Tutbury Health Centre¬Monk Street¬Tutbury¬Burton On Trent¬Staffordshire¬DE13 9NA¬52.858455657958984¬-1.6863459348678589¬05D¬NHS East Staffordshire CCG¬01283812455¬¬http://www.doveriverpractice.nhs.uk¬01283 815187
4559¬C81020¬GP¬UNKNOWN¬Visible¬True¬True¬Newhall Surgery¬46-48 High Street¬Newhall¬¬Swadlincote¬Derbyshire¬DE11 0HU¬52.785182952880859¬-1.5738762617111206¬15M¬NHS Derby And Derbyshire CCG¬01283217092¬¬www.newhallsurgery.com¬01283 551997
4560¬C81021001¬GP¬UNKNOWN¬Visible¬True¬True¬Kirk Hallam Surgery¬Queen Elizabeth Way¬Kirk Hallam¬¬Ilkeston¬Derbyshire¬DE7 4NU¬52.958293914794922¬-1.3220587968826294¬15M¬NHS Derby And Derbyshire CCG¬01159325931¬¬¬
4561¬C81021¬GP¬UNKNOWN¬Visible¬True¬True¬Old Station Surgery¬Heanor Road¬¬¬Ilkeston¬Derbyshire¬DE7 8ES¬52.978897094726563¬-1.3124579191207886¬15M¬NHS Derby And Derbyshire CCG¬01159301055¬¬¬
4562¬C81021002¬GP¬UNKNOWN¬Visible¬True¬True¬Cotmanhay Surgery¬1 Skeavingtons Lane¬¬¬Ilkeston¬Derbyshire¬DE7 8SX¬52.993198394775391¬-1.3094598054885864¬15M¬NHS Derby And Derbyshire CCG¬01159445145¬¬¬
4563¬C81022¬GP¬UNKNOWN¬Visible¬True¬True¬Dr Webb And Partners¬Ilkeston Health Centre¬South Street¬¬Ilkeston¬Derbyshire¬DE7 5PZ¬52.968254089355469¬-1.3080258369445801¬15M¬NHS Derby And Derbyshire CCG¬01159322933¬drswebb.ilkeston@nhs.net¬¬0115 944 5496
4564¬C81023¬GP¬UNKNOWN¬Visible¬True¬True¬Aitune Medical Practice¬Midland Street¬Long Eaton¬¬Nottingham¬Nottinghamshire¬NG10 1RY¬52.901554107666016¬-1.2725158929824829¬15M¬NHS Derby And Derbyshire CCG¬0115 855 4250¬eccg.aitune@nhs.net¬http://aitunemedicalpractice.co.uk/¬
4566¬Y04995¬GP¬UNKNOWN¬Visible¬True¬True¬Royal Primary Care - Grangewood¬Stubbing Road¬Grangewood¬¬Chesterfield¬Derbyshire¬S40 2HP¬53.220050811767578¬-1.4363824129104614¬15M¬NHS Derby And Derbyshire CCG¬01246748000¬¬http://www.rpcchesterfield.co.uk¬
4570¬C81025¬GP¬UNKNOWN¬Visible¬True¬True¬DRONFIELD MEDICAL PRACTICE¬High Street¬¬¬Dronfield¬Derbyshire¬S18 1PY¬53.302360534667969¬-1.4750688076019287¬15M¬NHS Derby And Derbyshire CCG¬01246412242¬prescriptions.dronfield@nhs.net¬www.dronfieldhealth.co.uk¬01246 290882
4571¬C81026001¬GP¬UNKNOWN¬Visible¬True¬True¬HILLSIDE MEDICAL CENTRE¬162 Nottingham Road¬Stapleford¬¬Nottingham¬Nottinghamshire¬NG9 8AR¬52.931957244873047¬-1.2639280557632446¬15M¬NHS Derby And Derbyshire CCG¬01159491950¬¬¬0115 9497720
4573¬C81026¬GP¬UNKNOWN¬Visible¬True¬True¬Adam House Medical Centre¬85-91 Derby Road¬Sandiacre¬¬Nottingham¬Nottinghamshire¬NG10 5HZ¬52.922489166259766¬-1.2943127155303955¬15M¬NHS Derby And Derbyshire CCG¬01159496911¬¬http://www.adamhousesurgery.co.uk/adam/index.htm¬
4574¬C81027¬GP¬UNKNOWN¬Visible¬True¬True¬SOMERCOTES MEDICAL CENTRE¬22 Nottingham Road¬Somercotes¬¬Alfreton¬Derbyshire¬DE55 4JJ¬53.083045959472656¬-1.3729047775268555¬15M¬NHS Derby And Derbyshire CCG¬01773 601700¬¬http://www.somercotesmedicalcentre.co.uk¬01773 601704
4575¬C81028¬GP¬UNKNOWN¬Visible¬True¬True¬Dr P J P Holden & Partners¬8 Imperial Road¬¬¬Matlock¬Derbyshire¬DE4 3NL¬53.140476226806641¬-1.5565427541732788¬15M¬NHS Derby And Derbyshire CCG¬01629583465¬¬http://www.imperialrdgroupsurgery.co.uk¬
4576¬C81029003¬GP¬UNKNOWN¬Visible¬True¬True¬STAFFA HEALTH - Holmewood¬19A Heath Road¬Holmewood¬¬Chesterfield¬Derbyshire¬S42 5RB¬53.188259124755859¬-1.3533838987350464¬15M¬NHS Derby And Derbyshire CCG¬01246389180¬¬http://staffahealth.co.uk¬01246 858925
4577¬C81029002¬GP¬UNKNOWN¬Visible¬True¬True¬STAFFA HEALTH - Pilsley¬Willow Close¬Pilsley¬¬Chesterfield¬Derbyshire¬S45 8JA¬53.156898498535156¬-1.3671499490737915¬15M¬NHS Derby And Derbyshire CCG¬01773309050¬¬http://staffahealth.co.uk¬01773 594875
4578¬C81029¬GP¬UNKNOWN¬Visible¬True¬True¬STAFFA HEALTH - Tibshelf¬3 Waverley Street¬Tibshelf¬¬Alfreton¬Derbyshire¬DE55 5PS¬53.146217346191406¬-1.3388099670410156¬15M¬NHS Derby And Derbyshire CCG¬01773309030¬¬http://staffahealth.co.uk¬01773 876005
4579¬C81029001¬GP¬UNKNOWN¬Visible¬True¬True¬STAFFA HEALTH - Stonebroom¬189 Birkinstyle Lane¬Stonebroom¬¬Alfreton¬Derbyshire¬DE55 6LD¬53.129817962646484¬-1.3936127424240112¬15M¬NHS Derby And Derbyshire CCG¬01773309040¬¬http://staffahealth.co.uk¬01773 876925
4580¬C81030001¬GP¬UNKNOWN¬Visible¬True¬True¬Credas Medical - Youlgreave Medical Centre¬Alport Lane¬Youlgreave¬¬Bakewell¬¬DE45 1WG¬53.174400329589844¬-1.6826272010803223¬15M¬NHS Derby And Derbyshire CCG¬01629 636 207¬¬¬
4581¬C81030¬GP¬UNKNOWN¬Visible¬True¬True¬Credas Medical - Darley Dale Medical Centre¬Dale Road South¬Dale Road South¬Darley Dale¬Matlock¬¬DE4 2EU¬53.160900115966797¬-1.5870075225830078¬15M¬NHS Derby And Derbyshire CCG¬01629 733 205¬admin.darleydale@nhs.net¬http://www.darleydalesurgery.co.uk¬
4582¬C81030002¬GP¬UNKNOWN¬Visible¬True¬True¬Credas Medical - Winster Medical Centre¬Leacroft Road¬Winster¬¬Matlock¬¬DE4 2DL¬53.1429443359375¬-1.638263463973999¬15M¬NHS Derby And Derbyshire CCG¬01629 650 207¬¬http://www.darleydalesurgery.co.uk/¬
4584¬C81031¬GP¬UNKNOWN¬Visible¬True¬True¬Park Surgery¬60 Ilkeston Road¬¬¬Heanor¬Derbyshire¬DE75 7DX¬53.011188507080078¬-1.3516952991485596¬15M¬NHS Derby And Derbyshire CCG¬01773531011¬¬http://www.parksurgeryheanor.co.uk/¬
4585¬C81032¬GP¬UNKNOWN¬Visible¬True¬True¬Swadlincote Surgery¬Darklands Road¬¬¬Swadlincote¬Derbyshire¬DE11 0PP¬52.775802612304688¬-1.562494158744812¬15M¬NHS Derby And Derbyshire CCG¬01283551717¬¬http://www.swadlincote.gpsurgery.net/¬01283 211905
4586¬C81033001¬GP¬UNKNOWN¬Visible¬True¬True¬Bishops Walk Surgery¬Bishops Walk¬Church Warsop¬¬Mansfield¬Nottinghamshire¬NG20 0SN¬53.214038848876953¬-1.1523921489715576¬15M¬NHS Derby And Derbyshire CCG¬01623842285¬¬www.shireshealthcare.co.uk¬
4587¬C81033¬GP¬UNKNOWN¬Visible¬True¬True¬Shires Healthcare¬18 Main Street¬Shirebrook¬¬Mansfield¬Nottinghamshire¬NG20 8DG¬53.2025146484375¬-1.2156771421432495¬15M¬NHS Derby And Derbyshire CCG¬01623742464¬¬www.shireshealthcare.co.uk¬
4588¬C81034¬GP¬UNKNOWN¬Visible¬True¬True¬Stewart Medical Centre¬15 Hartington Road¬¬¬Buxton¬Derbyshire¬SK17 6JP¬53.254001617431641¬-1.9180182218551636¬15M¬NHS Derby And Derbyshire CCG¬0129822338¬¬www.stewartmc.nhs.uk¬01298 72678
4589¬C81035¬GP¬UNKNOWN¬Visible¬True¬True¬VILLAGE SURGERY¬The Village Medical Centre¬Browning Street¬¬Derby¬Derbyshire¬DE23 8AL¬52.896350860595703¬-1.4857827425003052¬15M¬NHS Derby And Derbyshire CCG¬01332 414944¬¬http://www.villagesurgeryderby.co.uk./index.aspx¬01332 418798
4590¬C81036¬GP¬UNKNOWN¬Visible¬True¬True¬Friargate Surgery¬Agard Street¬¬¬Derby¬Derbyshire¬DE1 1DZ¬52.924819946289063¬-1.4856092929840088¬15M¬NHS Derby And Derbyshire CCG¬01332203787¬sderccg.friargatesurgery@nhs.net¬http://www.friargatesurgery.co.uk/¬01332 732026
4591¬C81037¬GP¬UNKNOWN¬Visible¬True¬True¬Ashbourne Medical Practice¬Clifton Road¬¬¬Ashbourne¬Derbyshire¬DE6 1DR¬53.012863159179687¬-1.7375744581222534¬15M¬NHS Derby And Derbyshire CCG¬01335 230085¬admin.ashbournehc@nhs.net¬http://www.ashbournemedicalpractice.co.uk/¬01335 301223
4592¬C81038¬GP¬UNKNOWN¬Visible¬True¬True¬Whitemoor Medical Centre¬Whitemoor Lane¬¬¬Belper¬Derbyshire¬DE56 0JB¬53.031063079833984¬-1.4551653861999512¬15M¬NHS Derby And Derbyshire CCG¬01773880099¬¬http://www.whitemoormedicalcentre-belper.co.uk¬01773 821 954
4593¬C81039¬GP¬UNKNOWN¬Visible¬True¬False¬Eyam Surgery¬Church Street¬Eyam¬¬Hope Valley¬Derbyshire¬S32 5QH¬53.283939361572266¬-1.6744580268859863¬15M¬NHS Derby And Derbyshire CCG¬01433630836¬prescriptions.eyamsurgery@nhs.net¬http://www.eyamsurgery.co.uk¬01433 631832
4594¬C81039001¬GP¬UNKNOWN¬Visible¬True¬False¬Bradwell Surgery¬Bradwell Surgery¬Netherside¬Bradwell¬Hope Valley¬Derbyshire¬S33 9JL¬53.328067779541016¬-1.7411220073699951¬15M¬NHS Derby And Derbyshire CCG¬01433630836¬prescriptions.eyamsurgery@nhs.net¬http://eyamsurgery.co.uk¬01433 631832
4596¬C81040¬GP¬UNKNOWN¬Visible¬True¬True¬Park Lane Surgery¬2 Park Lane¬Allestree¬¬Derby¬Derbyshire¬DE22 2DS¬52.955535888671875¬-1.4797970056533813¬15M¬NHS Derby And Derbyshire CCG¬01332552461¬parklanesurgery@nhs.net¬http://www.parklanesurgeryallestree.co.uk/¬01332 541500
4597¬C81041001¬GP¬UNKNOWN¬Visible¬True¬True¬The Surgery The Green¬The Green¬Glapwell¬¬Chesterfield¬Derbyshire¬S44 5LW¬53.186912536621094¬-1.2858055830001831¬15M¬NHS Derby And Derbyshire CCG¬01623812188¬welbeckroadhealthcentre@nhs.net¬http://www.welbeckroadsurgery.co.uk¬01623 810372
4598¬C81041¬GP¬UNKNOWN¬Visible¬True¬True¬Welbeck Road Health Centre¬1B Welbeck Road Bolsover¬¬¬Chesterfield¬Derbyshire¬S44 6DF¬53.230762481689453¬-1.2865144014358521¬15M¬NHS Derby And Derbyshire CCG¬01246825487¬¬http://www.welbeckroadsurgery.co.uk¬01246 240781
4599¬C81042¬GP¬UNKNOWN¬Visible¬True¬True¬Mickleover Medical Centre¬Vicarage Road¬Mickleover¬¬Derby¬Derbyshire¬DE3 0HA¬52.907096862792969¬-1.5463196039199829¬15M¬NHS Derby And Derbyshire CCG¬01332513283¬sderccg.c81042-reception@nhs.net¬http://www.mickleovermedicalcentre.co.uk¬01332 518569
4601¬C81044¬GP¬UNKNOWN¬Visible¬True¬True¬Drs Abell, Church, Cooke, Stoodley and Taylor¬Scarsdale Road¬¬¬Chesterfield¬Derbyshire¬S41 8NA¬53.260231018066406¬-1.4312360286712646¬15M¬NHS Derby And Derbyshire CCG¬01246456938¬¬http://www.whittingtonmoorsurgery.co.uk¬
4602¬C81045001¬GP¬UNKNOWN¬Visible¬True¬True¬Royal Primary Care - Holme Hall¬Wardgate Way¬Holme Hall¬¬Chesterfield¬Derbyshire¬S40 4SL¬53.245658874511719¬-1.4690189361572266¬15M¬NHS Derby And Derbyshire CCG¬01246211435¬¬http://www.chesterfieldmedicalpartnership.co.uk¬
4603¬C81045¬GP¬UNKNOWN¬Visible¬True¬True¬Royal Primary Care - Ashgate¬Ashgate Manor¬Ashgate Road¬¬Chesterfield¬Derbyshire¬S40 4AA¬53.238216400146484¬-1.4377661943435669¬15M¬NHS Derby And Derbyshire CCG¬01246232946¬¬https://www.rpcchesterfield.co.uk/¬
4604¬C81046¬GP¬UNKNOWN¬Visible¬True¬False¬West Hallam Medical Centre¬The Dales¬West Hallam¬¬Ilkeston¬Derbyshire¬DE7 6GR¬52.966606140136719¬-1.3591517210006714¬15M¬NHS Derby And Derbyshire CCG¬01159440088¬west.hallammc@nhs.net¬http://www.westhallammedicalcentre.co.uk/¬0115 944 4859
4605¬C81047001¬GP¬UNKNOWN¬Visible¬True¬True¬Aston Surgery¬8 Bell Avenue¬Aston-On-Trent¬¬Derby¬Derbyshire¬DE72 2BE¬52.860511779785156¬-1.3916090726852417¬15M¬NHS Derby And Derbyshire CCG¬01332755990¬¬¬
4606¬C81047¬GP¬UNKNOWN¬Visible¬True¬True¬Dr S Archer & Partners¬14 Boulton Lane¬Alvaston¬¬Derby¬Derbyshire¬DE24 0GE¬52.893791198730469¬-1.4296118021011353¬15M¬NHS Derby And Derbyshire CCG¬01332755990¬alvaston.medicalcentre@nhs.net¬http://www.alvastonmedicalcentre.nhs.uk/¬01332 758403
4608¬C81048¬GP¬UNKNOWN¬Visible¬True¬True¬Appletree Medical Practice¬47A Town Street¬Duffield¬¬Belper¬Derbyshire¬DE56 4GG¬52.985107421875¬-1.4869047403335571¬15M¬NHS Derby And Derbyshire CCG¬01332842288¬appletree.medical@nhs.net¬http://www.appletreemedical.co.uk¬01332 843287
4609¬C81048001¬GP¬UNKNOWN¬Visible¬True¬True¬Appletree Medical Practice - Little Eaton¬10 The Town¬Little Eaton¬¬Derby¬Derbyshire¬DE21 5DH¬52.969696044921875¬-1.4621758460998535¬15M¬NHS Derby And Derbyshire CCG¬01332842288¬appletree.medical@nhs.net¬http://www.appletreemedical.co.uk¬
4611¬C81049¬GP¬UNKNOWN¬Visible¬True¬True¬KELVINGROVE MEDICAL CENTRE¬28 Hands Road¬¬¬Heanor¬Derbyshire¬DE75 7HA¬53.013187408447266¬-1.3490718603134155¬15M¬NHS Derby And Derbyshire CCG¬01773713201¬¬http://www.kelvingrovemc.com/¬
4612¬C81050¬GP¬UNKNOWN¬Visible¬True¬True¬The Village Surgery¬The Hub¬Shiners Way, Off Lees Lane¬South Normanton¬Alfreton¬Derbyshire¬DE55 2AA¬53.104476928710938¬-1.3431243896484375¬15M¬NHS Derby And Derbyshire CCG¬01773811469¬¬http://www.thevillagedoctors.co.uk¬01773 860575
4613¬C81050002¬GP¬UNKNOWN¬Visible¬True¬True¬The Village Surgery¬108 Victoria Road¬Pinxton¬¬Nottingham¬Nottinghamshire¬NG16 6NH¬53.094333648681641¬-1.3186390399932861¬15M¬NHS Derby And Derbyshire CCG¬01773810207¬¬https://www.thevillagedoctors.co.uk¬01773 863700
4614¬C81051¬GP¬UNKNOWN¬Visible¬True¬True¬The Park Medical Practice¬Main Drive¬Chaddesden¬¬Derby¬Derbyshire¬DE21 6LA¬52.928764343261719¬-1.4338562488555908¬15M¬NHS Derby And Derbyshire CCG¬01332667911¬sderccg.c81051-reception@nhs.net¬http://www.parkmedical.org.uk¬01332 678 210
4615¬C81051001¬GP¬UNKNOWN¬Visible¬True¬True¬The Park Medical Practice ¬46 Derby Road¬Borrowash¬¬Derby¬Derbyshire¬DE72 3HA¬52.907363891601563¬-1.383771538734436¬15M¬NHS Derby And Derbyshire CCG¬01332667911¬sderccg.c81051-reception@nhs.net¬http://www.parkmedical.org.uk¬
4616¬C81051002¬GP¬UNKNOWN¬Visible¬True¬True¬The Park Medical Practice¬T Block University of Derby¬Kedleston Road¬¬Derby¬Derbyshire¬DE22 1GB¬52.938316345214844¬-1.4970700740814209¬15M¬NHS Derby And Derbyshire CCG¬01332668003¬sderccg.c81051-reception@nhs.net¬http://www.parkmedical.org.uk¬
4617¬C81052¬GP¬UNKNOWN¬Visible¬True¬True¬Brooklyn Medical Practice¬65 Mansfield Road¬¬¬Heanor¬Derbyshire¬DE75 7AL¬53.017169952392578¬-1.3426021337509155¬15M¬NHS Derby And Derbyshire CCG¬01773712552¬¬www.BrooklynMedicalPractice.co.uk¬01773 531545
4618¬C81053¬GP¬UNKNOWN¬Visible¬True¬True¬Parkside Surgery¬Alfreton Primary Care Centre¬Church Street¬¬Alfreton¬Derbyshire¬DE55 7AH¬53.097732543945312¬-1.3918534517288208¬15M¬NHS Derby And Derbyshire CCG¬01773546900¬¬¬01773 546935
4619¬C81054002¬GP¬UNKNOWN¬Visible¬True¬True¬Sinfin Moor Health Centre¬¬Arleston Lane¬Sinfin¬Sinfin, Derby¬Derbyshire¬DE24 3DS¬52.877155303955078¬-1.4937806129455566¬15M¬NHS Derby And Derbyshire CCG¬01332770909¬hollybrook.sinfinsurgeries@nhs.net¬http://www.hollybrookmedicalcentre.co.uk¬01332 770512
4620¬C81054¬GP¬UNKNOWN¬Visible¬True¬True¬Hollybrook Medical Centre¬Hollybrook Way¬Heatherton Village¬Littleover¬Derby¬Derbyshire¬DE23 3TX¬52.891811370849609¬-1.5316306352615356¬15M¬NHS Derby And Derbyshire CCG¬01332 523300¬hollybrook.sinfinsurgeries@nhs.net¬https://www.hollybrookmedicalcentre.co.uk¬
4621¬C81055¬GP¬UNKNOWN¬Visible¬True¬True¬North Wingfield Medical Centre¬Chesterfield Road¬North Wingfield¬¬Chesterfield¬Derbyshire¬S42 5ND¬53.184314727783203¬-1.3877118825912476¬15M¬NHS Derby And Derbyshire CCG¬01246851035¬¬http://www.northwingfieldmedicalcentre.co.uk¬01246 856139
4623¬C81056001¬GP¬UNKNOWN¬Visible¬True¬True¬Tupton Surgery¬Queen Victoria Road¬New Tupton¬¬Chesterfield¬Derbyshire¬S42 6ED¬53.191070556640625¬-1.4101705551147461¬15M¬NHS Derby And Derbyshire CCG¬01246863285¬¬¬01246 864958
4624¬C81056¬GP¬UNKNOWN¬Visible¬True¬True¬Clay Cross Medical Centre¬Bridge Street¬Clay Cross¬¬Chesterfield¬Derbyshire¬S45 9NG¬53.168117523193359¬-1.4122998714447021¬15M¬NHS Derby And Derbyshire CCG¬01246862237¬¬http://www.claycrosssurgery.co.uk/¬01246 861384
4625¬C81057¬GP¬UNKNOWN¬Visible¬True¬True¬Willington Surgery¬Kingfisher Lane¬Willington¬¬Derby¬Derbyshire¬DE65 6QT¬52.850490570068359¬-1.5644896030426025¬15M¬NHS Derby And Derbyshire CCG¬01283703318¬¬¬01283 701457
4626¬C81058¬GP¬UNKNOWN¬Visible¬True¬True¬The Brimington Surgery¬Church Street¬Brimington¬¬Chesterfield¬Derbyshire¬S43 1JG¬53.257156372070313¬-1.3956964015960693¬15M¬NHS Derby And Derbyshire CCG¬01246273224¬¬http://www.brimingtonsurgery.co.uk/¬01246 556616
4627¬C81059¬GP¬UNKNOWN¬Visible¬True¬True¬Ripley Medical Centre¬Derby Road¬¬¬Ripley¬Derbyshire¬DE5 3HR¬53.047042846679688¬-1.4057086706161499¬15M¬NHS Derby And Derbyshire CCG¬01773303591¬¬http://www.ripleymedicalcentre.co.uk¬01773 513470
4628¬C81060¬GP¬UNKNOWN¬Visible¬True¬True¬Woodville Surgery¬Woodville Surgery¬71 Burton Road¬Woodville¬Swadlincote¬Derbyshire¬DE11 7JE¬52.77093505859375¬-1.5369012355804443¬15M¬NHS Derby And Derbyshire CCG¬01283217036¬admin.woodville@nhs.net¬¬01283 552308
4629¬C81061001¬GP¬UNKNOWN¬Visible¬True¬True¬The Dales Medical Centre¬The Village¬West Hallam¬Ilkeston¬Derby¬Derbyshire¬DE7 6JA¬52.967250823974609¬-1.3587253093719482¬15M¬NHS Derby And Derbyshire CCG¬01159440320¬¬www.littlewickmedicalcentre.co.uk¬0115 944 4161
4630¬C81061¬GP¬UNKNOWN¬Visible¬True¬True¬Littlewick Medical Centre¬42 Nottingham Road¬¬¬Ilkeston¬Derbyshire¬DE7 5PR¬52.966453552246094¬-1.304823637008667¬15M¬NHS Derby And Derbyshire CCG¬01159325229¬¬www.littlewickmedicalcentre.co.uk¬0115 932 5413
4631¬C81062¬GP¬UNKNOWN¬Visible¬True¬True¬Hannage Brook Medical Centre¬Hannage Way¬Off Water Lane¬Wirksworth¬Matlock¬Derbyshire¬DE4 4JG¬53.077606201171875¬-1.5713546276092529¬15M¬NHS Derby And Derbyshire CCG¬01629822434¬hannagebrook@nhs.net¬https://www.hannagebrook.co.uk/index.aspx¬
4632¬C81063001¬GP¬UNKNOWN¬Visible¬True¬True¬Thornbrook Surgery¬Station Road¬Chinley¬¬High Peak¬Derbyshire¬SK23 6AR¬53.340175628662109¬-1.9420337677001953¬15M¬NHS Derby And Derbyshire CCG¬01298812725¬¬¬
4633¬C81063¬GP¬UNKNOWN¬Visible¬True¬True¬Thornbrook Surgery¬Thornbrook Road¬Chapel-En-Le-Frith¬¬High Peak¬Derbyshire¬SK23 0RH¬53.323219299316406¬-1.9113404750823975¬15M¬NHS Derby And Derbyshire CCG¬01298812725¬¬http://www.thornbrooksurgery.co.uk¬01298 816221
4634¬C81064¬GP¬UNKNOWN¬Visible¬True¬True¬Park Farm Medical Centre¬3 Park Farm Centre¬Allestree¬¬Derby¬Derbyshire¬DE22 2QN¬52.944137573242188¬-1.4958716630935669¬15M¬NHS Derby And Derbyshire CCG¬01332559402¬sderccg.c81064-parkf-reception@nhs.net¬http://www.parkfarm-medical.net¬01332 541001
4635¬C81064001¬GP¬UNKNOWN¬Visible¬True¬True¬The Vernon Street Surgery¬10 Vernon Street¬¬¬Derby¬Derbyshire¬DE1 1FR¬52.924480438232422¬-1.4905070066452026¬15M¬NHS Derby And Derbyshire CCG¬01332344909¬sderccg.c81064-vernon-reception@nhs.net¬http://www.parkfarm-medical.net¬01332 541001
4636¬C81065¬GP¬UNKNOWN¬Visible¬True¬True¬Buxton Medical Practice¬2 Temple Road¬¬¬Buxton¬Derbyshire¬SK17 9BZ¬53.253124237060547¬-1.9204330444335938¬15M¬NHS Derby And Derbyshire CCG¬01298241050¬¬www.buxtonmedicalpractice.co.uk¬01298 73227
4637¬C81066¬GP¬UNKNOWN¬Visible¬True¬True¬Overdale Medical Practice¬207 Victoria Avenue¬Borrowash¬¬Derby¬Derbyshire¬DE72 3HG¬52.912322998046875¬-1.3784667253494263¬15M¬NHS Derby And Derbyshire CCG¬01332280800¬¬http://www.overdalepractice.com¬01332 669256
4638¬C81066001¬GP¬UNKNOWN¬Visible¬True¬True¬Overdale Medical Practice¬1 Bridge Field¬Breaston¬¬Derby¬Derbyshire¬DE72 3DS¬52.89544677734375¬-1.3285840749740601¬15M¬NHS Derby And Derbyshire CCG¬01332872217¬¬http://www.overdalepractice.com¬01332 873433
4639¬C81067¬GP¬UNKNOWN¬Visible¬True¬True¬Chatsworth Road Medical Centre¬Chatsworth Road¬¬¬Chesterfield¬Derbyshire¬S40 3PY¬53.231357574462891¬-1.4673233032226563¬15M¬NHS Derby And Derbyshire CCG¬01246568065¬¬http://chatsworthroadmedicalcentre.nhs.uk/¬01246 567116
4640¬C81068¬GP¬UNKNOWN¬Visible¬True¬True¬Chapel Street Medical Centre¬10 Chapel Street¬Spondon¬¬Derby¬Derbyshire¬DE21 7RJ¬52.921058654785156¬-1.4042811393737793¬15M¬NHS Derby And Derbyshire CCG¬01332680520¬¬http://www.chapelstreetmcderby.nhs.uk¬01332 280387
4641¬C81068001¬GP¬UNKNOWN¬Visible¬True¬True¬Mayfield Road Surgery¬6 Mayfield Road¬Chaddesden¬¬Derby¬Derbyshire¬DE21 6FW¬52.930553436279297¬-1.4455528259277344¬15M¬NHS Derby And Derbyshire CCG¬01332680530¬¬http://www.chapelstreetmcderby.nhs.uk¬01332 672072
4642¬C81069¬GP¬UNKNOWN¬Visible¬True¬True¬Riversdale Surgery¬59 Bridge Street¬¬¬Belper¬Derbyshire¬DE56 1AY¬53.024101257324219¬-1.4849812984466553¬15M¬NHS Derby And Derbyshire CCG¬01773822386¬¬¬01773 829938
4643¬C81070¬GP¬UNKNOWN¬Visible¬True¬True¬Oakhill Medical Practice¬Oakhill Road¬¬¬Dronfield¬Derbyshire¬S18 2EJ¬53.3056640625¬-1.4582957029342651¬15M¬NHS Derby And Derbyshire CCG¬01246296900¬¬¬01246 296903
4644¬C81071¬GP¬UNKNOWN¬Visible¬True¬True¬The Osmaston Surgery¬212 Osmaston Road¬¬¬Derby¬Derbyshire¬DE23 8JX¬52.911067962646484¬-1.4679429531097412¬15M¬NHS Derby And Derbyshire CCG¬01332346433¬osmaston.admin@nhs.net¬http://www.osmastonsurgery.co.uk¬01332 345854
4645¬C81072001¬GP¬UNKNOWN¬Visible¬True¬True¬Oakwood Medical Centre¬Danebridge Crescent¬Oakwood¬¬Derby¬Derbyshire¬DE21 2HT¬52.941539764404297¬-1.4328830242156982¬15M¬NHS Derby And Derbyshire CCG¬01332271212¬¬www.listerhousesurgery.co.uk¬01332 678896
4646¬C81072¬GP¬UNKNOWN¬Visible¬True¬True¬Dr Hale and Partners¬207 St Thomas Road¬Peartree¬¬Derby¬Derbyshire¬DE23 8RJ¬52.900955200195313¬-1.477938175201416¬15M¬NHS Derby And Derbyshire CCG¬01332271212¬¬http://www.listerhousesurgery.co.uk¬01332 271939
4647¬C81073001¬GP¬UNKNOWN¬Visible¬True¬True¬Park Farm Surgery¬Park Farm Drive¬Allestree¬¬Derby¬Derbyshire¬DE22 2RP¬52.943088531494141¬-1.4966577291488647¬15M¬NHS Derby And Derbyshire CCG¬01332551021¬¬www.macklinstreetsurgery.co.uk¬
4648¬C81073¬GP¬UNKNOWN¬Visible¬True¬True¬Macklin Street Surgery¬90 Macklin Street¬¬¬Derby¬Derbyshire¬DE1 1JX¬52.921134948730469¬-1.4817560911178589¬15M¬NHS Derby And Derbyshire CCG¬01332340381¬¬www.macklinstreetsurgery.co.uk¬
4649¬C81074¬GP¬UNKNOWN¬Visible¬True¬True¬Elmwood Medical Centre¬7 Burlington Road¬¬¬Buxton¬Derbyshire¬SK17 9AY¬53.255111694335938¬-1.9207741022109985¬15M¬NHS Derby And Derbyshire CCG¬0129823019¬¬¬
4650¬C81075¬GP¬UNKNOWN¬Visible¬True¬False¬Brailsford & Hulland Medical Practice¬The Green¬Brailsford¬¬Derby¬Derbyshire¬DE6 3BX¬52.969432830810547¬-1.6249120235443115¬15M¬NHS Derby And Derbyshire CCG¬01335360328¬¬¬01335 361095
4651¬C81075001¬GP¬UNKNOWN¬Visible¬True¬False¬Hulland Ward Medical Centre¬Main Road¬Hulland Ward¬¬Ashbourne¬Derbyshire¬DE6 3EA¬53.02008056640625¬-1.6199413537979126¬15M¬NHS Derby And Derbyshire CCG¬01335370482¬¬¬
4652¬C81076002¬GP¬UNKNOWN¬Visible¬True¬False¬Dr Cox - Taddington Branch Surgery¬Main Road¬Taddington Nr Buxton¬¬Buxton¬Derbyshire¬SK17 9LD¬53.238487243652344¬-1.9064958095550537¬15M¬NHS Derby And Derbyshire CCG¬01298871396¬admin.tideswellsurgery@nhs.net¬http://www.tideswellsurgery.co.uk¬01298 872580
4653¬C81076004¬GP¬UNKNOWN¬Visible¬True¬False¬Litton Branch Surgery, Litton Village Hall¬Litton Nr Buxton¬Derbyshire¬¬Buxton¬Derbyshire¬SK17 8QP¬53.272815704345703¬-1.754430890083313¬15M¬NHS Derby And Derbyshire CCG¬01298871396¬admin.tideswellsurgery@nhs.net¬http://www.tideswellsurgery.co.uk¬01298 872580
4654¬C81076¬GP¬UNKNOWN¬Visible¬True¬False¬Tideswell Surgery¬Parke Road¬Tideswell¬¬Buxton¬Derbyshire¬SK17 8NS¬53.277820587158203¬-1.7749478816986084¬15M¬NHS Derby And Derbyshire CCG¬01298871396¬admin.tideswellsurgery@nhs.net¬http://www.tideswellsurgery.co.uk¬01298 872580
4655¬C81076003¬GP¬UNKNOWN¬Visible¬True¬False¬Dr Cox - Bradwell Branch Surgery¬Bradwell Memorial Hall¬Bradwell¬¬Hope Valley¬Derbyshire¬S33 9JL¬53.328159332275391¬-1.7408707141876221¬15M¬NHS Derby And Derbyshire CCG¬01298871396¬admin.tideswellsurgery@nhs.net¬http://www.tideswellsurgery.co.uk¬01298 872580
4656¬C81077¬GP¬UNKNOWN¬Visible¬True¬True¬Howard Medical Practice¬Howard Street¬¬¬Glossop¬Derbyshire¬SK13 7DE¬53.445064544677734¬-1.949675440788269¬01Y¬NHS Tameside And Glossop CCG¬01457 854321¬tgccg.howardmedicalpractice@nhs.net¬https://www.howardmedicalpractice.nhs.uk¬01457 854439
4659¬C81080001¬GP¬UNKNOWN¬Visible¬True¬True¬Goyt Valley Medical Practice¬Eccles Road¬Chapel En Le Frith¬¬High Peak¬Derbyshire¬SK23 9EQ¬53.323299407958984¬-1.9189068078994751¬15M¬NHS Derby And Derbyshire CCG¬01663735112¬¬http://www.gvmdp.co.uk/¬01663 736319
4660¬C81080¬GP¬UNKNOWN¬Visible¬True¬True¬Goyt Valley Medical Practice¬Goyt Valley Medical Prac.¬Chapel Street¬Whaley Bridge¬High Peak¬Derbyshire¬SK23 7SR¬53.330486297607422¬-1.9830986261367798¬15M¬NHS Derby And Derbyshire CCG¬01663735112¬¬http://www.goytvalleymedical.co.uk¬
4661¬C81081¬GP¬UNKNOWN¬Visible¬True¬True¬Dr G Wilkinson & Partners¬Manor House¬Manor Street¬¬Glossop¬Derbyshire¬SK13 8PS¬53.443653106689453¬-1.945130467414856¬01Y¬NHS Tameside And Glossop CCG¬01457860860¬¬http://www.manorhousesurgery.co.uk/¬01457 860017
4662¬C81082¬GP¬UNKNOWN¬Visible¬True¬False¬Hartington Surgery¬Dig Street¬Hartington Buxton¬¬Buxton¬Derbyshire¬SK17 0AQ¬53.142490386962891¬-1.8108017444610596¬15M¬NHS Derby And Derbyshire CCG¬0129884315¬¬http://hartingtonsurgery.co.uk¬01298 84899
4663¬C81083¬GP¬UNKNOWN¬Visible¬True¬True¬The Golden Brook Practice¬Long Eaton Health Centre¬Midland Street¬Long Eaton¬Nottingham¬Nottinghamshire¬NG10 1RY¬52.901554107666016¬-1.2725158929824829¬15M¬NHS Derby And Derbyshire CCG¬01158554200¬¬http://www.goldenbrookpractice.co.uk¬
4664¬C81084¬GP¬UNKNOWN¬Visible¬True¬True¬Inspire Health - Avenue House Surgery¬109 Saltergate¬¬¬Chesterfield¬Derbyshire¬S40 1LE¬53.238033294677734¬-1.4335583448410034¬15M¬NHS Derby And Derbyshire CCG¬01246244040¬¬http://www.avenuepartnership.co.uk¬01246 556336
4665¬C81086¬GP¬UNKNOWN¬Visible¬True¬False¬The Surgery Clifton Road¬Clifton Road¬¬¬Ashbourne¬Derbyshire¬DE6 1RR¬53.013359069824219¬-1.7374820709228516¬15M¬NHS Derby And Derbyshire CCG¬01335300588¬¬www.thesurgeryashbourne.co.uk¬01335 300178
4666¬C81087¬GP¬UNKNOWN¬Visible¬True¬True¬The Haven Medical Centre¬690 Osmaston Road¬¬¬Derby¬Derbyshire¬DE24 8GT¬52.895645141601562¬-1.4566413164138794¬15M¬NHS Derby And Derbyshire CCG¬01332348845¬havenmedicalcentre@nhs.net¬http://www.havenmedicalcentre.nhs.uk¬
4667¬C81089¬GP¬UNKNOWN¬Visible¬True¬True¬Dr Miles Davidson¬7 Stubley Drive¬¬¬Dronfield¬Derbyshire¬S18 8QY¬53.296669006347656¬-1.5094723701477051¬15M¬NHS Derby And Derbyshire CCG¬01246296970¬¬¬
4668¬C81090¬GP¬UNKNOWN¬Visible¬True¬True¬Ilkeston Health Centre¬Dr Purnell's Surgery¬Ilkeston Health Centre¬South Street¬Ilkeston¬Derbyshire¬DE7 5PZ¬52.968254089355469¬-1.3080258369445801¬15M¬NHS Derby And Derbyshire CCG¬0115 932 2968¬eccg.generalenquiries@nhs.net¬http://www.drpurnellandpartners.nhs.uk/¬0115 944 2578
4669¬C81091¬GP¬UNKNOWN¬Visible¬True¬True¬KILLAMARSH MEDICAL PRACTICE¬209 Sheffield Road¬Killamarsh¬¬Sheffield¬South Yorkshire¬S21 1DX¬53.325046539306641¬-1.32005774974823¬15M¬NHS Derby And Derbyshire CCG¬01142510000¬¬http://www.killamarshmedicalpractice.co.uk/¬0114 2489380
4670¬C81092004¬GP¬UNKNOWN¬Visible¬True¬False¬The Hathersage Branch Surgery¬5A Hathersage Park¬Station Road¬Hathersage¬Hope Valley¬Derbyshire¬S32 1DP¬53.325534820556641¬-1.6502043008804321¬15M¬NHS Derby And Derbyshire CCG¬01433621557¬¬http://www.evelynmedicalcentre.co.uk/hathersages.h¬
4671¬C81092¬GP¬UNKNOWN¬Visible¬True¬False¬Evelyn Medical Centre¬Marsh Avenue¬Hope¬¬Hope Valley¬Derbyshire¬S33 6RJ¬53.348846435546875¬-1.7479108572006226¬15M¬NHS Derby And Derbyshire CCG¬01433621557¬¬http://www.evelynmedicalcentre.co.uk¬01433 621745
4672¬C81094001¬GP¬UNKNOWN¬Visible¬True¬True¬The Holloway Surgery¬Mill Lane¬Holloway¬¬Matlock¬Derbyshire¬DE4 5AQ¬53.103034973144531¬-1.5171527862548828¬15M¬NHS Derby And Derbyshire CCG¬01629534763¬¬www.crichmedicalpractice.co.uk¬01773 853919
4673¬C81094¬GP¬UNKNOWN¬Visible¬True¬True¬Crich Medical Practice¬Oakwell Drive¬Crich¬¬Matlock¬Derbyshire¬DE4 5PB¬53.084312438964844¬-1.4825612306594849¬15M¬NHS Derby And Derbyshire CCG¬01773852966¬¬www.crichmedicalpractice.co.uk¬01773 853919
4674¬C81094002¬GP¬UNKNOWN¬Visible¬True¬True¬Crich Medical Practice (South Wingfield Surgery)¬Inns Lane¬South Wingfield¬¬South Wingield¬Derbyshire¬DE55 7LW¬53.095813751220703¬-1.4419232606887817¬15M¬NHS Derby And Derbyshire CCG¬01773833086¬¬www.crichmedicalpractice.co.uk¬01773 833086
4675¬C81095¬GP¬UNKNOWN¬Visible¬True¬True¬The Emmett Carr GP Partnership¬Emmett Carr Surgery¬Abbey Place¬Renishaw¬Sheffield¬South Yorkshire¬S21 3TY¬53.294979095458984¬-1.3247834444046021¬15M¬NHS Derby And Derbyshire CCG¬01246430200¬emmett.carr@nhs.net¬https://www.emmettcarrgppartnership.com¬
4676¬C81095001¬GP¬UNKNOWN¬Visible¬True¬True¬The Emmett Carr GP Partnership¬Eckington Health Centre¬Gosber Road¬Eckington¬Sheffield¬South Yorkshire¬S21 4BZ¬53.307659149169922¬-1.3552439212799072¬15M¬NHS Derby And Derbyshire CCG¬01246434279¬emmett.carr@nhs.net¬https://www.emmettcarrgppartnership.com¬
4677¬C81096001¬GP¬UNKNOWN¬Visible¬True¬True¬Crags Healthcare - Dr Riddell & Partner¬The Square¬Whitwell¬¬Worksop¬Nottinghamshire¬S80 4QR¬53.284290313720703¬-1.2063362598419189¬15M¬NHS Derby And Derbyshire CCG¬01909808082¬¬http://www.cragshealthcare.co.uk/¬01909 724113
4678¬C81096¬GP¬UNKNOWN¬Visible¬True¬True¬Dr Ws Riddell's Practice¬174 Elmton Road¬Creswell¬¬Worksop¬Nottinghamshire¬S80 4DY¬53.260143280029297¬-1.2237080335617065¬15M¬NHS Derby And Derbyshire CCG¬01909809079¬¬https://www.cragshealthcare.co.uk¬01909 724521
4680¬C81097¬GP¬UNKNOWN¬Visible¬True¬True¬College Street Medical Practice¬86 College Street¬Long Eaton¬¬Nottingham¬Nottinghamshire¬NG10 4NP¬52.904266357421875¬-1.282565712928772¬15M¬NHS Derby And Derbyshire CCG¬01159734502¬admin.collegestreet@nhs.net¬http://www.collegestreetmedicalpractice.co.uk¬
4681¬C81099¬GP¬UNKNOWN¬Visible¬True¬True¬Limes Medical Centre¬Limes Avenue¬¬¬Alfreton¬Derbyshire¬DE55 7DW¬53.098495483398437¬-1.3878700733184814¬15M¬NHS Derby And Derbyshire CCG¬01773833133¬¬www.limes-medicalcentre.co.uk¬01773 836099
4683¬C81101¬GP¬UNKNOWN¬Visible¬True¬True¬Lime Grove Medical Centre¬Lime Grove Walk¬¬¬Matlock¬Derbyshire¬DE4 3FD¬53.139034271240234¬-1.5529100894927979¬15M¬NHS Derby And Derbyshire CCG¬01629581586¬¬http://www.limegrovemedicalcentre.co.uk¬01629 57006
4685¬C81106¬GP¬UNKNOWN¬Visible¬True¬True¬Lambgates Health Centre¬Wesley Street¬Hadfield¬¬Glossop¬Derbyshire¬SK13 1DJ¬53.463481903076172¬-1.9701384305953979¬01Y¬NHS Tameside And Glossop CCG¬01457869090¬tgccg.c81106@nhs.net¬http://www.lambgatessurgery.co.uk/¬01457 857367
4686¬C81108003¬GP¬UNKNOWN¬Visible¬True¬True¬Chellaston Medical Centre¬Rowallan Way¬Chellaston¬¬Derby¬Derbyshire¬DE73 5BG¬52.867351531982422¬-1.4497467279434204¬15M¬NHS Derby And Derbyshire CCG¬01332720077¬reception.chellastonsurgery@nhs.net¬http://www.melbournesurgery.co.uk¬01332 720066
4687¬C81108¬GP¬UNKNOWN¬Visible¬True¬True¬Melbourne Medical Centre¬Penn Lane¬Melbourne¬¬Derby¬Derbyshire¬DE73 8EF¬52.821712493896484¬-1.4295316934585571¬15M¬NHS Derby And Derbyshire CCG¬01332862124¬reception.melbournesurgery@nhs.net¬www.melbournesurgery.co.uk¬01332 865154
4688¬C81110¬GP¬UNKNOWN¬Visible¬True¬True¬Wellbrook Medical Centre¬Wellbrook Medical Centre¬Welland Road¬Hilton¬Derby¬Derbyshire¬DE65 5GZ¬52.871086120605469¬-1.6299107074737549¬15M¬NHS Derby And Derbyshire CCG¬01283732257¬¬http://www.wellbrookmedical.co.uk¬
4689¬C81113¬GP¬UNKNOWN¬Visible¬True¬True¬Mickleover Surgery¬10 Cavendish Way¬Mickleover¬¬Derby¬Derbyshire¬DE3 9BJ¬52.907482147216797¬-1.5373051166534424¬15M¬NHS Derby And Derbyshire CCG¬01332519160¬¬http://www.mickleoversurgery.co.uk¬
4690¬C81114¬GP¬UNKNOWN¬Visible¬True¬True¬Gresleydale Healthcare Centre¬Glamorgan Way¬Church Gresley¬¬Swadlincote¬Derbyshire¬DE11 9JT¬52.760761260986328¬-1.5768263339996338¬15M¬NHS Derby And Derbyshire CCG¬01283227870¬¬http://www.gresleydale.co.uk¬
4691¬C81115¬GP¬UNKNOWN¬Visible¬True¬True¬Gladstone House Surgery¬Gladstone Street¬¬¬Ilkeston¬Derbyshire¬DE7 5QS¬52.968818664550781¬-1.3079125881195068¬15M¬NHS Derby And Derbyshire CCG¬01159320248¬dco-pct.gladstone@nhs.net¬http://www.gladstonehousesurgery.nhs.uk¬0115 8508889
4693¬C81118¬GP¬UNKNOWN¬Visible¬True¬True¬Derby Family medical centre¬1 Hastings Street¬Normanton¬¬Derby¬Derbyshire¬DE23 6QQ¬52.90667724609375¬-1.4815664291381836¬15M¬NHS Derby And Derbyshire CCG¬01332773243¬¬¬01332 761769
4694¬C81604¬GP¬UNKNOWN¬Visible¬True¬True¬Eden Surgery¬Cavendish Road¬¬¬Ilkeston¬Derbyshire¬DE7 5AN¬52.962650299072266¬-1.301579475402832¬15M¬NHS Derby And Derbyshire CCG¬01159444081¬¬¬0115 944 4081
4695¬C81611¬GP¬UNKNOWN¬Visible¬True¬False¬ASHOVER MEDICAL CENTRE¬Milken Lane¬Ashover¬¬Chesterfield¬Derbyshire¬S45 0BA¬53.166526794433594¬-1.4710428714752197¬15M¬NHS Derby And Derbyshire CCG¬01246590711¬admin.ashoversurgery@nhs.net¬https://www.ashovermedicalcentre.co.uk¬01246 591528
4696¬C81615¬GP¬UNKNOWN¬Visible¬True¬True¬Dr Alan Dow¬Cottage Lane Surgery¬47 Cottage Lane¬Gamesley¬Glossop¬Derbyshire¬SK13 6EQ¬53.447139739990234¬-1.9808849096298218¬01Y¬NHS Tameside And Glossop CCG¬01457 861343¬¬http://www.cottagelanesurgery.co.uk¬01457 864301
4697¬C81616¬GP¬UNKNOWN¬Visible¬True¬True¬Peartree Medical Centre¬159 Peartree Road¬¬¬Derby¬Derbyshire¬DE23 8NQ¬52.905349731445313¬-1.4757084846496582¬15M¬NHS Derby And Derbyshire CCG¬01332360692¬peartreemedical@nhs.net¬http://www.peartreemedicalcentre.nhs.uk¬
4699¬C81002001¬GP¬UNKNOWN¬Visible¬True¬True¬Gosforth Valley Medical Practice¬Gosforth Valley Medical Centre¬Gorsey Brigg¬Dronfield Woodhouse¬Derbyshire¬Derbyshire¬S18 8UE¬53.299942016601563¬-1.4943044185638428¬15M¬NHS Derby And Derbyshire CCG¬01246 419040¬admin.gosforthvalley@nhs.net¬www.gvmc.org.uk¬01246 581888
4703¬C81634¬GP¬UNKNOWN¬Visible¬True¬True¬Arden House Medical Practice¬Sett Close¬New Mills¬¬High Peak¬Derbyshire¬SK22 4AQ¬53.366424560546875¬-2.0023653507232666¬15M¬NHS Derby And Derbyshire CCG¬01663745266¬surgery.ardenhouse@nhs.net¬¬01663 748869
4704¬C81634001¬GP¬UNKNOWN¬Visible¬True¬True¬Arden House Surgery¬15/17 New Mills Road¬Hayfield¬¬High Peak¬Derbyshire¬SK22 2JG¬53.378261566162109¬-1.9468076229095459¬15M¬NHS Derby And Derbyshire CCG¬01663748810¬surgery.ardenhouse@nhs.net¬¬
4705¬C81638¬GP¬UNKNOWN¬Visible¬True¬True¬Castle Street Medical Centre¬Castle Street¬Bolsover¬¬Chesterfield¬Derbyshire¬S44 6PP¬53.229610443115234¬-1.2937390804290771¬15M¬NHS Derby And Derbyshire CCG¬01246822983¬¬http://www.castlestreetmedicalcentre.co.uk/¬01246 822265
4706¬C81640¬GP¬UNKNOWN¬Visible¬True¬True¬Simmondley Medical Practice¬15A Pennine Road¬¬¬Glossop¬Derbyshire¬SK13 6NN¬53.439544677734375¬-1.9690259695053101¬01Y¬NHS Tameside And Glossop CCG¬01457862305¬¬¬01457 857610
4707¬C81642¬GP¬UNKNOWN¬Visible¬True¬True¬Park View Medical Centre¬Cranfleet Way¬Long Eaton¬¬Nottingham¬Nottinghamshire¬NG10 3RJ¬52.892654418945313¬-1.2933999300003052¬15M¬NHS Derby And Derbyshire CCG¬01159462690¬¬www.parkviewmedicalcentre.co.uk¬0115 9460050
4708¬C81647¬GP¬UNKNOWN¬Visible¬True¬True¬St Lawrence Road Surgery¬17-19 St Lawrence Road¬North Wingfield¬¬Chesterfield¬Derbyshire¬S42 5LH¬53.180133819580078¬-1.3878161907196045¬15M¬NHS Derby And Derbyshire CCG¬01246851029¬¬https://www.stlawrence.gpsurgery.net¬01246 853724
4709¬C81648¬GP¬UNKNOWN¬Visible¬True¬True¬Oakwood Surgery¬380 Bishops Drive¬Oakwood¬¬Derby¬Derbyshire¬DE21 2DF¬52.941387176513672¬-1.4290310144424438¬15M¬NHS Derby And Derbyshire CCG¬01332667911¬¬http://www.parkmedical.org.uk¬
4710¬C81649¬GP¬UNKNOWN¬Visible¬True¬True¬Calow And Brimington Practice¬Brimington Medical Centre¬Foljambe Road¬Brimington¬Chesterfield¬Derbyshire¬S43 1DD¬53.257850646972656¬-1.3961063623428345¬15M¬NHS Derby And Derbyshire CCG¬01246220166¬¬www.calbrimdocs.co.uk¬01246 208221
4711¬C81649001¬GP¬UNKNOWN¬Visible¬True¬True¬Calow Surgery¬12 Rose Avenue¬Calow¬¬Chesterfield¬Derbyshire¬S44 5TH¬53.235507965087891¬-1.3828917741775513¬15M¬NHS Derby And Derbyshire CCG¬01246220166¬¬www.calbrimdocs.co.uk¬01246 208221
4712¬C81652¬GP¬UNKNOWN¬Visible¬True¬True¬Derwent Medical Centre¬26 North Street¬¬¬Derby¬Derbyshire¬DE1 3AZ¬52.929328918457031¬-1.4807360172271729¬15M¬NHS Derby And Derbyshire CCG¬01332292939¬¬http://www.derwentmedicalcentre.co.uk/¬01332 292939
4713¬C81653¬GP¬UNKNOWN¬Visible¬True¬True¬Brook Medical Centre¬183 Kedleston Road¬¬¬Derby¬Derbyshire¬DE22 1FT¬52.932327270507813¬-1.4921556711196899¬15M¬NHS Derby And Derbyshire CCG¬01332291991¬¬http://www.brookmedical.co.uk¬
4714¬C81084002¬GP¬UNKNOWN¬Visible¬True¬True¬Inspire Health - Hasland Medical Centre¬1 Jepson Road¬Hasland¬¬Chesterfield¬Derbyshire¬S41 0NZ¬53.219409942626953¬-1.4136154651641846¬15M¬NHS Derby And Derbyshire CCG¬01246277973¬¬http://www.haslandmedicalcentre.co.uk¬01246 203645
4715¬C81655¬GP¬UNKNOWN¬Visible¬True¬True¬THE FRIENDLY FAMILY SURGERY¬Welbeck Road¬Bolsover¬¬Chesterfield¬Derbyshire¬S44 6DE¬53.229007720947266¬-1.2890393733978271¬15M¬NHS Derby And Derbyshire CCG¬01246 826815¬admin.friendlyfamily@nhs.net¬http://www.friendlyfamilysurgery.co.uk¬01246 822723
4716¬C81658¬GP¬UNKNOWN¬Visible¬True¬True¬Dr V Chawla's Practice¬Wingerworth Medical Centre¬Allendale Road¬Wingerworth¬Chesterfield¬Derbyshire¬S42 6PX¬53.201549530029297¬-1.4409219026565552¬15M¬NHS Derby And Derbyshire CCG¬01246275228¬¬http://www.wingerworthmedicalcentre.co.uk¬
4717¬C81660¬GP¬UNKNOWN¬Visible¬True¬True¬Hadfield Medical Centre¬82 Brosscroft¬Hadfield¬¬Glossop¬Derbyshire¬SK13 1DS¬53.4671630859375¬-1.965044379234314¬01Y¬NHS Tameside And Glossop CCG¬01457860860¬¬www.manorhousesurgery.co.uk¬01457 857739
4718¬C81661¬GP¬UNKNOWN¬Visible¬True¬True¬Blackwell Medical Centre¬6 Gloves Lane¬Blackwell¬¬Alfreton¬Derbyshire¬DE55 5JJ¬53.121196746826172¬-1.356123685836792¬15M¬NHS Derby And Derbyshire CCG¬01773819246¬¬http://www.blackwellmedicalcentre.co.uk¬01773 583086
4719¬C81662001¬GP¬UNKNOWN¬Visible¬True¬True¬Dr Palmer & Gardner: Renishaw Surgery¬Abbey Place¬Renishaw¬¬Eckington¬South Yorkshire¬S21 3TY¬53.294979095458984¬-1.3247834444046021¬15M¬NHS Derby And Derbyshire CCG¬01246430333¬¬www.barlboroughmedicalpractice.co.uk¬01246 430334
4720¬C81662¬GP¬UNKNOWN¬Visible¬True¬True¬Barlborough Medical Pract¬The Old Malthouse¬7 Worksop Road¬¬Chesterfield¬Derbyshire¬S43 4TY¬53.289531707763672¬-1.2844558954238892¬15M¬NHS Derby And Derbyshire CCG¬01246819994¬¬www.barlboroughmedicalpractice.co.uk¬01246 812293
4721¬Y05286¬GP¬UNKNOWN¬Visible¬True¬True¬Lister House at Chellaston¬Fellow Lands Way¬Chellaston¬¬Derby¬Derbyshire¬DE73 6SW¬52.87298583984375¬-1.4305086135864258¬15M¬NHS Derby And Derbyshire CCG¬01332 271212¬sderccg.listerc@nhs.net¬https://www.listerhousesurgery.co.uk/¬01332 700628
4722¬Y05286001¬GP¬UNKNOWN¬Visible¬True¬True¬Lister House Chellaston¬Coleman Health Centre¬Coleman Street¬Allenton¬Derby¬Derbyshire¬DE24 8NH¬52.893436431884766¬-1.4440493583679199¬15M¬NHS Derby And Derbyshire CCG¬01332700455¬sderccg.listerc@nhs.net¬http://www.meadowfieldspractice.nhs.uk¬01332 861181
4723¬C82001¬GP¬UNKNOWN¬Visible¬True¬True¬South Leicestershire Medical Group - Kibworth Medical Centre¬Kibworth Medical Centre¬Smeeton Road¬Kibworth Beauchamp¬Leicester¬Leicestershire¬LE8 0LG¬52.535926818847656¬-0.99734455347061157¬03W¬NHS East Leicestershire And Rutland CCG¬01162793308¬¬https://www.southleicestershiremedicalgroup.co.uk/¬0116 279 3320
4724¬C82001001¬GP¬UNKNOWN¬Visible¬True¬True¬South Leicestershire Medical Group - Fleckney Medical Centre¬Fleckney Medical Centre¬High Street¬Fleckney¬Leicester¬Leicestershire¬LE8 8AJ¬52.535560607910156¬-1.0447523593902588¬03W¬NHS East Leicestershire And Rutland CCG¬01162403139¬¬https://www.southleicestershiremedicalgroup.co.uk/¬0116 279 3320
4725¬C82001002¬GP¬UNKNOWN¬Visible¬True¬True¬South Leicestershire Medical Group - Great Glen Surgery¬Great Glen Surgery¬24 Main Street¬Great Glen¬Leicester¬Leicestershire¬LE8 9GG¬52.573543548583984¬-1.0333620309829712¬03W¬NHS East Leicestershire And Rutland CCG¬01162592353¬¬https://www.southleicestershiremedicalgroup.co.uk/¬0116 279 3320
4726¬C82002¬GP¬UNKNOWN¬Visible¬True¬True¬Countesthorpe Health Centre¬Central Street¬Countesthorpe¬¬Leicester¬Leicestershire¬LE8 5QJ¬52.554519653320312¬-1.1367613077163696¬03W¬NHS East Leicestershire And Rutland CCG¬01162776336¬¬http://www.countesthorpehealthcentre.co.uk¬0116 278 0851
4727¬C82003¬GP¬UNKNOWN¬Visible¬True¬True¬Greengate Medical Centre¬1 Greengate Lane¬Birstall¬¬Leicester¬Leicestershire¬LE4 3JF¬52.680553436279297¬-1.1285251379013062¬04V¬NHS West Leicestershire CCG¬01162677901¬¬http://www.greengatemedicalcentre.co.uk¬0116 267 7504
4728¬C82005¬GP¬UNKNOWN¬Visible¬True¬True¬Groby Road Medical Centre¬9 Groby Road¬¬¬Leicester¬Leicestershire¬LE3 9ED¬52.644336700439453¬-1.1504538059234619¬04C¬NHS Leicester City CCG¬01162536263¬¬http://www.grobyroadmedicalcentre.com/¬0116 262 4180
4729¬C82007¬GP¬UNKNOWN¬Visible¬True¬True¬CASTLE DONINGTON SURGERY¬53 Borough Street¬Castle Donington¬¬Derby¬Derbyshire¬DE74 2LB¬52.842674255371094¬-1.3373708724975586¬04V¬NHS West Leicestershire CCG¬01332856050¬castledoningtonsurgery@nhs.net¬http://www.castledoningtonsurgery.co.uk¬01332 811748
4730¬C82008¬GP¬UNKNOWN¬Visible¬True¬True¬Oakmeadow Surgery¬87 Tatlow Road¬Glenfield¬¬Leicester¬Leicestershire¬LE3 8NF¬52.639987945556641¬-1.1966903209686279¬04C¬NHS Leicester City CCG¬01162320088¬oakmeadow.surgery@nhs.net¬http://www.oakmeadowsurgery.org.uk/¬
4731¬C82009¬GP¬UNKNOWN¬Visible¬True¬True¬Market Harborough Medical Centre¬Market Harborough & Bosworth Partnership¬67 Coventry Road¬¬Market Harborough¬Leicestershire¬LE16 9BX¬52.477085113525391¬-0.92482799291610718¬03W¬NHS East Leicestershire And Rutland CCG¬01858464242¬¬http://www.marketharboroughmedicalcentre.co.uk¬01858 462929
4732¬C82010¬GP¬UNKNOWN¬Visible¬True¬True¬Oakham Medical Practice¬Cold Overton Road¬¬¬Oakham¬Rutland¬LE15 6NT¬52.670803070068359¬-0.73752474784851074¬03W¬NHS East Leicestershire And Rutland CCG¬01572722621¬¬http://www.oakhammedicalpractice.co.uk/¬01572 722257
4733¬C82011¬GP¬UNKNOWN¬Visible¬True¬True¬Pinfold Medical Practice¬The Health Centre¬Pinfold Gate¬¬Loughborough¬Leicestershire¬LE11 1DQ¬52.771522521972656¬-1.203150749206543¬04V¬NHS West Leicestershire CCG¬01509220960¬¬http://www.pinfoldmedicalpractice.co.uk/¬01509 568879
4734¬C82012¬GP¬UNKNOWN¬Visible¬True¬True¬Ibstock & Barlestone Surgeries¬132 High Street¬¬¬Ibstock¬Leicestershire¬LE67 6JP¬52.684871673583984¬-1.4018033742904663¬04V¬NHS West Leicestershire CCG¬01530263467¬ibstockhouse@nhs.net¬¬01530 261397
4735¬C82012001¬GP¬UNKNOWN¬Visible¬True¬True¬Westfields Surgery¬Westfields¬Barlestone¬¬Nuneaton¬Warwickshire¬CV13 0EN¬52.648094177246094¬-1.3708813190460205¬04V¬NHS West Leicestershire CCG¬01455299920¬ibstockhousesurgery@nhs.uk¬¬01455 299923
4736¬C82013¬GP¬UNKNOWN¬Visible¬True¬True¬Bushloe Surgery¬Two Steeples Medical Centre¬Abington Close¬¬Wigston¬Leicestershire¬LE18 2EW¬52.582664489746094¬-1.1168692111968994¬03W¬NHS East Leicestershire And Rutland CCG¬01163440233¬¬http://www.bushloesurgery.co.uk¬0116 257 8021
4737¬C82014¬GP¬UNKNOWN¬Visible¬True¬True¬Castle Medical Group¬Ascebi House¬118 Burton Road¬¬Ashby-De-La-Zouch¬Leicestershire¬LE65 2LP¬52.758945465087891¬-1.4938305616378784¬04V¬NHS West Leicestershire CCG¬01530 414131¬¬http://www.castlemedicalgroup.co.uk¬
4739¬C82016¬GP¬UNKNOWN¬Visible¬True¬False¬Long Clawson Medical Practice¬The Sands¬Long Clawson¬¬Melton Mowbray¬Leicestershire¬LE14 4PA¬52.839218139648438¬-0.92389458417892456¬03W¬NHS East Leicestershire And Rutland CCG¬01664822214¬lcmp.admin@nhs.net¬https://www.valemedicalgroup.co.uk¬01664 823486
4741¬C82017¬GP¬UNKNOWN¬Visible¬True¬True¬Measham Medical Unit¬High Street¬Measham¬¬Swadlincote¬Derbyshire¬DE12 7HR¬52.704853057861328¬-1.5085775852203369¬04V¬NHS West Leicestershire CCG¬01530270667¬admin@meashamdoctors.co.uk¬http://www.meashamdoctors.co.uk/¬01530 271433
4742¬C82018001¬GP¬UNKNOWN¬Visible¬True¬True¬Manor Medical Centre¬577 Melton Road¬Thurmaston¬¬Leicester¬Leicestershire¬LE4 8EA¬52.672386169433594¬-1.1037236452102661¬04C¬NHS Leicester City CCG¬01162696765¬¬http://www.manorparkmedicalpractice.co.uk¬0116 2696980
4743¬C82018¬GP¬UNKNOWN¬Visible¬True¬True¬Parker Drive Surgery¬122 Parker Drive¬¬¬Leicester¬Leicestershire¬LE4 0JF¬52.656269073486328¬-1.1430525779724121¬04C¬NHS Leicester City CCG¬01162353148¬¬http://www.manorparkmedicalpractice.co.uk¬0116 235 4816
4744¬C82019¬GP¬UNKNOWN¬Visible¬True¬True¬Dr G Singh- Sturdee Road Health & Wellbeing Centre¬Sturdee Road Health & Wellbeing Centre¬182 Sturdee Road¬¬Leicester¬Leicestershire¬LE2 9DB¬52.590606689453125¬-1.1451320648193359¬04C¬NHS Leicester City CCG¬01162783066¬¬http://www.drgsingh.co.uk/¬
4745¬C82020¬GP¬UNKNOWN¬Visible¬True¬True¬De Montfort Surgery - Ib Cross¬100 Mill Lane¬¬¬Leicester¬Leicestershire¬LE2 7HX¬52.628585815429688¬-1.1411850452423096¬04C¬NHS Leicester City CCG¬01162227272¬demontfortsurgery@leics.nhs.uk¬http://www.demontfortsurgery.co.uk/¬0116 2954090
4746¬C82021¬GP¬UNKNOWN¬Visible¬True¬True¬The Central Surgery¬Brooksby Drive¬Oadby¬¬Leicester¬Leicestershire¬LE2 5AA¬52.598979949951172¬-1.0821895599365234¬03W¬NHS East Leicestershire And Rutland CCG¬01162712175¬¬http://www.thecentralsurgeryoadby.co.uk/¬
4747¬C82022001¬GP¬UNKNOWN¬Visible¬True¬True¬Bushby Surgery¬Hill Court, Main Street¬Bushby¬Leics¬Leicester¬Leicestershire¬LE7 9NY¬52.627700805664063¬-1.041344165802002¬03W¬NHS East Leicestershire And Rutland CCG¬01162414956¬¬http://www.billesdonsurgery.co.uk/¬
4748¬C82022¬GP¬UNKNOWN¬Visible¬True¬True¬The Billesdon Surgery¬4 Market Place¬Billesdon¬¬Leicester¬Leicestershire¬LE7 9AJ¬52.618053436279297¬-0.93840259313583374¬03W¬NHS East Leicestershire And Rutland CCG¬01162596206¬¬http://www.billesdonsurgery.co.uk¬
4749¬Y02469001¬GP¬UNKNOWN¬Visible¬True¬True¬Heron GP Practice¬St Matthews Health Centre¬Prince Philip House¬Malabar Road¬Leicester¬Leicestershire¬LE1 2NZ¬52.639797210693359¬-1.1195076704025269¬04C¬NHS Leicester City CCG¬0116 295 4700¬¬https://www.herongppractice.co.uk¬0116 295 4727
4750¬C82024¬GP¬UNKNOWN¬Visible¬True¬True¬Spinney Hill Medical Centre¬143 St Saviours Road¬Leicester¬Leics¬Leicester¬Leicestershire¬LE5 3HX¬52.637382507324219¬-1.1091972589492798¬04C¬NHS Leicester City CCG¬01163192568¬¬¬0844 477 8926
4751¬C82024001¬GP¬UNKNOWN¬Visible¬True¬True¬Doncaster Road Surgery¬132 Doncaster Road¬¬¬Leicester¬Leicestershire¬LE4 6JJ¬52.650123596191406¬-1.1156344413757324¬04C¬NHS Leicester City CCG¬01163196717 ¬¬https://www.spinneyhillmc.co.uk/¬
4752¬C82025¬GP¬UNKNOWN¬Visible¬True¬True¬The Wycliffe Medical Practice¬Lutterworth Medical Centre¬Gilmorton Road¬¬Lutterworth¬Leicestershire¬LE17 4EB¬52.457324981689453¬-1.1980013847351074¬03W¬NHS East Leicestershire And Rutland CCG¬01455 553531¬¬http://www.wycliffemedicalpractice.nhs.uk¬01455 550083
4753¬C82026¬GP¬UNKNOWN¬Visible¬True¬True¬Bridge Street Medical Practice¬Bridge Street Medical Practice¬20 Bridge Street¬¬Loughborough¬Leicestershire¬LE11 1NQ¬52.774822235107422¬-1.207152247428894¬04V¬NHS West Leicestershire CCG¬01509263018¬¬http://www.bsmp.co.uk¬01509 211427
4754¬C82027¬GP¬UNKNOWN¬Visible¬True¬True¬The Old School Surgery¬Hinckley Road¬Stoney Stanton¬¬Leicester¬Leicestershire¬LE9 4LJ¬52.547187805175781¬-1.2827670574188232¬04V¬NHS West Leicestershire CCG¬01455271442¬¬¬01455 274526
4755¬C82028¬GP¬UNKNOWN¬Visible¬True¬True¬Markfield Medical Centre¬24 Chitterman Way¬¬¬Markfield¬Leicestershire¬LE67 9WU¬52.685237884521484¬-1.2729783058166504¬04V¬NHS West Leicestershire CCG¬01530249461¬¬www.markfieldmedicalcentre.org.uk¬01530 245668
4756¬C82029002¬GP¬UNKNOWN¬Visible¬True¬True¬Springfield Road Surgery¬Springfield Road¬¬¬Leicester¬Leicestershire¬LE2 3BB¬52.617424011230469¬-1.1127779483795166¬04C¬NHS Leicester City CCG¬01162432727¬¬http://www.willowbrookmedicalcentre.co.uk/contact1.aspx¬
4757¬C82029¬GP¬UNKNOWN¬Visible¬True¬True¬Willowbrook Medical Centre (Jg Astles)¬195 Thurncourt Road¬¬¬Leicester¬Leicestershire¬LE5 2NL¬52.63751220703125¬-1.0485184192657471¬04C¬NHS Leicester City CCG¬01162432727¬¬¬
4758¬C82030¬GP¬UNKNOWN¬Visible¬True¬True¬Downing Drive Surgery¬155 Downing Drive¬Evington¬¬Leicester¬Leicestershire¬LE5 6LP¬52.625297546386719¬-1.0631577968597412¬04C¬NHS Leicester City CCG¬01162413801¬¬https://www.downingdrivesurgery.nhs.uk/¬
4759¬C82031¬GP¬UNKNOWN¬Visible¬True¬True¬Melbourne Street Surgery¬56 Melbourne Street¬¬¬Leicester¬Leicestershire¬LE2 0AS¬52.636344909667969¬-1.1143755912780762¬04C¬NHS Leicester City CCG¬01162536299¬¬http://www.johnsonmedicalpractice.co.uk/¬0116 262 9298
4760¬C82031002¬GP¬UNKNOWN¬Visible¬True¬True¬Hilltop Surgery¬22 Maidenwell Avenue¬¬¬Leicester¬Leicestershire¬LE5 1BJ¬52.652618408203125¬-1.0701723098754883¬04C¬NHS Leicester City CCG¬01162769555¬¬http://www.johnsonmedicalpractice.co.uk¬
4761¬C82032¬GP¬UNKNOWN¬Visible¬True¬True¬The Anstey Surgery¬21A The Nook¬Anstey¬¬Leicester¬Leicestershire¬LE7 7AZ¬52.672760009765625¬-1.1871715784072876¬04V¬NHS West Leicestershire CCG¬01162362531¬¬http://www.theansteysurgery.co.uk/¬
4762¬C82033¬GP¬UNKNOWN¬Visible¬True¬True¬Humberstone Medical Centre (Ip Jones)¬150 Wycombe Road¬¬¬Leicester¬Leicestershire¬LE5 0PR¬52.645111083984375¬-1.0896341800689697¬04C¬NHS Leicester City CCG¬01162766605¬¬www.the-hmc.co.uk ¬
4763¬C82034¬GP¬UNKNOWN¬Visible¬True¬True¬Quorn Medical Centre¬1 Station Road¬Quorn¬¬Loughborough¬Leicestershire¬LE12 8BP¬52.745601654052734¬-1.1655371189117432¬04V¬NHS West Leicestershire CCG¬01509410800¬quorn.medicalcentre@nhs.net¬http://www.quornmedicalcentre.co.uk/¬01509 620652
4764¬C82035¬GP¬UNKNOWN¬Visible¬True¬True¬Park View Surgery¬24-28 Leicester Road¬¬¬Loughborough¬Leicestershire¬LE11 2AG¬52.76904296875¬-1.2018768787384033¬04V¬NHS West Leicestershire CCG¬01509230717¬¬http://www.parkviewsurgery.nhs.uk/¬01509 236891
4770¬C82037¬GP¬UNKNOWN¬Visible¬True¬True¬East Park Medical Centre - R P Pandya¬264-266 East Park Road¬¬¬Leicester¬Leicestershire¬LE5 5FD¬52.633544921875¬-1.1044434309005737¬04C¬NHS Leicester City CCG¬01162736330¬¬http://www.eastparkmedicalcentre.co.uk/¬0116 2738653
4771¬C82037001¬GP¬UNKNOWN¬Visible¬True¬True¬East Park Medical Centre Branch¬41-43¬Doncaster Road¬¬Leicester¬Leicestershire¬LE4 6JL¬52.650810241699219¬-1.1193900108337402¬04C¬NHS Leicester City CCG¬01162689400¬¬http://www.eastparkmedicalcentre.co.uk/¬0116 2666114
4772¬C82038001¬GP¬UNKNOWN¬Visible¬True¬True¬Regency Road Surgery¬Regency Road¬Asfordby¬¬Melton Mowbray¬Leicestershire¬LE14 3YL¬52.766147613525391¬-0.95400494337081909¬03W¬NHS East Leicestershire And Rutland CCG¬01664503006¬¬www.lhmp.co.uk¬01664 501825
4773¬C82038¬GP¬UNKNOWN¬Visible¬True¬True¬Latham House Medical Practice¬Latham House¬Sage Cross Street¬¬Melton Mowbray¬Leicestershire¬LE13 1NX¬52.765350341796875¬-0.883372962474823¬03W¬NHS East Leicestershire And Rutland CCG¬01664503000¬medicalsecretaries@nhs.net¬http://www.lhmp.co.uk¬01664 501825
4774¬C82039¬GP¬UNKNOWN¬Visible¬True¬True¬Kingsway Surgery¬23 Kingsway¬Narborough Road South¬¬Leicester¬Leicestershire¬LE3 2JN¬52.605400085449219¬-1.1746989488601685¬03W¬NHS East Leicestershire And Rutland CCG¬01162895081¬¬http://www.kingswaysurgery.co.uk/¬0116 263 0195
4775¬C82040¬GP¬UNKNOWN¬Visible¬True¬True¬Orchard Surgery¬Dragwell¬Kegworth¬¬Derby¬Derbyshire¬DE74 2EL¬52.83648681640625¬-1.2779378890991211¬52R¬NHS Nottingham And Nottinghamshire CCG¬01509672419¬¬http://www.kegworth.net/¬
4776¬C82040001¬GP¬UNKNOWN¬Visible¬True¬True¬Village Hall Surgery¬Nottingham Road¬¬¬Nottingham¬Nottinghamshire¬NG11 0HE¬52.869682312011719¬-1.2046815156936646¬52R¬NHS Nottingham And Nottinghamshire CCG¬01159830011¬¬http://www.kegworth.net/¬
4777¬C82041002¬GP¬UNKNOWN¬Visible¬True¬True¬Forest Edge Medical Centre¬Old Ashby Road¬¬¬Loughborough¬Leicestershire¬LE11 4PQ¬52.764663696289063¬-1.2472329139709473¬04V¬NHS West Leicestershire CCG¬01509324115¬ccmg@gp-c82041.nhs.uk¬http://www.charnwoodcommunitymedicalgroup.co.uk¬01509 260069
4778¬C82041¬GP¬UNKNOWN¬Visible¬True¬True¬Charnwood Medical Group¬Rosebery Street¬¬¬Loughborough¬Leicestershire¬LE11 5DX¬52.773853302001953¬-1.2204424142837524¬04V¬NHS West Leicestershire CCG¬01509324115¬ccmg@gp-c82041.nhs.uk¬http://www.charnwoodcommunitymedicalgroup.co.uk¬01509 213002
4779¬C82041001¬GP¬UNKNOWN¬Visible¬True¬True¬Beaumont Road Surgery¬4 Beaumont Road¬¬¬Loughborough¬Leicestershire¬LE11 2JB¬52.755367279052734¬-1.2069423198699951¬04V¬NHS West Leicestershire CCG¬01509324115¬ccmg@gp-c82041.nhs.uk¬http://www.charnwoodcommunitymedicalgroup.co.uk¬01509 260058
4780¬C82042¬GP¬UNKNOWN¬Visible¬True¬True¬The County Practice¬Syston Health Centre¬1330 Melton Road¬Syston¬Leicester¬Leicestershire¬LE7 2EQ¬52.700710296630859¬-1.069875955581665¬03W¬NHS East Leicestershire And Rutland CCG¬01162950500¬¬http://www.countypracticesyston.nhs.uk¬
4781¬C82043¬GP¬UNKNOWN¬Visible¬True¬True¬Station View Health Centre¬Southfield Road¬¬¬Hinckley¬Leicestershire¬LE10 1UA¬52.536022186279297¬-1.3713365793228149¬04V¬NHS West Leicestershire CCG¬01455635362¬¬¬01455 619797
4782¬C82044¬GP¬UNKNOWN¬Visible¬True¬True¬Empingham Medical Centre¬Main Street¬Empingham¬¬Oakham¬Leicestershire¬LE15 8PR¬52.667720794677734¬-0.59376907348632813¬03W¬NHS East Leicestershire And Rutland CCG¬01780460202¬empinghammedicalcentre.enquiries@nhs.net¬http://www.empinghammedicalcentre.co.uk/¬
4783¬C82045¬GP¬UNKNOWN¬Visible¬True¬True¬Whitwick Road Surgery¬Whitwick Road¬¬¬Coalville¬Leicestershire¬LE67 3FA¬52.726970672607422¬-1.3671411275863647¬04V¬NHS West Leicestershire CCG¬01530836507¬¬¬01530 836615
4784¬C82046¬GP¬UNKNOWN¬Visible¬True¬True¬Saffron Health¬Saffron Health¬509 Saffron Lane¬¬Leicester¬Leicestershire¬LE2 6UL¬52.601272583007812¬-1.1412172317504883¬04C¬NHS Leicester City CCG¬01162440888¬¬http://www.saffronhealth.co.uk¬0800 111 6631
4785¬C82047¬GP¬UNKNOWN¬Visible¬True¬True¬Maples Family Med.Pract.¬35 Hill Street¬¬¬Hinckley¬Leicestershire¬LE10 1DS¬52.541034698486328¬-1.3677382469177246¬04V¬NHS West Leicestershire CCG¬01455234576¬¬www.maplesfamilymedicalpractice.nhs.uk¬01455 250506
4786¬C82048¬GP¬UNKNOWN¬Visible¬True¬True¬Rosemead Drive Surgery¬103 Rosemead Drive¬Oadby¬¬Leicester¬Leicestershire¬LE2 5PP¬52.593402862548828¬-1.0830737352371216¬03W¬NHS East Leicestershire And Rutland CCG¬01162166997¬¬http://www.rdhr.co.uk¬0116 2728899
4787¬C82048001¬GP¬UNKNOWN¬Visible¬True¬True¬Harborough Road Surgery¬33 Harborough Road¬Oadby¬¬Leicester¬Leicestershire¬LE2 4LE¬52.600624084472656¬-1.0810773372650146¬03W¬NHS East Leicestershire And Rutland CCG¬01162166997¬¬http://www.rdhr.co.uk¬0116 2729779
4788¬C82050¬GP¬UNKNOWN¬Visible¬True¬True¬Long Lane Surgery¬Beacon House¬Long Lane¬¬Coalville¬Leicestershire¬LE67 4DR¬52.721866607666016¬-1.357680082321167¬04V¬NHS West Leicestershire CCG¬01530445945¬¬http://www.longlanesurgery.com¬
4789¬C82051¬GP¬UNKNOWN¬Visible¬True¬True¬Newbold Verdon Medical Practice¬St. Georges Close¬Newbold Verdon¬¬Leicester¬Leicestershire¬LE9 9PZ¬52.634613037109375¬-1.3433248996734619¬04V¬NHS West Leicestershire CCG¬01455822171¬¬http://www.newboldandbosworthgps.co.uk/¬01455 824968
4790¬C82051001¬GP¬UNKNOWN¬Visible¬True¬True¬Back Lane Surgery¬Back Lane¬Market Bosworth¬¬Nuneaton¬Warwickshire¬CV13 0LD¬52.624961853027344¬-1.4031667709350586¬04V¬NHS West Leicestershire CCG¬01455290200¬¬http://www.newboldverdonandmarketbosworthmedicalpractice.co.uk/¬01455 292289
4791¬C82052¬GP¬UNKNOWN¬Visible¬True¬True¬Dr R M Patel & Dr H Tailor¬67 North Street¬Whitwick¬¬Coalville¬Leicestershire¬LE67 5HX¬52.742576599121094¬-1.3606641292572021¬04V¬NHS West Leicestershire CCG¬01530839629¬¬http://www.lewisandpatelwhc.co.uk¬
4792¬C82053¬GP¬UNKNOWN¬Visible¬True¬True¬Hockley Farm Medical Practice (Dr Abdool)¬39 Hockley Farm Road¬Braunstone¬Leicester¬Leicester¬Leicestershire¬LE3 1HN¬52.630901336669922¬-1.1838841438293457¬04C¬NHS Leicester City CCG¬01162226100¬¬http://www.hockleyfarmmedicalpractice.co.uk¬
4793¬C82054002¬GP¬UNKNOWN¬Visible¬True¬True¬Wolvey Surgery¬7 The Square¬Wolvey¬¬Hinckley¬Leicestershire¬LE10 3LJ¬52.486732482910156¬-1.3685315847396851¬04V¬NHS West Leicestershire CCG¬01455221331¬¬http://www.burbagesurgery.co.uk/¬01455 221332
4794¬C82054003¬GP¬UNKNOWN¬Visible¬True¬True¬Sharnford Surgery¬Evergreen Hall¬Sharnford¬¬Hinckley¬Leicestershire¬LE10 3PJ¬52.521194458007813¬-1.2927111387252808¬04V¬NHS West Leicestershire CCG¬01455 634 879¬¬¬
4795¬C82054004¬GP¬UNKNOWN¬Visible¬True¬True¬Dr DA Jones & Partners¬Church Hall¬¬Sapcote¬Leicester¬Leicestershire¬LE9 6FG¬52.535507202148438¬-1.2810554504394531¬04V¬NHS West Leicestershire CCG¬01455 634 879¬¬¬
4796¬C82054¬GP¬UNKNOWN¬Visible¬True¬True¬The Burbage Surgery¬Tilton Road¬Burbage¬¬Hinckley¬Leicestershire¬LE10 2SE¬52.530097961425781¬-1.3616303205490112¬04V¬NHS West Leicestershire CCG¬01455 634 879¬¬https://www.burbage.surgery.co.uk¬01455 891264
4797¬C82055¬GP¬UNKNOWN¬Visible¬True¬True¬Limes Medical Centre¬65 Leicester Road¬Narborough¬¬Leicester¬Leicestershire¬LE19 2DU¬52.573966979980469¬-1.1999776363372803¬03W¬NHS East Leicestershire And Rutland CCG¬01162864421¬¬http://www.limesmedicalcentre.co.uk/¬0116 2847980
4798¬C82056¬GP¬UNKNOWN¬Visible¬True¬True¬The Glenfield Surgery¬111 Station Road¬Glenfield¬¬Leicester¬Leicestershire¬LE3 8GS¬52.655277252197266¬-1.196528434753418¬03W¬NHS East Leicestershire And Rutland CCG¬0116 2333600¬glenfield.surgery@nhs.net¬https://www.theglenfieldsurgery.co.uk¬
4800¬C82059¬GP¬UNKNOWN¬Visible¬True¬True¬Westcotes Gp Surgery (One)¬2 Westcotes Drive¬¬¬Leicester¬Leicestershire¬LE3 0QR¬52.628593444824219¬-1.1511428356170654¬04C¬NHS Leicester City CCG¬01162558588¬¬http://www.LeicesterGP.com¬0116 247 1552
4801¬C82060¬GP¬UNKNOWN¬Visible¬True¬True¬Sayeed Medical Centre¬352-354 East Park Road¬¬¬Leicester¬Leicestershire¬LE5 5AY¬52.630802154541016¬-1.1065827608108521¬04C¬NHS Leicester City CCG¬01163232030¬¬¬0116 273 7443
4802¬C82061¬GP¬UNKNOWN¬Visible¬True¬True¬Barwell & Hollycroft Medical Centre¬39 Jersey Way¬Barwell¬¬Leicester¬Leicestershire¬LE9 8HR¬52.567264556884766¬-1.3489930629730225¬04V¬NHS West Leicestershire CCG¬01455849149¬¬https://www.barwellmedicalcentre.co.uk¬
4803¬C82062¬GP¬UNKNOWN¬Visible¬True¬True¬Barrow Health Centre¬27 High Street¬Barrow Upon Soar¬¬Loughborough¬Leicestershire¬LE12 8PY¬52.751605987548828¬-1.1490803956985474¬04V¬NHS West Leicestershire CCG¬01509274430¬¬http://www.barrowhealthcentre.co.uk¬01509 620664
4804¬C82063¬GP¬UNKNOWN¬Visible¬True¬True¬East Leicester Medical Practice - Dr A Farooqi And Partners¬131 Uppingham Road¬Leicester¬¬Leicester¬Leicestershire¬LE5 4BP¬52.642002105712891¬-1.0949304103851318¬04C¬NHS Leicester City CCG¬01163666446¬¬http://www.elmp.co.uk¬
4805¬C82064¬GP¬UNKNOWN¬Visible¬True¬True¬Forest House Surgery¬25 Leicester Road¬Shepshed¬¬Loughborough¬Leicestershire¬LE12 9DF¬52.766685485839844¬-1.2872738838195801¬04V¬NHS West Leicestershire CCG¬01509508412¬¬www.foresthousesurgeryshepshed.co.uk¬01509 502229
4807¬C82066¬GP¬UNKNOWN¬Visible¬True¬True¬Forest House Medical Ctr¬2a Park Drive¬Leicester Forest East¬¬Leicester¬Leicestershire¬LE3 3FN¬52.625255584716797¬-1.2013771533966064¬03W¬NHS East Leicestershire And Rutland CCG¬01162898111¬¬http://foresthousemedicalcentre.co.uk¬0116 263 0253
4808¬C82067¬GP¬UNKNOWN¬Visible¬True¬True¬The Croft Medical Centre¬2 Glen Road¬Oadby¬¬Leicester¬Leicestershire¬LE2 4PE¬52.594169616699219¬-1.0705657005310059¬03W¬NHS East Leicestershire And Rutland CCG¬01162711740¬¬http://www.thecroftmedicalcentre.co.uk/¬0116 2729529
4809¬C82068¬GP¬UNKNOWN¬Visible¬True¬True¬Northfield Medical Centre¬Villers Court¬Blaby¬¬Leicester¬Leicestershire¬LE8 4NS¬52.576751708984375¬-1.164362907409668¬03W¬NHS East Leicestershire And Rutland CCG¬01163192203¬¬http://www.northfieldmedicalcentre.co.uk/¬0116 2642299
4810¬C82070¬GP¬UNKNOWN¬Visible¬True¬True¬Woodbrook Medical Centre¬28 Bridge Street¬¬¬Loughborough¬Leicestershire¬LE11 1NH¬52.775043487548828¬-1.2076669931411743¬04V¬NHS West Leicestershire CCG¬01509239166¬¬¬01509 239649
4811¬C82071¬GP¬UNKNOWN¬Visible¬True¬True¬Wigston Central Surgery¬Two Steeples Medical Centre¬10 Abington Close¬¬Wigston¬Leicestershire¬LE18 2EW¬52.583286285400391¬-1.1169061660766602¬03W¬NHS East Leicestershire And Rutland CCG¬01162882566¬¬http://www.wigstoncentral.co.uk¬0116 257 3315
4812¬C82039001¬GP¬UNKNOWN¬Visible¬True¬True¬Kingsway Branch - Thorpe Astley¬Thorpe Astley Community Centre, Lakin Drive¬Braunstone¬¬Leicester¬Leicestershire¬LE3 3RU¬52.618755340576172¬-1.2009046077728271¬03W¬NHS East Leicestershire And Rutland CCG¬0116 289 5081¬¬https://www.kingswaysurgery.co.uk/¬
4813¬C82072¬GP¬UNKNOWN¬Visible¬True¬True¬Broom Leys Surgery¬Broom Leys Road¬¬¬Coalville¬Leicestershire¬LE67 4DE¬52.722885131835938¬-1.3498327732086182¬04V¬NHS West Leicestershire CCG¬01530832095¬¬http://broomleyssurgery.co.uk/¬01530 832 616
4815¬C82073¬GP¬UNKNOWN¬Visible¬True¬True¬Merridale Medical Centre (Rp Tew)¬5 Fullhurst Avenue¬¬¬Leicester¬Leicestershire¬LE3 1BL¬52.620128631591797¬-1.1607455015182495¬04C¬NHS Leicester City CCG¬01162166996¬¬http://www.merridalemedicalcentre.co.uk¬
4816¬C82075¬GP¬UNKNOWN¬Visible¬True¬True¬Castle Mead Medical Centre¬Hill Street¬¬¬Hinckley¬Leicestershire¬LE10 1DS¬52.541034698486328¬-1.3677382469177246¬04V¬NHS West Leicestershire CCG¬01455637659¬¬¬01455 238754
4817¬C82075001¬GP¬UNKNOWN¬Visible¬True¬True¬Pine Close Surgery¬28 Pine Close¬Stoke Golding¬¬Nuneaton¬Warwickshire¬CV13 6EB¬52.570156097412109¬-1.4077322483062744¬04V¬NHS West Leicestershire CCG¬01455212526¬¬http://www.castlemeadmedicalcentre.co.uk¬
4818¬C82076002¬GP¬UNKNOWN¬Visible¬True¬True¬The Welby Practice (Waltham)¬Bescaby Lane¬Waltham On The Wolds¬¬Melton Mowbray¬Leicestershire¬LE14 4AB¬52.815731048583984¬-0.8033217191696167¬71E¬NHS Lincolnshire CCG¬01664 464232¬¬http://www.thewelbypractice.co.uk¬01664 464380
4819¬C82076003¬GP¬UNKNOWN¬Visible¬True¬True¬The Welby Practice (Harlaxton)¬Swine Hill¬Harlaxton¬¬Grantham¬Lincolnshire¬NG32 1HT¬52.881973266601563¬-0.68562877178192139¬71E¬NHS Lincolnshire CCG¬01476 563881¬¬http://www.thewelbypractice.co.uk¬01476 574392
4820¬C82076¬GP¬UNKNOWN¬Visible¬True¬True¬The Welby Practice¬Belvoir Vale, 17a Walford Close¬Bottesford¬¬Nottingham¬Nottinghamshire¬NG13 0AN¬52.942348480224609¬-0.8044893741607666¬71E¬NHS Lincolnshire CCG¬01949 842341¬¬http://www.thewelbypractice.co.uk¬01949 844209
4822¬C82077¬GP¬UNKNOWN¬Visible¬True¬False¬The Uppingham Surgery¬North Gate¬Uppingham¬¬Oakham¬Leicestershire¬LE15 9EG¬52.594955444335937¬-0.72355455160140991¬03W¬NHS East Leicestershire And Rutland CCG¬01572823531¬uppingham.surgery@nhs.net¬http://www.uppinghamsurgery.nhs.uk/¬
4823¬C82077002¬GP¬UNKNOWN¬Visible¬True¬False¬Gretton Surgery¬3A Kirby Road¬Kirby Road¬Gretton¬Corby¬Northamptonshire¬NN17 3BD¬52.536170959472656¬-0.67632496356964111¬03W¬NHS East Leicestershire And Rutland CCG¬01536770488¬¬www.uppinghamsurgery.nhs.uk¬01572 821145
4824¬C82077003¬GP¬UNKNOWN¬Visible¬True¬False¬Barrowden Surgery¬8 Kings Lane¬Oakham¬¬Barrowden¬Rutland¬LE15 8EF¬52.591133117675781¬-0.60007506608963013¬03W¬NHS East Leicestershire And Rutland CCG¬01572747433¬¬http://www.uppinghamsurgery.nhs.uk/¬01572 821145
4825¬C82078¬GP¬UNKNOWN¬Visible¬True¬True¬The Jubilee Medical Practice¬Syston Health Centre¬1330 Melton Road¬Syston¬Leicester¬Leicestershire¬LE7 2EQ¬52.699996948242188¬-1.0712535381317139¬03W¬NHS East Leicestershire And Rutland CCG¬01162950600¬¬http://www.jubileemedicalpractice.com¬0116 295 0626
4826¬C82079¬GP¬UNKNOWN¬Visible¬True¬True¬South Wigston Health Ctr.¬80 Blaby Road¬¬¬Wigston¬Leicestershire¬LE18 4SE¬52.580451965332031¬-1.1291681528091431¬03W¬NHS East Leicestershire And Rutland CCG¬01162782028¬¬http://swhealthcentre.co.uk/¬0116 277 1518
4827¬C82080¬GP¬UNKNOWN¬Visible¬True¬True¬Shefa Medical Practice¬St Peters Health Centre¬Sparkenhoe Street¬¬Leicester¬Leicestershire¬LE2 0TA¬52.631038665771484¬-1.1190776824951172¬04C¬NHS Leicester City CCG¬01162957835¬¬http://www.shefamedicalpractice.co.uk/¬0116 295 7836
4829¬C82082¬GP¬UNKNOWN¬Visible¬True¬True¬The Centre Surgery¬Hinckley Health Centre¬29 Hill Street¬¬Hinckley¬Leicestershire¬LE10 1DS¬52.541034698486328¬-1.3677382469177246¬04V¬NHS West Leicestershire CCG¬01455632277¬¬https://www.thecentresurgery.co.uk/¬01455 451141
4830¬C82084¬GP¬UNKNOWN¬Visible¬True¬True¬Canon Street Medical Centre¬122 Canon Street¬¬¬Leicester¬Leicestershire¬LE4 6NL¬52.651580810546875¬-1.1131660938262939¬04C¬NHS Leicester City CCG¬01162661247¬¬http://www.drmodisurgeries.co.uk¬0116 268 1477
4833¬C82086¬GP¬UNKNOWN¬Visible¬True¬True¬Fosse Medical Centre (Gk Sharma)¬344 Fosse Road North¬¬¬Leicester¬Leicestershire¬LE3 5RR¬52.636707305908203¬-1.1521384716033936¬04C¬NHS Leicester City CCG¬01162957100¬¬http://www.fossemedicalcentre.co.uk/¬
4834¬C82088¬GP¬UNKNOWN¬Visible¬True¬True¬Evington Medical Centre¬2 - 6 Halsbury Street¬¬¬Leicester¬Leicestershire¬LE2 1QA¬52.624267578125¬-1.1067600250244141¬04C¬NHS Leicester City CCG¬0116 3190343¬¬http://www.evingtonmedicalcentre.co.uk/¬0844 4773588
4835¬C82088002¬GP¬UNKNOWN¬Visible¬True¬True¬Loughborough Road - Branch Surgery¬30 - 32 Loughborough Road¬¬¬Leicester¬Leicestershire¬LE4 5LD¬52.652072906494141¬-1.1224837303161621¬04C¬NHS Leicester City CCG¬0116 319 2545¬¬http://www.evingtonmedicalcentre.co.uk¬0844 477 3597
4836¬C82091¬GP¬UNKNOWN¬Visible¬True¬True¬Birstall Medical Centre¬4 Whiles Lane¬Birstall¬¬Leicester¬Leicestershire¬LE4 4EE¬52.676540374755859¬-1.1160922050476074¬04V¬NHS West Leicestershire CCG¬01162169773¬¬http://www.birstallmedicalcentre.com¬0844 815 1435
4837¬C82091001¬GP¬UNKNOWN¬Visible¬True¬True¬Border Drive Surgery¬2 Border Drive¬¬¬Leicester¬Leicestershire¬LE4 2PF¬52.666324615478516¬-1.1399576663970947¬04V¬NHS West Leicestershire CCG¬0116 216 9773¬¬http://birstallmedicalcentre.com/¬0116 236 5561
4838¬C82092¬GP¬UNKNOWN¬Visible¬True¬True¬Aylestone Health Centre¬15 Hall Lane¬¬¬Leicester¬Leicestershire¬LE2 8SF¬52.605678558349609¬-1.1526638269424438¬04C¬NHS Leicester City CCG¬01162837825¬¬¬0116 2441048
4839¬C82093¬GP¬UNKNOWN¬Visible¬True¬True¬The Orchard Med Practice¬Orchard Road¬Broughton Astley¬¬Leicester¬Leicestershire¬LE9 6RG¬52.533973693847656¬-1.2316784858703613¬04V¬NHS West Leicestershire CCG¬01455282599¬¬¬01455 286772
4840¬C82093001¬GP¬UNKNOWN¬Visible¬True¬True¬Dr A L Jeffries-Beckley and Partners¬Station Road¬¬¬Ullesthorpe¬Leicestershire¬LE17 5BS¬52.484188079833984¬-1.2559894323348999¬04V¬NHS West Leicestershire CCG¬01455209286¬¬¬
4841¬C82093003¬GP¬UNKNOWN¬Visible¬True¬True¬Dr A L Jeffries-Beckley and Partners¬The Village Hall¬Sharnford¬¬Hinckley¬Leicestershire¬LE10 3PJ¬52.521194458007813¬-1.2927111387252808¬04V¬NHS West Leicestershire CCG¬01455282599¬¬¬
4842¬C82094¬GP¬UNKNOWN¬Visible¬True¬True¬Beaumont Lodge Medical Practice¬2 Baxters Close¬Beaumont Leys¬¬Leicester¬Leicestershire¬LE4 0QR¬52.658283233642578¬-1.1604735851287842¬04C¬NHS Leicester City CCG¬01162353579¬¬¬0116 234 2959
4843¬C82095¬GP¬UNKNOWN¬Visible¬True¬True¬Alpine House Surgery¬86 Rothley Road¬Mountsorrel¬¬Loughborough¬Leicestershire¬LE12 7JU¬52.724864959716797¬-1.139606237411499¬04V¬NHS West Leicestershire CCG¬0116 216 9947¬¬http://www.alpinehousesurgery.co.uk¬0116 237 4218
4844¬C82096¬GP¬UNKNOWN¬Visible¬True¬True¬Hugglescote Surgery¬151 Grange Road¬Hugglescote¬¬Coalville¬Leicestershire¬LE67 2BS¬52.711032867431641¬-1.3656693696975708¬04V¬NHS West Leicestershire CCG¬01530832109¬¬http://www.hugglescotesurgery.co.uk/¬01530 832553
4846¬C82097¬GP¬UNKNOWN¬Visible¬True¬True¬Charnwood Surgery¬39 Linkfield Road¬Mountsorrel¬¬Loughborough¬Leicestershire¬LE12 7DJ¬52.721778869628906¬-1.135861873626709¬04V¬NHS West Leicestershire CCG¬01162375089¬¬http://www.charnwoodsurgery.co.uk¬0116 237 5089
4847¬C82098¬GP¬UNKNOWN¬Visible¬True¬True¬Hazelmere Medical Centre¬58 Lutterworth Road¬Blaby¬¬Leicester¬Leicestershire¬LE8 4DN¬52.573371887207031¬-1.1645156145095825¬03W¬NHS East Leicestershire And Rutland CCG¬01162771666¬¬http://hazelmeremc.co.uk/¬
4848¬C82099¬GP¬UNKNOWN¬Visible¬True¬True¬Al-Waqas Medical Centre¬AL-Waqas Medical Practice¬91 St Peters Road¬¬Leicester¬Leicestershire¬LE2 1DJ¬52.629043579101563¬-1.1084061861038208¬04C¬NHS Leicester City CCG¬01162543003¬¬https://www.al-waqasmedicalpractice.co.uk/¬0116 285 8672
4849¬C82100¬GP¬UNKNOWN¬Visible¬True¬True¬The Hedges Medical Centre (Sa Bailey)¬Pasley Road¬Eyres Monsell¬¬Leicester¬Leicestershire¬LE2 9BU¬52.591480255126953¬-1.1460833549499512¬04C¬NHS Leicester City CCG¬01162251277¬¬http://www.hedgesmedicalcentre.co.uk¬
4850¬C82102¬GP¬UNKNOWN¬Visible¬True¬True¬Manor House Surgery Belton¬1 Mill Lane¬Belton¬¬Loughborough¬Leicestershire¬LE12 9UJ¬52.785449981689453¬-1.3408200740814209¬04V¬NHS West Leicestershire CCG¬01530222368¬¬http://www.beltonsurgery.nhs.uk¬
4852¬C82103¬GP¬UNKNOWN¬Visible¬True¬True¬Dishley Grange Medical Practice¬32 Maxwell Drive¬¬¬Loughborough¬Leicestershire¬LE11 4RZ¬52.779193878173828¬-1.2404444217681885¬04V¬NHS West Leicestershire CCG¬01509646550¬¬http://www.willowshealth.nhs.uk¬
4853¬C82103003¬GP¬UNKNOWN¬Visible¬True¬True¬Cross Street Surgery¬5 Cross Street¬¬¬Loughborough¬Leicestershire¬LE12 5LB¬52.796672821044922¬-1.2552381753921509¬04V¬NHS West Leicestershire CCG¬01509646326¬¬http://www.willowshealth.nhs.uk¬
4854¬C82105¬GP¬UNKNOWN¬Visible¬True¬True¬Ar Razi Medical Centre¬1 Evington Lane¬¬¬Leicester¬Leicestershire¬LE5 5PQ¬52.623908996582031¬-1.1011979579925537¬04C¬NHS Leicester City CCG¬01162490000¬arrazimedicalcentre@gp-c82105.nhs.uk¬https://ar-razi.com¬0116 249 0088
4856¬C82107¬GP¬UNKNOWN¬Visible¬True¬True¬Brandon Street Surgery¬Belgrave Health Centre¬52 Brandon Street¬¬Leicester¬Leicestershire¬LE4 6AW¬52.648025512695313¬-1.1222543716430664¬04C¬NHS Leicester City CCG¬01162689790¬¬http://brandonstreetsurgery.co.uk¬
4858¬C82109¬GP¬UNKNOWN¬Visible¬True¬False¬Husbands Bosworth Medical Centre¬Husbands Bosworth Medical Centre¬1 Marsh Drive¬Husbands Bosworth¬Lutterworth¬Leicestershire¬LE17 6PU¬52.450145721435547¬-1.0563715696334839¬03W¬NHS East Leicestershire And Rutland CCG¬01858880522¬¬http://www.marketharboroughmedicalcentre.co.uk¬01858 880111
4859¬C82109002¬GP¬UNKNOWN¬Visible¬True¬False¬Welford Surgery¬Market Harborough & Bosworth Partnership, Village Hall¬Welford¬Northants¬Welford¬Northamptonshire¬NN6 6HU¬52.419696807861328¬-1.0573450326919556¬03W¬NHS East Leicestershire And Rutland CCG¬01858880522¬¬¬01858 880111
4860¬C82111¬GP¬UNKNOWN¬Visible¬True¬True¬Dr Vaghela & Dr Gill¬University Medical Centre¬Loughborough University¬Ashby Rd¬Loughborough¬Leicestershire¬LE11 3TU¬52.76483154296875¬-1.2295049428939819¬04V¬NHS West Leicestershire CCG¬01509222061¬med.centre@lboro.ac.uk¬http://www.lborounimedicalcentre.co.uk/¬01509 223996
4861¬C82112¬GP¬UNKNOWN¬Visible¬True¬True¬Spectrum Health¬(Previously Severn Surgery)¬159 Uplands Road¬Oadby¬Leicester¬Leicestershire¬LE2 4NW¬52.598804473876953¬-1.0655685663223267¬03W¬NHS East Leicestershire And Rutland CCG¬01162719042¬spectrum.health@nhs.net¬https://www.spectrum-health.co.uk/¬
4862¬C82114¬GP¬UNKNOWN¬Visible¬True¬True¬Fosse Family Practice¬16 Fosse Road South¬¬¬Leicester¬Leicestershire¬LE3 0QD¬52.630577087402344¬-1.1531286239624023¬04C¬NHS Leicester City CCG¬01162857329¬¬http://www.fossefamilypractice.com¬0116 285 7375
4863¬C82116¬GP¬UNKNOWN¬Visible¬True¬True¬Highfields Surgery (R Wadhwa)¬25 Severn Street¬¬¬Leicester¬Leicestershire¬LE2 0NN¬52.629398345947266¬-1.1185935735702515¬04C¬NHS Leicester City CCG¬01162543253¬¬¬0116 255 6794
4865¬C82119¬GP¬UNKNOWN¬Visible¬True¬True¬Narborough Road Surgery¬Dr R Kapur and Partner¬193 Narborough Road¬¬Leicester¬Leicestershire¬LE3 0PE¬52.624366760253906¬-1.1535143852233887¬04C¬NHS Leicester City CCG¬0116 2915355¬¬https://www.narboroughroadsurgery.co.uk/¬
4866¬C82120¬GP¬UNKNOWN¬Visible¬True¬True¬Dr S Virmani & Dr G Bedi¬Dr S Virmani & Dr G Bedi, Whitwick Health Centre¬67 North Street¬Whitwick¬Coalville¬Leicestershire¬LE67 5HX¬52.742584228515625¬-1.3606929779052734¬04V¬NHS West Leicestershire CCG¬01530 838866¬¬http://www.whitwickhealthcentre.co.uk¬
4867¬C82121¬GP¬UNKNOWN¬Visible¬True¬True¬Heath Lane Surgery¬Heath Lane Surgery¬Westfield Avenue¬Earl Shilton¬Leicester¬Leicestershire¬LE9 7RT¬52.575767517089844¬-1.3216423988342285¬04V¬NHS West Leicestershire CCG¬01455844431¬¬http://www.heathlanesurgery.co.uk/¬01455 442297
4868¬C82122¬GP¬UNKNOWN¬Visible¬True¬True¬Clarendon Park Road Health Centre¬Clarendon Park Medical Centre¬296 Clarendon Park Road¬¬Leicester¬Leicestershire¬LE2 3AG¬52.613964080810547¬-1.1244499683380127¬04C¬NHS Leicester City CCG¬0116 319 6093¬¬http://www.clarendonparkmedicalcentre.co.uk¬08444 773327
4870¬C82124¬GP¬UNKNOWN¬Visible¬True¬True¬Victoria Park Health Centre¬203 Victoria Park Road¬¬¬Leicester¬Leicestershire¬LE2 1XD¬52.619056701660156¬-1.1207385063171387¬04C¬NHS Leicester City CCG¬01162151105¬vphc.mail@nhs.net¬http://www.victoriaparkhealthcentre.co.uk¬
4871¬C82600¬GP¬UNKNOWN¬Visible¬True¬True¬Medically Limited¬9 The Banks¬Sileby¬¬Loughborough¬Leicestershire¬LE12 7RD¬52.731021881103516¬-1.1054244041442871¬04V¬NHS West Leicestershire CCG¬01509812343¬¬http://www.thebankssurgery.co.uk/¬01509 815992
4872¬C82610¬GP¬UNKNOWN¬Visible¬True¬True¬The Parks Medical Centre (B Hainsworth)¬340 Aikman Avenue¬¬¬Leicester¬Leicestershire¬LE3 9PW¬52.646636962890625¬-1.1771609783172607¬04C¬NHS Leicester City CCG¬01162871230¬¬http://www.theparksmedicalcentre.com¬0116 287 1322
4873¬C82611¬GP¬UNKNOWN¬Visible¬True¬True¬The Masharani Practice¬Gilmorton Road¬¬¬Lutterworth¬Leicestershire¬LE17 4EB¬52.457324981689453¬-1.1980013847351074¬03W¬NHS East Leicestershire And Rutland CCG¬01455552346¬¬https://www.themasharanipractice.org.uk/¬01455 559653
4874¬C82614¬GP¬UNKNOWN¬Visible¬True¬True¬Asquith Surgery¬693 Welford Road¬¬¬Leicester¬Leicestershire¬LE2 6FQ¬52.600372314453125¬-1.1162824630737305¬04C¬NHS Leicester City CCG¬0116 323 2000¬¬http://www.asquithsurgery.nhs.uk¬0116 288 0308
4875¬C82620¬GP¬UNKNOWN¬Visible¬True¬True¬Dr S Shafi¬5 Briton Street¬¬¬Leicester¬Leicestershire¬LE3 0AA¬52.628086090087891¬-1.148404598236084¬04C¬NHS Leicester City CCG¬01162337744¬¬http://www.LeicesterGP.com¬0116 233 7749
4876¬C82623¬GP¬UNKNOWN¬Visible¬True¬True¬Heatherbrook Surgery¬242 Astill Lodge Road¬¬¬Leicester¬Leicestershire¬LE4 1EF¬52.675605773925781¬-1.1618424654006958¬04C¬NHS Leicester City CCG¬0116 235 6324¬¬https://www.heatherbrooksurgery.co.uk¬0116 234 0333
4877¬C82624¬GP¬UNKNOWN¬Visible¬True¬True¬Beaumont Leys Health Centre¬1 Little Wood Close¬¬¬Leicester¬Leicestershire¬LE4 0UZ¬52.662338256835938¬-1.1538074016571045¬04C¬NHS Leicester City CCG¬0116 235 0435¬¬http://www.beaumontleyshealthcentre.nhs.uk¬0116 235 0094
4879¬C82626¬GP¬UNKNOWN¬Visible¬True¬True¬Pasley Road Health Centre (Tk Khong)¬Pasley Road¬Eyres Monsell¬¬Leicester¬Leicestershire¬LE2 9BU¬52.591289520263672¬-1.1467266082763672¬04C¬NHS Leicester City CCG¬01162958430¬¬https://www.pasleyroadhealthcentre.co.uk¬
4880¬C82627¬GP¬UNKNOWN¬Visible¬True¬True¬Silverdale Medical Centre¬¬6 Silverdale Drive¬Thurmaston¬Leicester¬Leicestershire¬LE4 8NN¬52.672321319580078¬-1.0905330181121826¬04V¬NHS West Leicestershire CCG¬01163662020¬¬http://www.silverdalemedicalcentre.co.uk¬0116 2641936
4881¬C82628¬GP¬UNKNOWN¬Visible¬True¬True¬Groby surgery¬26 Rookery Lane¬Groby¬¬Leicester¬Leicestershire¬LE6 0GL¬52.661869049072266¬-1.2250027656555176¬04V¬NHS West Leicestershire CCG¬01162313331¬¬http://www.thegrobysurgery.nhs.uk¬0116 231 3332
4882¬C82631¬GP¬UNKNOWN¬Visible¬True¬True¬Enderby Medical Centre¬Shortridge Lane¬Enderby¬¬Leicester¬Leicestershire¬LE19 4LY¬52.587062835693359¬-1.2114737033843994¬03W¬NHS East Leicestershire And Rutland CCG¬01162866088¬¬http://www.enderbymedicalcentre.co.uk¬0116 284 4938
4883¬C82634¬GP¬UNKNOWN¬Visible¬True¬True¬Ratby Surgery¬122 Station Road¬Ratby¬¬Leicester¬Leicestershire¬LE6 0JP¬52.644325256347656¬-1.2392950057983398¬04V¬NHS West Leicestershire CCG¬01162394960¬¬http://www.ratbysurgery.nhs.uk/¬0116 239 4061
4884¬C82639001¬GP¬UNKNOWN¬Visible¬True¬True¬Colwell Road Surgery¬26 Colwell Road¬¬¬Leicester¬Leicestershire¬LE3 9AX¬52.646095275878906¬-1.1487052440643311¬04C¬NHS Leicester City CCG¬01162621579¬¬http://www.hazeldine-tayloratwestcoteshc.co.uk¬0116 262 1589
4885¬C82639¬GP¬UNKNOWN¬Visible¬True¬True¬Dr R Hazeldine & Dr M Taylor¬Westcotes Health Centre¬Fosse Road South¬¬Leicester¬Leicestershire¬LE3 0LP¬52.631336212158203¬-1.1535720825195312¬04C¬NHS Leicester City CCG¬01162953140¬¬http://www.hazeldine-tayloratwestcoteshc.co.uk¬0116 295 3137
4887¬C82642¬GP¬UNKNOWN¬Visible¬True¬True¬Highfields Medical Centre¬Merlyn Vaz Health Centre¬1 Spinney Hill Road¬¬Leicester¬Leicestershire¬LE5 3GH¬52.641136169433594¬-1.108781099319458¬04C¬NHS Leicester City CCG¬01162616234¬¬http://thehighfieldsmedicalcentre.co.uk/¬0116 242 5602
4888¬C82642001¬GP¬UNKNOWN¬Visible¬True¬True¬Belgrave Medical Centre¬Belgrave Health Centre, 52 Brandon St¬Leicester¬Leicestershire¬Leicester¬Leicestershire¬LE4 6AW¬52.648025512695313¬-1.1222543716430664¬04C¬NHS Leicester City CCG¬01162534919¬¬http://www.thehighfieldsmedicalcentre.co.uk¬0116 2534912
4889¬C82643¬GP¬UNKNOWN¬Visible¬True¬True¬Community Health Centre¬Melbourne Centre¬Melbourne Road¬¬Leicester¬Leicestershire¬LE2 0GU¬52.633865356445312¬-1.1133652925491333¬04C¬NHS Leicester City CCG¬01162622946¬¬http://www.melbournecommunityhealthcentre.co.uk¬01162422049
4890¬C82644¬GP¬UNKNOWN¬Visible¬True¬True¬Highgate Surgery¬5 Storer Close¬Sileby¬¬Loughborough¬Leicestershire¬LE12 7UD¬52.732013702392578¬-1.1011983156204224¬04V¬NHS West Leicestershire CCG¬01509816364¬mk.lakhani@gp-c82644.nhs.uk¬http://www.highgatemedicalcentre.co.uk¬
4892¬C82649¬GP¬UNKNOWN¬Visible¬True¬True¬Market Overton and Somerby Surgeries¬Market Overton Surgery¬Thistleton Road¬¬Market Overton¬Rutland¬LE15 7PP¬52.739345550537109¬-0.68475377559661865¬03W¬NHS East Leicestershire And Rutland CCG¬01572490399¬¬https://marketovertonandsomerbysurgeries.co.uk¬01572 767008
4893¬C82649001¬GP¬UNKNOWN¬Visible¬True¬True¬Market Overton and Somerby Surgeries¬Somerby Surgery¬Oakham Road¬¬Somerby¬Leicestershire¬LE14 2QF¬52.684844970703125¬-0.83141541481018066¬03W¬NHS East Leicestershire And Rutland CCG¬01572 490 399¬¬https://marketovertonandsomerbysurgeries.co.uk¬01572 767008
4895¬C82650¬GP¬UNKNOWN¬Visible¬True¬True¬Desford Medical Centre¬54 Main Street¬Desford¬¬Leicester¬Leicestershire¬LE9 9GR¬52.627456665039063¬-1.2961114645004272¬04V¬NHS West Leicestershire CCG¬01455828947¬¬http://www.desfordmedicalcentre.co.uk¬01455 828994
4896¬C82651¬GP¬UNKNOWN¬Visible¬True¬True¬Broadhurst St Med Pract (Ks Morjaria)¬10 Broadhurst Street¬¬¬Leicester¬Leicestershire¬LE4 6NF¬52.653472900390625¬-1.1186565160751343¬04C¬NHS Leicester City CCG¬0116 2662662¬¬http://www.broadhurststreetsurgery.co.uk¬0116 266 9109
4897¬C82653¬GP¬UNKNOWN¬Visible¬True¬True¬Westcotes GP Surgery W2¬2 Westcotes Drive¬Leicester¬¬Leicester¬Leicestershire¬LE3 0QR¬52.628593444824219¬-1.1511428356170654¬04C¬NHS Leicester City CCG¬01162547887¬¬http://www.LeicesterGP.com¬0116 2471552
4899¬C82656¬GP¬UNKNOWN¬Visible¬True¬True¬Dr Parveen Singh Ghatora¬Shepshed Health Centre¬Field Street¬Shepshed¬Loughborough¬Leicestershire¬LE12 9AL¬52.771751403808594¬-1.2914007902145386¬04V¬NHS West Leicestershire CCG¬01509601201¬¬http://www.fieldstreetsurgeryshepshed.co.uk¬01509 651311
4901¬C82659¬GP¬UNKNOWN¬Visible¬True¬True¬Dr R Kapur & Partners¬St Peters Health Centre¬Sparkenhoe Street¬¬Leicester¬Leicestershire¬LE2 0TA¬52.631038665771484¬-1.1190776824951172¬04C¬NHS Leicester City CCG¬01162951258¬¬https://www.drkapurandpartners.co.uk/¬
4902¬C82660¬GP¬UNKNOWN¬Visible¬True¬True¬St Peter's Health Centre - Mansingh & Partner¬St Peters Health Centre¬Sparkenhoe Street¬¬Leicester¬Leicestershire¬LE2 0TA¬52.631038665771484¬-1.1190776824951172¬04C¬NHS Leicester City CCG¬01162957827¬¬http://stpetershealthcentre.com/¬
4903¬C82660001¬GP¬UNKNOWN¬Visible¬True¬True¬Queens Road Surgery¬282 Queens Road¬¬¬Leicester¬Leicestershire¬LE2 3FU¬52.611637115478516¬-1.115538477897644¬04C¬NHS Leicester City CCG¬01162707067¬¬http://stpetershealthcentre.com/¬
4904¬C82662¬GP¬UNKNOWN¬Visible¬True¬True¬Walnut Street Surgery¬110 Walnut Street¬¬¬Leicester¬Leicestershire¬LE2 7LE¬52.624603271484375¬-1.1387811899185181¬04C¬NHS Leicester City CCG¬01162855300¬¬http://www.walnutmedicalcentre.co.uk/¬
4906¬C82667¬GP¬UNKNOWN¬Visible¬True¬True¬The Charnwood Practice¬The Merlyn Vaz Health And Social Care Centre¬1 Spinney Hill Road¬¬Leicester¬Leicestershire¬LE5 3GH¬52.641136169433594¬-1.108781099319458¬04C¬NHS Leicester City CCG¬01162943100¬¬¬
4907¬C82669¬GP¬UNKNOWN¬Visible¬True¬True¬The Surgery @ Aylestone¬672 Aylestone Road¬¬¬Leicester¬Leicestershire¬LE2 8PR¬52.602619171142578¬-1.1548047065734863¬04C¬NHS Leicester City CCG¬01163670012¬¬http://thesurgeryataylestone.co.uk/¬
4908¬C82670¬GP¬UNKNOWN¬Visible¬True¬True¬Inclusion Healthcare¬Inclusion Healthcare, Charles Berry House¬45 East Bond Street¬¬Leicester¬Leicestershire¬LE1 4SX¬52.637321472167969¬-1.1361080408096313¬04C¬NHS Leicester City CCG¬01162212780¬¬https://www.inclusionpractice.co.uk¬
4909¬C82671¬GP¬UNKNOWN¬Visible¬True¬True¬Brandon Surgery Dr R Kapur¬52 Brandon Street¬¬¬Leicester¬Leicestershire¬LE4 6AW¬52.648025512695313¬-1.1222543716430664¬04C¬NHS Leicester City CCG¬01162955000¬¬https://www.brandonsurgeryatbelgravehc.co.uk¬
4910¬C82676¬GP¬UNKNOWN¬Visible¬True¬True¬St Elizabeth's Medical Centre (Ja Wood)¬Netherhall Road¬¬¬Leicester¬Leicestershire¬LE5 1DR¬52.648258209228516¬-1.0611743927001953¬04C¬NHS Leicester City CCG¬01162416392¬¬¬0116 2419141
4911¬C82676001¬GP¬UNKNOWN¬Visible¬True¬True¬Evington Surgery¬10 The Common¬Evington¬¬Leicester¬Leicestershire¬LE5 6EA¬52.621852874755859¬-1.0792739391326904¬04C¬NHS Leicester City CCG¬01162737792¬¬¬
4912¬C82678¬GP¬UNKNOWN¬Visible¬True¬True¬Thurmaston Health Centre¬573A Melton Road¬Thurmaston¬¬Leicester¬Leicestershire¬LE4 8EA¬52.672386169433594¬-1.1037236452102661¬04V¬NHS West Leicestershire CCG¬01162608844¬¬http://www.leicester-medicalgroup.co.uk¬0116 264 1880
4913¬C82680¬GP¬UNKNOWN¬Visible¬True¬True¬Rushey Mead Health Centre¬8 Lockerbie Walk¬¬¬Leicester¬Leicestershire¬LE4 7ZX¬52.662830352783203¬-1.1031780242919922¬04C¬NHS Leicester City CCG¬0116 323 2020¬¬http://www.rusheymeadhealthcentre.nhs.uk¬
4914¬C83001¬GP¬UNKNOWN¬Visible¬True¬True¬Portland Medical Practice¬60 Portland Street¬¬¬Lincoln¬Lincolnshire¬LN5 7LB¬53.223720550537109¬-0.53905874490737915¬71E¬NHS Lincolnshire CCG¬01522876800¬¬http://www.citymedicalpractice.co.uk¬
4916¬C83001002¬GP¬UNKNOWN¬Visible¬True¬True¬Portland Medical Practice Branch Surgery - Newland ¬34 Newland¬¬¬Lincoln¬Lincolnshire¬LN1 1XP¬53.230239868164063¬-0.54424518346786499¬71E¬NHS Lincolnshire CCG¬01522876800¬¬http://www.citymedicalpractice.gpsurgery.net¬01522 876803
4917¬C83002002¬GP¬UNKNOWN¬Visible¬True¬True¬Cliff Villages Medical Practic¬Mere Road¬Waddington¬¬Lincoln¬Lincolnshire¬LN5 9NX¬53.165935516357422¬-0.53544211387634277¬71E¬NHS Lincolnshire CCG¬01522811411¬¬¬01522 729174
4918¬C83002¬GP¬UNKNOWN¬Visible¬True¬True¬Navenby Cliff Villages Surgery¬Grantham Road¬Navenby¬¬Lincoln¬Lincolnshire¬LN5 0JJ¬53.103496551513672¬-0.52628612518310547¬71E¬NHS Lincolnshire CCG¬01522811411¬¬¬01522 813835
4919¬C83003¬GP¬UNKNOWN¬Visible¬True¬True¬Beechfield Medical Centre¬Beechfield Gardens¬¬¬Spalding¬Lincolnshire¬PE11 1UN¬52.787254333496094¬-0.1449970155954361¬71E¬NHS Lincolnshire CCG¬01775724088¬¬http://www.beechfieldmc.co.uk¬
4920¬C83004¬GP¬UNKNOWN¬Visible¬True¬True¬Liquorpond Surgery¬10 Liquorpond Street¬¬¬Boston¬Lincolnshire¬PE21 8UE¬52.973499298095703¬-2.5909697636961937E-2¬71E¬NHS Lincolnshire CCG¬01205362763¬¬http://www.liquorpond-surgery.org.uk¬01205 358918
4921¬C83005¬GP¬UNKNOWN¬Visible¬True¬True¬Spilsby Surgery¬Bull Yard¬Simpson Street¬¬Spilsby¬Lincolnshire¬PE23 5LG¬53.173049926757813¬9.8978154361248016E-2¬71E¬NHS Lincolnshire CCG¬01790728111¬leccg.c83005@nhs.net¬http://www.spilsbysurgery.co.uk¬01790 754457
4923¬C83007¬GP¬UNKNOWN¬Visible¬True¬True¬Sheepmarket Surgery¬Ryhall Road¬¬¬Stamford¬Lincolnshire¬PE9 1YA¬52.656089782714844¬-0.46804547309875488¬71E¬NHS Lincolnshire CCG¬01780437017¬¬¬01780 437018
4924¬C83008¬GP¬UNKNOWN¬Visible¬True¬True¬Swingbridge Surgery¬Swingbridge Road¬¬¬Grantham¬Lincolnshire¬NG31 7XT¬52.901332855224609¬-0.66269707679748535¬71E¬NHS Lincolnshire CCG¬01476571166¬¬http://www.swingbridgesurgery.co.uk¬
4925¬C83009¬GP¬UNKNOWN¬Visible¬True¬True¬Lindum Medical Practice¬1 Cabourne Court¬Cabourne Avenue¬¬Lincoln¬Lincolnshire¬LN2 2JP¬53.247589111328125¬-0.52385765314102173¬71E¬NHS Lincolnshire CCG¬01522569033¬¬http://www.thelindumpractice.co.uk¬01522 576713
4926¬C83010¬GP¬UNKNOWN¬Visible¬True¬True¬Parkside Medical Centre¬Tawney Street¬¬¬Boston¬Lincolnshire¬PE21 6PF¬52.981525421142578¬-2.1983524784445763E-2¬71E¬NHS Lincolnshire CCG¬01205365881¬¬http://www.parkside-medicalcentre.co.uk/¬
4927¬C83011002¬GP¬UNKNOWN¬Visible¬True¬True¬Millview Medical Centre Sleaford¬29 Handley Street¬¬¬Sleaford¬Lincolnshire¬NG34 7TQ¬52.997501373291016¬-0.40812671184539795¬71E¬NHS Lincolnshire CCG¬01529305595¬¬http://www.millviewmedicalcentre.co.uk¬01529 305589
4928¬C83011¬GP¬UNKNOWN¬Visible¬True¬True¬Millview Medical Centre¬1 Sleaford Road¬Heckington¬¬Sleaford¬Lincolnshire¬NG34 9QP¬52.981327056884766¬-0.30902484059333801¬71E¬NHS Lincolnshire CCG¬01529460213¬¬http://www.millviewmedicalcentre.co.uk¬01529 460087
4929¬C83013¬GP¬UNKNOWN¬Visible¬True¬True¬Ruskington Surgery¬6 Brookside Close¬Ruskington¬¬Sleaford¬Lincolnshire¬NG34 9GQ¬53.048225402832031¬-0.40096211433410645¬71E¬NHS Lincolnshire CCG¬01526832204¬¬¬01526 834868
4930¬C83014¬GP¬UNKNOWN¬Visible¬True¬True¬Boultham Park Medical Practice¬Boultham Park Road¬¬¬Lincoln¬Lincolnshire¬LN6 7SS¬53.211135864257812¬-0.56048166751861572¬71E¬NHS Lincolnshire CCG¬01522874444¬¬http://www.boulthamparkmedicalpractice.co.uk¬01522 874466
4931¬C83015¬GP¬UNKNOWN¬Visible¬True¬True¬Swineshead Surgery¬Swineshead Medical Group¬Fairfax House, Packhorse Lane¬Swineshead¬Boston¬Lincolnshire¬PE20 3JE¬52.940616607666016¬-0.15890640020370483¬71E¬NHS Lincolnshire CCG¬01205 820204¬¬http://www.swinesheadmedicalgroup.co.uk/¬01205 821034
4932¬C83078001¬GP¬UNKNOWN¬Visible¬True¬True¬Springcliffe Surgery¬42 St Catherines¬¬¬Lincoln¬Lincolnshire¬LN5 8LZ¬53.210731506347656¬-0.54784160852432251¬71E¬NHS Lincolnshire CCG¬01522524725¬¬¬01522 543430
4933¬C83007001¬GP¬UNKNOWN¬Visible¬True¬True¬St.Mary's Medical Centre¬Wharf Road¬¬¬Stamford¬Lincolnshire¬PE9 2DH¬52.650924682617188¬-0.47745048999786377¬71E¬NHS Lincolnshire CCG¬1780764121¬¬http://www.stmarysmedicalcentre.org.uk¬01780 761301
4934¬C83018¬GP¬UNKNOWN¬Visible¬True¬True¬Cleveland Surgery¬Vanessa Drive¬¬¬Gainsborough¬Lincolnshire¬DN21 2UQ¬53.410739898681641¬-0.78005331754684448¬71E¬NHS Lincolnshire CCG¬01427613158¬¬http://www.clevelandsurgery.nhs.uk¬01427 616644
4936¬C83019¬GP¬UNKNOWN¬Visible¬True¬True¬Beacon Medical Practice - Skegness¬Churchill Avenue¬¬¬Skegness¬Lincolnshire¬PE25 2RN¬53.157444000244141¬0.33123213052749634¬71E¬NHS Lincolnshire CCG¬01754897000¬¬http://www.beaconmedicalpractice.com¬01754 761024
4937¬C83019003¬GP¬UNKNOWN¬Visible¬True¬True¬Beacon Medical Practice - Ingoldmells¬Skegness Road¬Skegness Road¬¬Ingoldmells¬Lincolnshire¬PE25 1JL¬53.188056945800781¬0.34223350882530212¬71E¬NHS Lincolnshire CCG¬01754 897000¬¬http://www.beaconmedicalpractice.com¬01754 896461
4938¬C83019002¬GP¬UNKNOWN¬Visible¬True¬True¬Beacon Medical Practice - Chapel St Leonards¬Ancaster Avenue¬Chapel St Leonards¬¬Skegness¬Lincolnshire¬PE24 5SL¬53.224582672119141¬0.33698844909667969¬71E¬NHS Lincolnshire CCG¬01754897000¬¬http://www.beaconmedicalpractice.com¬01754 871598
4939¬C83020¬GP¬UNKNOWN¬Visible¬True¬False¬Caythorpe & Ancaster Medical Practice¬12 Ermine Street¬Ancaster¬¬Grantham¬Lincolnshire¬NG32 3PP¬52.981853485107422¬-0.53631258010864258¬71E¬NHS Lincolnshire CCG¬01400230226¬¬http://www.villagedoctor.co.uk¬01400 230729
4940¬C83020003¬GP¬UNKNOWN¬Visible¬True¬False¬Caythorpe Surgery¬52 High Street¬Caythorpe¬¬Grantham¬Lincolnshire¬NG32 3DN¬53.024810791015625¬-0.60235744714736938¬71E¬NHS Lincolnshire CCG¬01400272215¬enquiries@villagedoctor.co.uk¬http://www.villagedoctor.co.uk¬01400 273608
4942¬C83022¬GP¬UNKNOWN¬Visible¬True¬True¬Munro Medical Centre¬West Elloe Avenue¬¬¬Spalding¬Lincolnshire¬PE11 2BY¬52.794017791748047¬-0.14742353558540344¬71E¬NHS Lincolnshire CCG¬01775715999¬¬http://www.munromedicalcentre.co.uk¬01775 766168
4943¬C83022002¬GP¬UNKNOWN¬Visible¬True¬True¬Dr Wheatley and Partner¬Church Walk¬Pinchbeck¬¬Spalding¬Lincolnshire¬PE11 3RD¬52.815933227539062¬-0.15995100140571594¬71E¬NHS Lincolnshire CCG¬01775715999¬¬http://www.munromedicalcentre.co.uk¬01775 766 168
4944¬C83023¬GP¬UNKNOWN¬Visible¬True¬True¬Sleaford Medical Group¬47 Boston Road¬¬¬Sleaford¬Lincolnshire¬NG34 7HD¬52.997783660888672¬-0.40649202466011047¬71E¬NHS Lincolnshire CCG¬01529303301¬¬http://www.sleafordmedicalgroup.co.uk¬01529 415401
4945¬C83024002¬GP¬UNKNOWN¬Visible¬True¬True¬Glenside Country Practice - Corby Glen¬St Johns Drive¬Corby Glen¬¬Grantham¬Lincolnshire¬NG33 4LY¬52.811733245849609¬-0.51678019762039185¬71E¬NHS Lincolnshire CCG¬01476550251¬¬https://www.glensidecountrypractice.com¬01476 550904
4946¬C83024¬GP¬UNKNOWN¬Visible¬True¬True¬Glenside Country Practice - Castle Bytham¬12B High Street¬Castle Bytham¬¬Grantham¬Lincolnshire¬NG33 4RZ¬52.754508972167969¬-0.53794318437576294¬71E¬NHS Lincolnshire CCG¬01780410205¬swlccg.c83024@nhs.net¬https://www.glensidecountrypractice.com¬01780 410179
4947¬C83025¬GP¬UNKNOWN¬Visible¬True¬True¬Richmond Medical Centre¬Moor Lane¬North Hykeham¬¬Lincoln¬Lincolnshire¬LN6 9AY¬53.187519073486328¬-0.59662377834320068¬71E¬NHS Lincolnshire CCG¬01522500240¬¬http://www.richmondmedicalcentre.org.uk¬
4948¬C83026¬GP¬UNKNOWN¬Visible¬True¬True¬The Deepings Practice¬Godsey Lane¬Market Deeping¬¬Peterborough¬Lincolnshire¬PE6 8DD¬52.683727264404297¬-0.31617918610572815¬71E¬NHS Lincolnshire CCG¬01778 579000¬¬http://www.deepingspractice.co.uk¬
4949¬C83026002¬GP¬UNKNOWN¬Visible¬True¬True¬The Glinton Surgery¬3-4 The Green¬Glinton¬¬Peterborough¬Cambridgeshire¬PE6 7JN¬52.639778137207031¬-0.29751524329185486¬71E¬NHS Lincolnshire CCG¬01733 252246¬¬http://www.deepingspractice.co.uk¬
4950¬C83027¬GP¬UNKNOWN¬Visible¬True¬True¬Horncastle Medical Group¬The Old Vicarage¬Spilsby Road¬¬Horncastle¬Lincolnshire¬LN9 6AL¬53.2081298828125¬-0.10765529423952103¬71E¬NHS Lincolnshire CCG¬01507522477¬¬http://www.horncastlemedicalgroup.co.uk¬01507 522997
4951¬C83028¬GP¬UNKNOWN¬Visible¬True¬True¬Holbeach Medical Centre¬Park Road¬Holbeach¬¬Spalding¬Lincolnshire¬PE12 7EE¬52.804756164550781¬1.4431980438530445E-2¬71E¬NHS Lincolnshire CCG¬01406423288¬¬¬
4953¬C83029¬GP¬UNKNOWN¬Visible¬True¬True¬Branston & Heighington Family Practice¬Station Road¬Branston¬¬Lincoln¬Lincolnshire¬LN4 1LH¬53.19378662109375¬-0.46876057982444763¬71E¬NHS Lincolnshire CCG¬01522793081¬branstonsurgery@btconnect.com¬http://www.branstonsurgery.co.uk¬01522 793562
4954¬C83030¬GP¬UNKNOWN¬Visible¬True¬True¬Billinghay Medical Practice¬39 High Street¬Billinghay¬¬Lincoln¬Lincolnshire¬LN4 4AU¬53.078685760498047¬-0.27795103192329407¬71E¬NHS Lincolnshire CCG¬01526860490¬swlccg.c83030@nhs.net¬http://www.billinghaymedicalpractice.co.uk¬01526 869800
4955¬C83031¬GP¬UNKNOWN¬Visible¬True¬True¬Nettleham Medical Practice¬14 Lodge Lane¬Nettleham¬¬Lincoln¬Lincolnshire¬LN2 2RS¬53.262866973876953¬-0.47623845934867859¬71E¬NHS Lincolnshire CCG¬01522751717¬¬http://www.nettlehammedical.co.uk¬
4956¬C83031002¬GP¬UNKNOWN¬Visible¬True¬True¬Cherry Willingham (Branch Surgery)¬The Parade¬Cherry Willingham¬¬Lincoln¬Lincolnshire¬LN3 4JL¬53.242099761962891¬-0.45515686273574829¬71E¬NHS Lincolnshire CCG¬01522751717¬¬http://www.mysurgerywebsite.co.uk/index.aspx?p=C83031¬
4957¬C83032¬GP¬UNKNOWN¬Visible¬True¬True¬Merton Lodge Surgery¬33 West Street¬¬¬Alford¬Lincolnshire¬LN13 9HT¬53.259628295898438¬0.17316022515296936¬71E¬NHS Lincolnshire CCG¬01507463262¬¬http://www.alforddocs.co.uk¬01507 466447
4958¬C83033¬GP¬UNKNOWN¬Visible¬True¬True¬Hibaldstow Medical Practice¬11 Church Street¬Hibaldstow¬¬Brigg¬Lincolnshire¬DN20 9ED¬53.510463714599609¬-0.52565687894821167¬71E¬NHS Lincolnshire CCG¬01652650580¬¬¬01652 650 902
4959¬C83033002¬GP¬UNKNOWN¬Visible¬True¬True¬Dr Yule-Smith And Partners¬Jubilee Hall¬Common Road¬Waddingham¬Gainsborough¬Lincolnshire¬DN21 4SX¬53.453407287597656¬-0.51835668087005615¬71E¬NHS Lincolnshire CCG¬01652650580¬¬¬01652 650 902
4960¬C83035¬GP¬UNKNOWN¬Visible¬True¬True¬Lakeside Healthcare at Bourne, Hereward Practice¬Hereward Medical Centre¬Exeter Street¬¬Bourne¬Lincolnshire¬PE10 9XR¬52.768627166748047¬-0.38089808821678162¬71E¬NHS Lincolnshire CCG¬01778393399¬slccg.c83035@nhs.net¬http://www.herewardgp.co.uk¬01778 391715
4961¬C83036¬GP¬UNKNOWN¬Visible¬True¬False¬Gosberton Medical Centre¬Lowgate¬Gosberton¬¬Spalding¬Lincolnshire¬PE11 4NL¬52.870426177978516¬-0.15698432922363281¬71E¬NHS Lincolnshire CCG¬01775840204¬¬http://www.gosbertonmedicalcentre.co.uk¬01775 843090
4962¬C83037¬GP¬UNKNOWN¬Visible¬True¬True¬Welton Family Health Centre¬4 Cliff Road¬Welton¬¬Lincoln¬Lincolnshire¬LN2 3JH¬53.306583404541016¬-0.48482805490493774¬71E¬NHS Lincolnshire CCG¬01673862232¬¬http://www.weltonsurgery.co.uk¬01673 862888
4963¬C83038003¬GP¬UNKNOWN¬Visible¬True¬False¬Skellingthorpe Health Centre¬32 Lincoln Road¬Skellingthorpe¬¬Lincoln¬Lincolnshire¬LN6 5UU¬53.233192443847656¬-0.61162638664245605¬71E¬NHS Lincolnshire CCG¬01522681140¬¬¬01522 703132
4964¬C83038¬GP¬UNKNOWN¬Visible¬True¬False¬The Glebe Practice¬85 Sykes Lane¬Saxilby¬¬Lincoln¬Lincolnshire¬LN1 2NU¬53.271896362304688¬-0.6721111536026001¬71E¬NHS Lincolnshire CCG¬01522305298¬¬http://www.theglebepracticesaxilby.co.uk¬01522 706918
4965¬C83039¬GP¬UNKNOWN¬Visible¬True¬False¬Moulton Medical Centre¬¬HIGH STREET¬MOULTON¬SPALDING¬Lincolnshire¬PE12 6QB¬52.797637939453125¬-6.2942199409008026E-2¬71E¬NHS Lincolnshire CCG¬01406370265¬¬http://www.moultonmedicalcentre.nhs.uk¬01406 373219
4966¬C83040¬GP¬UNKNOWN¬Visible¬True¬True¬St Peters Hill Surgery¬15 St Peters Hill¬¬¬Grantham¬Lincolnshire¬NG31 6QA¬52.910072326660156¬-0.63980972766876221¬71E¬NHS Lincolnshire CCG¬01476 850123¬¬http://www.stpetershillsurgery.co.uk¬01476 570898
4967¬C83041¬GP¬UNKNOWN¬Visible¬True¬True¬The Woodland Medical Practice¬Jasmin Road¬¬¬Lincoln¬Lincolnshire¬LN6 0QQ¬53.215751647949219¬-0.60536110401153564¬71E¬NHS Lincolnshire CCG¬01522305727¬¬http://www.woodlandmedicalpractice.org.uk¬01522 695666
4968¬C83042¬GP¬UNKNOWN¬Visible¬True¬True¬Marsh Medical Practice¬Keeling Street¬North Somercotes¬¬Louth¬Lincolnshire¬LN11 7QU¬53.445068359375¬0.14370378851890564¬71E¬NHS Lincolnshire CCG¬01507 358623¬¬http://www.marshmedicalpractice.com¬01507 358746
4969¬C83042002¬GP¬UNKNOWN¬Visible¬True¬True¬Marsh Medical Practice¬Middlegate¬Manby¬¬Louth¬Lincolnshire¬LN11 8EB¬53.363620758056641¬9.2253066599369049E-2¬71E¬NHS Lincolnshire CCG¬01507 358623¬¬http://www.marshmedicalpractice.com¬01507 328942
4970¬C83043¬GP¬UNKNOWN¬Visible¬True¬True¬Market Rasen Surgery¬Mill Road¬¬¬Market Rasen¬Lincolnshire¬LN8 3BP¬53.384387969970703¬-0.34078961610794067¬71E¬NHS Lincolnshire CCG¬01673843556¬lin-pct.marketrasensurgery@nhs.net¬http://www.marketrasensurgery.co.uk¬01673 844388
4971¬C83044¬GP¬UNKNOWN¬Visible¬True¬True¬Caskgate Street Surgery¬3 Caskgate Street¬¬¬Gainsborough¬Lincolnshire¬DN21 2DJ¬53.399169921875¬-0.77766239643096924¬71E¬NHS Lincolnshire CCG¬01427619033¬¬¬01427 619039
4972¬C83045002¬GP¬UNKNOWN¬Visible¬True¬True¬Dr Saeed and Partners, Hawthorn Medical Practice, Burgh branch surgery¬Burgh Le Marsh¬¬¬Skegness¬Lincolnshire¬PE24 5ED¬53.160511016845703¬0.23945873975753784¬71E¬NHS Lincolnshire CCG¬01754896350¬¬http://www.hawthornmedicalpractice.co.uk¬01754 896366
4973¬C83045¬GP¬UNKNOWN¬Visible¬True¬True¬Hawthorn Medical Practice¬Hawthorn Road¬¬¬Skegness¬Lincolnshire¬PE25 3TD¬53.141460418701172¬0.32000410556793213¬71E¬NHS Lincolnshire CCG¬01754896350¬¬http://www.hawthornmedicalpractice.co.uk¬01754 896366
4974¬C83046¬GP¬UNKNOWN¬Visible¬True¬True¬The Heath Surgery ¬London Road¬Bracebridge Heath¬¬Lincoln¬Lincolnshire¬LN4 2LA¬53.196506500244141¬-0.53528356552124023¬71E¬NHS Lincolnshire CCG¬01522516870¬¬http://www.southparkandheathsurgery.co.uk¬
4977¬C83048¬GP¬UNKNOWN¬Visible¬True¬True¬St.John's Medical Centre¬62 London Road¬¬¬Grantham¬Lincolnshire¬NG31 6HR¬52.906497955322266¬-0.63859826326370239¬71E¬NHS Lincolnshire CCG¬01476348484¬stjohns.medicalcentre@lpct.nhs.uk¬www.stjohnsmedical.co.uk¬01476 400042
4978¬C83049¬GP¬UNKNOWN¬Visible¬True¬True¬Old Leake Medical Centre¬Church End¬Old Leake¬¬Boston¬Lincolnshire¬PE22 9LE¬53.030136108398437¬0.10021857172250748¬71E¬NHS Lincolnshire CCG¬01205870666¬leccg.oldleakemc@nhs.net¬http://www.oldleakemed.co.uk¬01205 870971
4979¬C83051¬GP¬UNKNOWN¬Visible¬True¬True¬Abbey Medical Practice¬95 Monks Road¬¬¬Lincoln¬Lincolnshire¬LN2 5HR¬53.230560302734375¬-0.53079575300216675¬71E¬NHS Lincolnshire CCG¬01522530334¬¬http://www.abbeymedicalpractice.co.uk¬
4980¬C83052¬GP¬UNKNOWN¬Visible¬True¬True¬The Ingham Surgery¬Lincoln Road¬Ingham¬¬Lincoln¬Lincolnshire¬LN1 2XF¬53.336944580078125¬-0.57715517282485962¬71E¬NHS Lincolnshire CCG¬01522730269¬¬¬01522 730192
4983¬C83053¬GP¬UNKNOWN¬Visible¬True¬False¬Colsterworth Surgery¬Back Lane¬Colsterworth¬¬Grantham¬Lincolnshire¬NG33 5NJ¬52.806388854980469¬-0.61934083700180054¬71E¬NHS Lincolnshire CCG¬01476860243¬¬¬01476 860200
4984¬C83053002¬GP¬UNKNOWN¬Visible¬True¬False¬Dr Paula Welsh¬Church Street¬South Witham¬¬Grantham¬Lincolnshire¬NG33 5PJ¬52.764484405517578¬-0.62770652770996094¬71E¬NHS Lincolnshire CCG¬01476860243¬¬¬
4985¬C83054¬GP¬UNKNOWN¬Visible¬True¬True¬Bourne Galletly Practice Team¬40 North Road¬¬¬Bourne¬Lincolnshire¬PE10 9BT¬52.775699615478516¬-0.37676623463630676¬71E¬NHS Lincolnshire CCG¬01778562200¬¬http://www.galletly.co.uk¬01778 562207
4986¬C83055¬GP¬UNKNOWN¬Visible¬True¬True¬Stickney Surgery¬Main Road¬Stickney¬¬Boston¬Lincolnshire¬PE22 8AA¬53.092536926269531¬5.1932157948613167E-3¬71E¬NHS Lincolnshire CCG¬01205480237¬¬http://www.stickneysurgery.co.uk¬01205 480987
4987¬C83056¬GP¬UNKNOWN¬Visible¬True¬True¬Newmarket Branch¬¬East Lindsey Medical Group¬153 Newmarket¬Louth¬Lincolnshire¬LN11 9EH¬53.362216949462891¬0.00227954494766891¬71E¬NHS Lincolnshire CCG¬01507603121¬¬http://www.eastlindseymedicalgroup.co.uk/¬01507 605916
4988¬C83057¬GP¬UNKNOWN¬Visible¬False¬True¬Kirton Medical Centre¬Boston Road¬Kirton¬¬Boston¬Lincolnshire¬PE20 1DS¬52.930740356445312¬-0.05859612300992012¬71E¬NHS Lincolnshire CCG¬01205722437¬¬¬01205 724892
4989¬C83058¬GP¬UNKNOWN¬Visible¬True¬True¬Washingborough Surgery¬School Lane¬Washingborough¬¬Lincoln¬Lincolnshire¬LN4 1BN¬53.221828460693359¬-0.47333669662475586¬71E¬NHS Lincolnshire CCG¬01522303600¬¬http://www.washingboroughfamilypractice.nhs.uk/¬01522 794144
4990¬C83058002¬GP¬UNKNOWN¬Visible¬True¬True¬Washingborough Family Practice¬Unit 5¬Linden Avenue¬Branston¬Lincoln¬Lincolnshire¬LN4 1NZ¬53.197093963623047¬-0.48024854063987732¬71E¬NHS Lincolnshire CCG¬01522303600¬¬¬
4991¬C83059¬GP¬UNKNOWN¬Visible¬True¬True¬Greyfriars Surgery¬South Square¬¬¬Boston¬Lincolnshire¬PE21 6JU¬52.975101470947266¬-2.2783340886235237E-2¬71E¬NHS Lincolnshire CCG¬01205311133¬¬http://www.greyfriarssurgeryboston.co.uk¬01205 358986
4992¬C83060¬GP¬UNKNOWN¬Visible¬True¬True¬The Sidings medical practice¬Sleaford Road¬¬¬Boston¬Lincolnshire¬PE21 8EG¬52.975917816162109¬-3.3514805138111115E-2¬71E¬NHS Lincolnshire CCG¬01205362173¬¬https://www.thesidingsmedicalpractice.co.uk¬01205 365710
4993¬C83061002¬GP¬UNKNOWN¬Visible¬True¬True¬The North Thoresby Practice, Holton-le-Clay¬Lancaster Gate¬Holton-Le-Clay¬¬Grimsby¬South Humberside¬DN36 5YS¬53.499652862548828¬-6.5069250762462616E-2¬71E¬NHS Lincolnshire CCG¬01472828546¬¬http://www.norththoresby.org.uk¬01472 828357
4994¬C83061¬GP¬UNKNOWN¬Visible¬True¬True¬North Thoresby Surgery¬Highfield Road¬North Thoresby¬¬Grimsby¬Lincolnshire¬DN36 5RT¬53.464996337890625¬-5.6732978671789169E-2¬71E¬NHS Lincolnshire CCG¬01472840202¬¬http://www.norththoresby.org.uk¬01472 840970
4995¬C83062¬GP¬UNKNOWN¬Visible¬True¬True¬Dr Andrew Buffey¬Drury Street¬Metheringham¬¬Lincoln¬Lincolnshire¬LN4 3EZ¬53.137832641601563¬-0.39971461892127991¬71E¬NHS Lincolnshire CCG¬01526320522¬¬http://www.churchwalkmetheringham.co.uk¬01526 322210
4996¬C83063¬GP¬UNKNOWN¬Visible¬True¬False¬Long Sutton Medical Centre¬Trafalgar Square¬Long Sutton¬¬Spalding¬Lincolnshire¬PE12 9HB¬52.785243988037109¬0.11831576377153397¬71E¬NHS Lincolnshire CCG¬01406362081¬¬http://www.suttonsmedicalgroup.co.uk¬
4997¬C83063004¬GP¬UNKNOWN¬Visible¬True¬False¬Sutton Bridge Medical Centre¬Sutton Bridge Medical Centre¬Railway Lane¬Sutton Bridge¬Spalding¬Lincolnshire¬PE12 9LP¬52.769893646240234¬0.18242757022380829¬71E¬NHS Lincolnshire CCG¬01406350217¬¬http://www.suttonsmedicalgroup.co.uk¬
4998¬C83064002¬GP¬UNKNOWN¬Visible¬True¬True¬Broadway Medical Centre¬The Broadway¬Sutton On Sea¬¬Mablethorpe¬Lincolnshire¬LN12 2JN¬53.311786651611328¬0.28219896554946899¬71E¬NHS Lincolnshire CCG¬01507473483¬leccg.mariscoreception@nhs.net¬http://www.marisco.gpsurgery.net¬01507 443700
4999¬C83064¬GP¬UNKNOWN¬Visible¬True¬True¬Marisco Medical Practice¬Stanley Avenue¬¬¬Mablethorpe¬Lincolnshire¬LN12 1DP¬53.338676452636719¬0.25776767730712891¬71E¬NHS Lincolnshire CCG¬01507473483¬leccg.mariscoreception@nhs.net¬https://www.mariscomedicalpractice.com/¬
5000¬C83065¬GP¬UNKNOWN¬Visible¬True¬True¬Littlebury Medical Centre¬Fishpond Lane¬Holbeach¬¬Spalding¬Lincolnshire¬PE12 7DE¬52.801864624023438¬1.9104784354567528E-2¬71E¬NHS Lincolnshire CCG¬01406422231¬¬http://www.littleburymedicalcentre.co.uk¬
5002¬C83067¬GP¬UNKNOWN¬Visible¬True¬True¬Long Bennington Surgery¬Dring's Field¬10 Valley Lane¬Long Bennington¬Newark¬Nottinghamshire¬NG23 5FR¬52.997585296630859¬-0.75941026210784912¬71E¬NHS Lincolnshire CCG¬01400281220¬¬http://www.longbenningtonmedicalcentre.nhs.uk¬
5004¬C83071¬GP¬UNKNOWN¬Visible¬True¬True¬Drs Noorpuri & Marshall¬501A Newark Road¬¬¬Lincoln¬Lincolnshire¬LN6 8RT¬53.201553344726563¬-0.56286877393722534¬71E¬NHS Lincolnshire CCG¬01522537944¬¬¬01522 510932
5005¬C83072¬GP¬UNKNOWN¬Visible¬True¬True¬Minster Medical Practice¬2 Cabourne Court¬Cabourne Avenue¬¬Lincoln¬Lincolnshire¬LN2 2JP¬53.247589111328125¬-0.52385765314102173¬71E¬NHS Lincolnshire CCG¬01522515797¬¬http://www.minstermedicalpractice.co.uk¬
5006¬C83073¬GP¬UNKNOWN¬Visible¬True¬True¬CLIFF HOUSE MEDICAL PRACTICE¬82 Burton Road¬¬¬Lincoln¬Lincolnshire¬LN1 3LJ¬53.238876342773437¬-0.54500102996826172¬71E¬NHS Lincolnshire CCG¬01522872872¬liwccg.c83073@nhs.net¬http://www.cliffhousemedicalpractice.co.uk/¬01522 872875
5007¬C83073002¬GP¬UNKNOWN¬Visible¬True¬True¬CLIFF HOUSE MEDICAL PRACTICE¬24 Gresham Street¬¬¬Lincoln¬Lincolnshire¬LN1 1AQ¬53.246772766113281¬-0.55694788694381714¬71E¬NHS Lincolnshire CCG¬01522872878¬liwccg.c83073@nhs.net¬http://www.cliffhousemedicalpractice.co.uk/¬01522 872880
5008¬C83074004¬GP¬UNKNOWN¬Visible¬True¬True¬Corringham Branch Surgery¬38A Middle Street¬Corringham¬¬Gainsborough¬Lincolnshire¬DN21 5QS¬53.411857604980469¬-0.69128656387329102¬71E¬NHS Lincolnshire CCG¬01427788277¬¬http://www.willinghamsurgery.co.uk¬01427 787630
5009¬C83074¬GP¬UNKNOWN¬Visible¬True¬True¬Willingham-By-Stow Surgery¬High Street¬Willingham By Stow¬¬Gainsborough¬Lincolnshire¬DN21 5JZ¬53.350875854492188¬-0.68567323684692383¬71E¬NHS Lincolnshire CCG¬01427788277¬¬http://www.willinghamsurgery.co.uk¬01427 787630
5011¬C83074003¬GP¬UNKNOWN¬Visible¬True¬True¬Marton Branch Surgery¬11 The Old Courtyard¬Marton¬¬Gainsborough¬Lincolnshire¬DN21 5XX¬53.328159332275391¬-0.73973673582077026¬71E¬NHS Lincolnshire CCG¬01427788277¬¬http://www.willinghamsurgery.co.uk¬01427 787630
5012¬C83075¬GP¬UNKNOWN¬Visible¬True¬True¬Vine Street Surgery¬Vine House¬Vine Street¬¬Grantham¬Lincolnshire¬NG31 6RQ¬52.913791656494141¬-0.64254868030548096¬71E¬NHS Lincolnshire CCG¬01476576851¬¬¬01476 591732
5013¬C83078¬GP¬UNKNOWN¬Visible¬True¬True¬Brant Road Surgery¬291 Brant Road¬¬¬Lincoln¬Lincolnshire¬LN5 9AB¬53.189033508300781¬-0.55701625347137451¬71E¬NHS Lincolnshire CCG¬01522724411¬¬¬01522 722195
5014¬C83079¬GP¬UNKNOWN¬Visible¬True¬True¬Glebe Park Surgery¬17 Montaigne Crescent¬Glebe Park¬¬Lincoln¬Lincolnshire¬LN2 4QN¬53.246585845947266¬-0.50894981622695923¬71E¬NHS Lincolnshire CCG¬01522530633¬¬¬
5015¬C83080¬GP¬UNKNOWN¬Visible¬True¬True¬The Harrowby Lane Surgery¬Harrowby Lane¬¬¬Grantham¬Lincolnshire¬NG31 9NS¬52.920116424560547¬-0.61577081680297852¬71E¬NHS Lincolnshire CCG¬01476579494¬¬¬01476 579694
5017¬C83082¬GP¬UNKNOWN¬Visible¬True¬True¬Birchwood Medical Practice¬¬Jasmin Road¬Birchwood¬Lincoln¬Lincolnshire¬LN6 0QQ¬53.215751647949219¬-0.60536110401153564¬71E¬NHS Lincolnshire CCG¬01522 699999¬liwccg.c83082@nhs.net¬http://www.birchwoodmedicalpractice.com¬
5019¬C83083¬GP¬UNKNOWN¬Visible¬True¬True¬The New Coningsby Surgery¬20 Silver Street¬Coningsby¬¬Lincoln¬Lincolnshire¬LN4 4SG¬53.105091094970703¬-0.173834428191185¬71E¬NHS Lincolnshire CCG¬01526344544¬¬¬
5020¬C83085¬GP¬UNKNOWN¬Visible¬True¬True¬The James Street Family Practice¬49 James Street¬¬¬Louth¬Lincolnshire¬LN11 0JN¬53.369167327880859¬-6.1110482783988118E-4¬71E¬NHS Lincolnshire CCG¬01507611122¬jackie.rotherham@lincolnshireeastccg.nhs.uk¬https://www.jamesstreetsurgery.com/¬01507 610435
5021¬C83056001¬GP¬UNKNOWN¬Visible¬True¬True¬The Wolds Branch¬East Lindsey Medical Group¬West Road¬¬Tetford¬Lincolnshire¬LN9 6QP¬53.251136779785156¬-9.6398713067173958E-3¬71E¬NHS Lincolnshire CCG¬01507534903¬leccg.woldssurgery@nhs.net¬http://www.thewoldspractice.gpsurgery.net/¬01507 535009
5023¬C83611¬GP¬UNKNOWN¬Visible¬True¬True¬The Bassingham Surgery¬20 Torgate Lane¬Bassingham¬¬Lincoln¬Lincolnshire¬LN5 9HF¬53.126644134521484¬-0.63697242736816406¬71E¬NHS Lincolnshire CCG¬01522788250¬¬http://www.bassinghamsurgery.co.uk¬01522 788180
5024¬C83613¬GP¬UNKNOWN¬Visible¬True¬True¬Caistor Health Centre¬Dale View¬Caistor¬¬Market Rasen¬Lincolnshire¬LN7 6NX¬53.494293212890625¬-0.31500521302223206¬71E¬NHS Lincolnshire CCG¬01472851203¬¬http://www.caistorhealthcentre.co.uk¬
5025¬C83614¬GP¬UNKNOWN¬Visible¬True¬False¬Sutterton Surgery¬Spalding Road¬Sutterton¬¬Boston¬Lincolnshire¬PE20 2ET¬52.901710510253906¬-9.7616598010063171E-2¬71E¬NHS Lincolnshire CCG¬01205460254¬¬http://www.suttertonsurgery.nhs.uk/contact.aspx¬
5027¬C83617¬GP¬UNKNOWN¬Visible¬True¬True¬Abbeyview Surgery¬Crowland Health Centre¬Throney Road Crowland¬¬Peterborough¬Cambridgeshire¬PE6 0AL¬52.671939849853516¬-0.16355201601982117¬71E¬NHS Lincolnshire CCG¬01733210254¬¬http://www.abbeyviewsurgery.nhs.uk¬01733 210256
5028¬C83626¬GP¬UNKNOWN¬Visible¬True¬True¬Brayford Medical Practice¬34 Newlands¬¬¬Lincoln¬Lincolnshire¬LN1 1XP¬53.230239868164063¬-0.54424518346786499¬71E¬NHS Lincolnshire CCG¬01522543943¬liwccg.mailbrayfordmedicalpractice@nhs.net¬http://www.brayfordmedicalpractice.co.uk¬01522 538088
5030¬C83631¬GP¬UNKNOWN¬Visible¬True¬True¬Johnson GP centre¬Johnson Community Hospital¬Spalding Road¬¬Pinchbeck¬Lincolnshire¬PE11 3DT¬52.801467895507813¬-0.15087471902370453¬71E¬NHS Lincolnshire CCG¬01775 652164¬¬https://www.spaldingsurgery.nhs.uk/¬
5031¬B81099001¬GP¬UNKNOWN¬Visible¬True¬False¬Hawthorn Surgery¬Scotton Road¬Scotter¬¬Gainsborough¬Lincolnshire¬DN21 3SB¬53.49267578125¬-0.66422969102859497¬03K¬NHS North Lincolnshire CCG¬01724700218¬nlccg.b81099001@nhs.net¬¬01724 764265
5032¬C83634¬GP¬UNKNOWN¬Visible¬True¬True¬Tasburgh Lodge Surgery¬30 Victoria Avenue¬¬¬Woodhall Spa¬Lincolnshire¬LN10 6TX¬53.151241302490234¬-0.21373508870601654¬71E¬NHS Lincolnshire CCG¬01526352466¬sarasummers@nhs.uk¬http://www.tasburghlodge.co.uk¬01526 354462
5035¬C83635003¬GP¬UNKNOWN¬Visible¬True¬True¬Woodhall Spa New Surgery - Bardney branch¬Horncastle Road¬Bardney¬¬Lincoln¬Lincolnshire¬LN3 5SU¬53.204696655273438¬-0.31437882781028748¬71E¬NHS Lincolnshire CCG¬01526398494¬¬http://www.woodhallspanewsurgery.co.uk¬01526 397336
5036¬C83635¬GP¬UNKNOWN¬Visible¬True¬True¬Woodhall Spa New Surgery¬The Broadway¬¬¬Woodhall Spa¬Lincolnshire¬LN10 6SQ¬53.153263092041016¬-0.20702594518661499¬71E¬NHS Lincolnshire CCG¬01526353888¬¬http://www.woodhallspanewsurgery.co.uk¬01526 354445
5039¬C83641¬GP¬UNKNOWN¬Visible¬True¬True¬Trent Valley Surgery¬85 Sykes Lane¬Saxilby¬¬Lincoln¬Lincolnshire¬LN1 2NU¬53.270912170410156¬-0.67089688777923584¬71E¬NHS Lincolnshire CCG¬01522263444¬¬¬01522 704434
5040¬C83641003¬GP¬UNKNOWN¬Visible¬True¬True¬Trent Valley Surgery¬Main Street¬Torksey¬¬Lincoln¬Lincolnshire¬LN1 2EE¬53.300060272216797¬-0.7449607253074646¬71E¬NHS Lincolnshire CCG¬01427718469¬¬¬0844 8151955
5043¬C83643¬GP¬UNKNOWN¬Visible¬True¬False¬Binbrook Surgery¬Back Lane¬Binbrook¬¬Market Rasen¬Lincolnshire¬LN8 6ED¬53.427661895751953¬-0.17888143658638¬71E¬NHS Lincolnshire CCG¬01472398202¬leccg.c83643@nhs.net¬http://www.binbrooksurgery.co.uk/¬01472 399881
5046¬C83649¬GP¬UNKNOWN¬Visible¬True¬False¬Market Cross Surgery¬Bourne Road¬Corby Glen¬¬Grantham¬Lincolnshire¬NG33 4BB¬52.810256958007813¬-0.51369667053222656¬71E¬NHS Lincolnshire CCG¬01476550056¬reception@gp-c83649.nhs.uk¬http://www.marketcrosssurgery.co.uk¬01476 552909
5047¬C83650¬GP¬UNKNOWN¬Visible¬True¬True¬The Wragby Surgery¬Old Grammar School Way¬Wragby¬¬Market Rasen¬Lincolnshire¬LN8 5DA¬53.287948608398438¬-0.30132222175598145¬71E¬NHS Lincolnshire CCG¬01673858206¬¬http://www.wragbysurgery.org/¬01673 857622
5049¬C83653¬GP¬UNKNOWN¬Visible¬True¬False¬The Stackyard Surgery¬1 The Stackyard¬Croxton Kerrial¬¬Grantham¬Lincolnshire¬NG32 1QS¬52.852516174316406¬-0.76108473539352417¬71E¬NHS Lincolnshire CCG¬01476870900¬¬http://www.valemedicalgroup.co.uk/¬01476 871800
5052¬C84001003¬GP¬UNKNOWN¬Visible¬True¬True¬Oakleaf Surgery¬Harworth Primary Care Centre¬Harworth¬¬Doncaster¬South Yorkshire¬DN11 8JT¬53.4166259765625¬-1.0696789026260376¬02Q¬NHS Bassetlaw CCG¬01302243230¬basccg.larwoodsurgery@nhs.net¬http://www.larwoodhealthpartnership.co.uk¬01302 751998
5053¬C84001¬GP¬UNKNOWN¬Visible¬True¬True¬Larwood Surgery¬56 Larwood Avenue¬¬¬Worksop¬Nottinghamshire¬S81 0HH¬53.319034576416016¬-1.1061341762542725¬02Q¬NHS Bassetlaw CCG¬01909500233¬basccg.larwoodsurgery@nhs.net¬http://www.larwoodhealthpartnership.co.uk¬01909 479722
5054¬C84001002¬GP¬UNKNOWN¬Visible¬True¬True¬Lakeside Surgery¬Church Street¬Langold¬¬Worksop¬Nottinghamshire¬S81 9NW¬53.374740600585938¬-1.1244641542434692¬02Q¬NHS Bassetlaw CCG¬01909732933¬basccg.larwoodsurgery@nhs.net¬http://www.larwoodhealthpartnership.co.uk/¬01909 541028
5055¬C84001001¬GP¬UNKNOWN¬Visible¬True¬True¬The Village Surgery¬Long Lane¬Carlton-In-Lindrick¬Worksop¬Carlton In Lindrick¬Nottinghamshire¬S81 9AR¬53.357536315917969¬-1.121105432510376¬02Q¬NHS Bassetlaw CCG¬01909732933¬basccg.larwoodsurgery@nhs.net¬http://www.larwoodhealthpartnership.co.uk¬01909 540365
5056¬C84032001¬GP¬UNKNOWN¬Visible¬True¬True¬Church Walk Surgery¬Eastwood¬¬¬Nottingham¬Nottinghamshire¬NG16 3BH¬53.016838073730469¬-1.30632483959198¬52R¬NHS Nottingham And Nottinghamshire CCG¬1773712951¬¬www.churchwalksurgery.nhs.uk¬01773 534160
5058¬C84004¬GP¬UNKNOWN¬Visible¬True¬True¬The Practice St Albans and Nirmala¬Hucknall Lane¬Bulwell¬¬Nottingham¬Nottinghamshire¬NG6 8AQ¬53.007118225097656¬-1.1930227279663086¬52R¬NHS Nottingham And Nottinghamshire CCG¬01159273444¬¬http://www.thepracticestalbans.nhs.uk/¬0115 9278000
5059¬C84005¬GP¬UNKNOWN¬Visible¬True¬True¬East Leake Medical Group¬Gotham Road¬East Leake¬¬Loughborough¬Leicestershire¬LE12 6JG¬52.834030151367188¬-1.1771143674850464¬52R¬NHS Nottingham And Nottinghamshire CCG¬01509852181¬¬¬01509 852099
5060¬C84005001¬GP¬UNKNOWN¬Visible¬True¬True¬Church House Surgery¬Shaw Street¬Ruddington¬¬Nottingham¬Nottinghamshire¬NG11 6HF¬52.891326904296875¬-1.1522185802459717¬52R¬NHS Nottingham And Nottinghamshire CCG¬01159847101¬¬www.elmgroupsurgeries.co.uk¬0115 9847404
5061¬C84008¬GP¬UNKNOWN¬Visible¬True¬True¬Tuxford Medical Centre¬Faraday Avenue¬Tuxford¬¬Newark¬Nottinghamshire¬NG22 0HT¬53.231327056884766¬-0.89086860418319702¬02Q¬NHS Bassetlaw CCG¬01777870203¬june.simpson@gp-c84008.nhs.uk¬www.tuxfordmedicalcentre.co.uk¬01777 872221
5062¬C84009¬GP¬UNKNOWN¬Visible¬True¬True¬Barnby Gate Surgery¬50 Barnby Gate¬¬¬Newark¬Nottinghamshire¬NG24 1QD¬53.074932098388672¬-0.80495542287826538¬52R¬NHS Nottingham And Nottinghamshire CCG¬01636704225¬¬http://www.barnbygatesurgery.co.uk¬01636 613044
5063¬C84010¬GP¬UNKNOWN¬Visible¬True¬True¬Trentside Medical Group¬Trentside Medical Group¬Knight Street¬Netherfield¬Nottingham¬Nottinghamshire¬NG4 2FN¬52.962318420410156¬-1.0784906148910522¬52R¬NHS Nottingham And Nottinghamshire CCG¬01159614583¬¬https://www.trentsidemc.co.uk/¬
5064¬C84011¬GP¬UNKNOWN¬Visible¬True¬True¬Elmswood Surgery¬Elmswood Gardens¬Sherwood¬¬Nottingham¬Nottinghamshire¬NG5 4AD¬52.983753204345703¬-1.1415779590606689¬52R¬NHS Nottingham And Nottinghamshire CCG¬01159858822¬¬www.sherwoodhealthcentre.nhs.uk¬0115 9339050
5065¬C84012¬GP¬UNKNOWN¬Visible¬True¬True¬Willowbrook Medical Practice ¬Brook Street¬¬¬Sutton in Ashfield¬Nottinghamshire¬NG17 1ES¬53.122749328613281¬-1.2678518295288086¬52R¬NHS Nottingham And Nottinghamshire CCG¬01623440018¬¬http://willowbrookmp.co.uk/new-patients/¬
5066¬C84013¬GP¬UNKNOWN¬Visible¬True¬True¬Kingfisher Family Practice¬North Road¬Retford Primary Care Centre¬North Road¬Retford¬Nottinghamshire¬DN22 7XF¬53.325450897216797¬-0.95061862468719482¬02Q¬NHS Bassetlaw CCG¬01777702381¬¬http://www.kingfisherfamilypractice.co.uk¬01777 711880
5067¬C84014¬GP¬UNKNOWN¬Visible¬True¬True¬Woodlands Medical Practice¬Bluebell Wood Way¬¬¬Sutton In Ashfield¬Nottinghamshire¬NG17 1JW¬53.117752075195313¬-1.2801535129547119¬52R¬NHS Nottingham And Nottinghamshire CCG¬01623528748¬¬www.woodlandsmedicalpractice.co.uk¬01623 528747
5068¬C84016¬GP¬UNKNOWN¬Visible¬True¬True¬Oakwood Surgery¬Church Street¬Mansfield Woodhouse¬¬Mansfield¬Nottinghamshire¬NG19 8BL¬53.164016723632812¬-1.1930750608444214¬52R¬NHS Nottingham And Nottinghamshire CCG¬01623435555¬maccg.oakwood.surgery@nhs.net¬http://www.oakwoodsurgery.co.uk/¬01623 423480
5069¬C84017001¬GP¬UNKNOWN¬Visible¬True¬True¬Cotgrave Surgery¬The Cotgrave Hub¬Rivermead¬Cotgrave¬Nottingham¬Nottinghamshire¬NG12 3UQ¬52.910640716552734¬-1.0358541011810303¬52R¬NHS Nottingham And Nottinghamshire CCG¬01158969991¬¬¬0115 989 2249
5070¬C84017003¬GP¬UNKNOWN¬Visible¬True¬True¬Cropwell Bishop Surgery¬Fern Road¬Cropwell Bishop¬¬Nottingham¬Nottinghamshire¬NG12 3BU¬52.912693023681641¬-0.98017603158950806¬52R¬NHS Nottingham And Nottinghamshire CCG¬01158969991¬¬¬0115 989 0344
5071¬C84017¬GP¬UNKNOWN¬Visible¬True¬True¬Bingham Medical Centre¬Bingham Medical Centre¬Newgate Street¬Bingham¬Nottingham¬Nottinghamshire¬NG13 8FD¬52.952915191650391¬-0.95464050769805908¬52R¬NHS Nottingham And Nottinghamshire CCG¬01158969991¬¬¬01949 831 906
5072¬C84018¬GP¬UNKNOWN¬Visible¬True¬True¬Family Medical Centre (Sood)¬171 Carlton Road¬¬¬Nottingham¬Nottinghamshire¬NG3 2FW¬52.957866668701172¬-1.1285141706466675¬52R¬NHS Nottingham And Nottinghamshire CCG¬01159504068¬¬www.familymedicalcentre.co.uk¬0115 9509844
5073¬C84019¬GP¬UNKNOWN¬Visible¬True¬True¬Fountain Medical Centre¬Sherwood Avenue¬¬¬Newark¬Nottinghamshire¬NG24 1QH¬53.072841644287109¬-0.80437147617340088¬52R¬NHS Nottingham And Nottinghamshire CCG¬01636 704378¬nshccg.c84019@nhs.net¬http://www.fountainmedicalcentre.co.uk¬
5074¬C84020¬GP¬UNKNOWN¬Visible¬True¬True¬Churchside Medical Practice¬Wood Street¬Wood Street¬¬Mansfield¬Nottinghamshire¬NG18 1QB¬53.146595001220703¬-1.2035237550735474¬52R¬NHS Nottingham And Nottinghamshire CCG¬01623664877¬¬http://www.churchsidemedicalpracticemansfield.co.uk¬01623 664878
5075¬C84021¬GP¬UNKNOWN¬Visible¬True¬True¬Middleton Lodge Practice¬Church Circle¬New Ollerton¬¬Newark¬Nottinghamshire¬NG22 9SZ¬53.20697021484375¬-1.0068179368972778¬52R¬NHS Nottingham And Nottinghamshire CCG¬01623703266¬¬http://www.middletonlodgepractice.co.uk/latest-news¬
5076¬C84023¬GP¬UNKNOWN¬Visible¬True¬True¬The University Of Nottingham Health Service¬University Of Nottingham¬University Park¬¬Nottingham¬Nottinghamshire¬NG7 2QW¬52.942180633544922¬-1.1959275007247925¬52R¬NHS Nottingham And Nottinghamshire CCG¬01158468888¬¬http://www.unhs.co.uk¬0115 9480347
5077¬C84024¬GP¬UNKNOWN¬Visible¬True¬True¬Newgate Medical Group¬The Health Centre¬Newgate Street¬¬Worksop¬Nottinghamshire¬S80 1HP¬53.301067352294922¬-1.1233904361724854¬02Q¬NHS Bassetlaw CCG¬01909500266¬¬www.newgatemedicalgroup.co.uk¬01909 478014
5078¬C84025¬GP¬UNKNOWN¬Visible¬True¬False¬East Bridgford Medical Centre¬2 Butt Lane¬East Bridgford¬¬Nottingham¬Nottinghamshire¬NG13 8NY¬52.978614807128906¬-0.95756512880325317¬52R¬NHS Nottingham And Nottinghamshire CCG¬0194920216¬¬http://www.eastbridgfordmedicalcentre.co.uk¬01949 21283
5079¬C84026¬GP¬UNKNOWN¬Visible¬True¬True¬Stenhouse Medical Centre¬66 Furlong Street¬Arnold¬¬Nottingham¬Nottinghamshire¬NG5 7BP¬53.005325317382812¬-1.1301966905593872¬52R¬NHS Nottingham And Nottinghamshire CCG¬01159673777¬¬http://www.stenhousemedicalcentre.co.uk¬0115 9673838
5080¬C84028¬GP¬UNKNOWN¬Visible¬True¬True¬The Ruddington Med Centre¬The Ruddington Medical Centre¬Church Street¬Ruddington¬Nottingham¬Nottinghamshire¬NG11 6HD¬52.891590118408203¬-1.1513513326644897¬52R¬NHS Nottingham And Nottinghamshire CCG¬01159211144¬¬https://www.theruddingtonmedicalcentre.co.uk¬0115 9405139
5081¬C84029¬GP¬UNKNOWN¬Visible¬True¬True¬Lombard Medical Centre¬2 Portland Street¬¬¬Newark¬Nottinghamshire¬NG24 4XG¬53.07391357421875¬-0.81173056364059448¬52R¬NHS Nottingham And Nottinghamshire CCG¬01636702363¬¬http://www.lombardmedicalcentre.co.uk/¬
5082¬C84030¬GP¬UNKNOWN¬Visible¬True¬True¬The Oaks Medical Centre¬18-20 Villa Street¬Beeston¬¬Nottingham¬Nottinghamshire¬NG9 2NY¬52.928031921386719¬-1.2151714563369751¬52R¬NHS Nottingham And Nottinghamshire CCG¬01159254566¬¬http://www.theoaksmedicalcentre.com/¬
5083¬C84031¬GP¬UNKNOWN¬Visible¬True¬True¬St Peters Medical Practice¬Chaucer House¬Commercial Street¬¬Mansfield¬Nottinghamshire¬NG18 1EE¬53.141700744628906¬-1.196453332901001¬52R¬NHS Nottingham And Nottinghamshire CCG¬01623422355¬¬¬01623 632642
5084¬C84032¬GP¬UNKNOWN¬Visible¬True¬True¬Eastwood Primary Care Centre¬11B Church Street¬Eastwood¬¬Nottingham¬Nottinghamshire¬NG16 3BS¬53.016067504882813¬-1.3077384233474731¬52R¬NHS Nottingham And Nottinghamshire CCG¬01773 304700¬¬http://www.eastwoodprimarycarecentre.nhs.uk¬01773 534295
5085¬C84033¬GP¬UNKNOWN¬Visible¬True¬True¬Westdale Lane Surgery¬20-22 Westdale Lane¬Gedling¬¬Nottingham¬Nottinghamshire¬NG4 3JA¬52.972454071044922¬-1.0825637578964233¬52R¬NHS Nottingham And Nottinghamshire CCG¬01159619401¬¬http://www.westdalelanesurgery.co.uk/¬0115 9871895
5086¬C84034¬GP¬UNKNOWN¬Visible¬True¬True¬Churchfields Medical Practice¬Old Basford Health Centre¬1 Bailey Street¬¬Nottingham¬Nottinghamshire¬NG6 0HD¬52.978866577148438¬-1.1803830862045288¬52R¬NHS Nottingham And Nottinghamshire CCG¬01159781231¬¬http://www.churchfieldsmedicalpractice.co.uk/¬0115 9790419
5087¬C84035¬GP¬UNKNOWN¬Visible¬True¬True¬Crown House Surgery¬Retford Primary Care Centre, Retford Hospital¬North Road¬¬Retford¬Nottinghamshire¬DN22 7XF¬53.325450897216797¬-0.95061862468719482¬02Q¬NHS Bassetlaw CCG¬01777703672¬¬www.crownhousesurgery.co.uk¬01777 710534
5088¬C84036¬GP¬UNKNOWN¬Visible¬True¬True¬Rosemary Street Health Centre¬Rosemary Street¬¬¬Mansfield¬Nottinghamshire¬NG19 6AB¬53.149692535400391¬-1.2057392597198486¬52R¬NHS Nottingham And Nottinghamshire CCG¬01623623600¬¬http://www.forestmedicalgroup.co.uk/¬
5089¬C84037¬GP¬UNKNOWN¬Visible¬True¬True¬Abbey Medical Group¬59 Mansfield Road¬Blidworth¬¬Mansfield¬Nottinghamshire¬NG21 0RB¬53.100677490234375¬-1.1191792488098145¬52R¬NHS Nottingham And Nottinghamshire CCG¬01623795461¬¬¬01623 490514
5090¬C84039¬GP¬UNKNOWN¬Visible¬True¬True¬Derby Road Health Centre¬336 Derby Road¬Lenton¬¬Nottingham¬Nottinghamshire¬NG7 2DW¬52.951042175292969¬-1.1763525009155273¬52R¬NHS Nottingham And Nottinghamshire CCG¬01158965001¬ncccg.contact-drhc@nhs.net¬http://www.drhc.org.uk¬0115 973 8811
5092¬C84042¬GP¬UNKNOWN¬Visible¬True¬True¬Saxon Cross Surgery¬Church Street¬Stapleford Care Centre¬Stapleford¬Nottingham¬Nottinghamshire¬NG9 8DA¬52.931102752685547¬-1.2736275196075439¬52R¬NHS Nottingham And Nottinghamshire CCG¬01159392444¬¬http://www.saxoncrosssurgery.co.uk¬01159395625
5093¬C84043¬GP¬UNKNOWN¬Visible¬True¬True¬Leen View Surgery¬Bulwell Riverside¬Main Street¬¬Nottingham¬Nottinghamshire¬NG6 8QJ¬52.998054504394531¬-1.1965739727020264¬52R¬NHS Nottingham And Nottinghamshire CCG¬01159771181¬¬http://www.leenviewsurgery.co.uk¬
5094¬C84044¬GP¬UNKNOWN¬Visible¬True¬True¬Deer Park Family Medical Practice¬Wollaton Vale Health Centre¬Wollaton Vale¬Wollaton¬Nottingham¬Nottinghamshire¬NG8 2GR¬52.948986053466797¬-1.2299435138702393¬52R¬NHS Nottingham And Nottinghamshire CCG¬01159282216¬via website¬www.deerpark.nhs.uk¬0115 9289281
5095¬C84045¬GP¬UNKNOWN¬Visible¬True¬True¬Collingham Medical Centre¬High Street¬Collingham¬¬Newark¬Nottinghamshire¬NG23 7LB¬53.145683288574219¬-0.76042503118515015¬52R¬NHS Nottingham And Nottinghamshire CCG¬01636892156¬collingham.medicalcentre@nhs.net¬http://www.collinghammedicalcentre.co.uk¬
5096¬C84046¬GP¬UNKNOWN¬Visible¬True¬True¬Clifton Medical Practice¬Clifton Cornerstone¬Southchurch Drive¬Clifton¬Nottingham¬Nottinghamshire¬NG11 8EW¬52.903865814208984¬-1.1762381792068481¬52R¬NHS Nottingham And Nottinghamshire CCG¬01159211288¬¬http://www.cliftonmedicalpractice.co.uk¬0115 9844047
5097¬C84047¬GP¬UNKNOWN¬Visible¬True¬True¬The Calverton Practice¬2A St. Wilfrids Square¬Calverton¬¬Nottingham¬Nottinghamshire¬NG14 6FP¬53.037136077880859¬-1.0818926095962524¬52R¬NHS Nottingham And Nottinghamshire CCG¬01159657801¬¬www.calvertonpractice.co.uk¬0115 965 5898
5098¬C84048¬GP¬UNKNOWN¬Visible¬True¬True¬Keyworth Medical Practice¬Bunny Lane¬Keyworth¬¬Nottingham¬Nottinghamshire¬NG12 5JU¬52.871456146240234¬-1.0934016704559326¬52R¬NHS Nottingham And Nottinghamshire CCG¬01159373527¬¬http://www.keyworthmedicalpractice.co.uk/¬0115 937 6781
5099¬C84049¬GP¬UNKNOWN¬Visible¬True¬True¬Southwell Medical Centre¬The Ropewalk¬¬¬Southwell¬Nottinghamshire¬NG25 0AL¬53.081310272216797¬-0.95550441741943359¬52R¬NHS Nottingham And Nottinghamshire CCG¬01636813561¬¬http://www.southwellmedicalcentre.co.uk¬01636 816453
5100¬C84051¬GP¬UNKNOWN¬Visible¬True¬True¬Orchard Medical Practice¬Stockwell Gate¬¬¬Mansfield¬Nottinghamshire¬NG18 5GG¬53.142051696777344¬-1.2053413391113281¬52R¬NHS Nottingham And Nottinghamshire CCG¬01623400100¬¬http://orchard-medical.co.uk/¬
5101¬C84094003¬GP¬UNKNOWN¬Visible¬True¬True¬Riverside Misterton¬Marsh Lane¬Misterton¬¬Doncaster¬South Yorkshire¬DN10 4DL¬53.438491821289062¬-0.83176857233047485¬02Q¬NHS Bassetlaw CCG¬01427 890 206¬¬https://www.riversidehealth.co.uk/¬01427 891 794
5102¬C84053¬GP¬UNKNOWN¬Visible¬True¬True¬Torkard Hill Medical Centre¬Farleys Lane¬Hucknall¬¬Nottingham¬Nottinghamshire¬NG15 6DY¬53.029903411865234¬-1.2073744535446167¬52R¬NHS Nottingham And Nottinghamshire CCG¬01159633676¬¬¬
5103¬C84055¬GP¬UNKNOWN¬Visible¬True¬True¬Highcroft Surgery¬High Street¬Arnold¬¬Nottingham¬Nottinghamshire¬NG5 7BQ¬53.004112243652344¬-1.12880539894104¬52R¬NHS Nottingham And Nottinghamshire CCG¬0115883 2330¬¬http://www.highcroftsurgery.co.uk¬0115 883 2350
5104¬C84057¬GP¬UNKNOWN¬Visible¬True¬True¬Pleasley Surgery¬Chesterfield Road¬Pleasley¬¬Mansfield¬Nottinghamshire¬NG19 7PE¬53.175792694091797¬-1.250860333442688¬52R¬NHS Nottingham And Nottinghamshire CCG¬01623810249¬¬http://www.pleasleysurgery.com¬
5105¬C84059¬GP¬UNKNOWN¬Visible¬True¬True¬Sherwood Medical Partnership - Crown Medical Centre¬Crown Medical Centre¬Crown Farm Way¬Forest Town¬Mansfield¬Nottinghamshire¬NG19 0FW¬53.157302856445313¬-1.1378629207611084¬52R¬NHS Nottingham And Nottinghamshire CCG¬01623626132¬nshccg.c84059@nhs.net¬http://www.sherwoodmedical.co.uk¬01623 628425
5106¬C84060¬GP¬UNKNOWN¬Visible¬True¬True¬Rivergreen Medical Centre¬106 Southchurch Drive¬¬¬Nottingham¬Nottinghamshire¬NG11 8AD¬52.906009674072266¬-1.1756473779678345¬52R¬NHS Nottingham And Nottinghamshire CCG¬01159211566¬¬http://www.rivergreenmed.co.uk¬
5107¬C84061¬GP¬UNKNOWN¬Visible¬True¬True¬King's Medical Centre¬King's Medical Centre¬1 King Street¬¬Sutton In Ashfield¬Nottinghamshire¬NG17 1AT¬53.123447418212891¬-1.2634413242340088¬52R¬NHS Nottingham And Nottinghamshire CCG¬01623 551015¬¬http://www.kingsmcsuttoninashfield.co.uk/¬
5108¬C84063¬GP¬UNKNOWN¬Visible¬True¬True¬Greenwood & Sneinton Fmc.¬Greenwood & Sneinton Family Medical Centre¬249 Sneinton Dale¬Sneinton¬Nottingham¬Nottinghamshire¬NG3 7DQ¬52.956554412841797¬-1.1185520887374878¬52R¬NHS Nottingham And Nottinghamshire CCG¬01159501854¬¬http://www.greenwoodandsneintonfamilymedicalcentre.co.uk¬0115 9580044
5109¬C84064¬GP¬UNKNOWN¬Visible¬True¬True¬Parkside Medical Centre¬Bulwell Riverside¬Main Street¬Bulwell¬Nottingham¬Nottinghamshire¬NG6 8QJ¬52.998054504394531¬-1.1965739727020264¬52R¬NHS Nottingham And Nottinghamshire CCG¬01159279119¬¬www.parksidemedicalpractice.co.uk¬0115 9130692
5110¬C84065¬GP¬UNKNOWN¬Visible¬True¬True¬Abbey Medical Centre¬63 Central Avenue¬Beeston¬¬Nottingham¬Nottinghamshire¬NG9 2QP¬52.933116912841797¬-1.2199147939682007¬52R¬NHS Nottingham And Nottinghamshire CCG¬01159255323¬¬http://www.abbeymedicalcentre.org¬0115 9220522
5111¬C84066¬GP¬UNKNOWN¬Visible¬True¬True¬Daybrook Medical Practice¬Daybrook Health Centre¬Salop Street¬Daybrook¬Nottingham¬Nottinghamshire¬NG5 6HP¬53.001514434814453¬-1.1401230096817017¬52R¬NHS Nottingham And Nottinghamshire CCG¬01159267628¬¬http://daybrookmedicalpractice.co.uk¬0115 967 0898
5112¬C84067¬GP¬UNKNOWN¬Visible¬True¬True¬Ashfield House¬Ashfield House194 Forest Road¬Kirkby-In-Ashfield¬¬Nottingham¬Nottinghamshire¬NG17 9JB¬53.076511383056641¬-1.2560323476791382¬52R¬NHS Nottingham And Nottinghamshire CCG¬01623752295¬reception.annesley@gp-c84067.nhs.uk¬http://www.ashfieldhousesurgery.co.uk¬01623 759350
5114¬C84069¬GP¬UNKNOWN¬Visible¬True¬True¬Roundwood Surgery¬Wood Street¬¬¬Mansfield¬Nottinghamshire¬NG18 1QQ¬53.1473388671875¬-1.2004897594451904¬52R¬NHS Nottingham And Nottinghamshire CCG¬01623648880¬roundwood.surgery@gp-c84069.nhs.uk¬¬01623 631761
5115¬C84072¬GP¬UNKNOWN¬Visible¬True¬True¬The Wellspring Surgery¬St Anns Valley Centre¬2 Livingstone Road¬St Anns¬Nottingham¬Nottinghamshire¬NG3 3GG¬52.962306976318359¬-1.1367919445037842¬52R¬NHS Nottingham And Nottinghamshire CCG¬01159505907¬¬http://www.wellspringsurgerynottingham.co.uk¬0115 9881582
5116¬C84074¬GP¬UNKNOWN¬Visible¬True¬True¬Family Medical Centre - Kirkby¬56A Lowmoor Road¬¬¬Nottingham¬Nottinghamshire¬NG17 7BG¬53.100063323974609¬-1.2446188926696777¬52R¬NHS Nottingham And Nottinghamshire CCG¬01623757219¬¬¬01623 751578
5117¬C84076¬GP¬UNKNOWN¬Visible¬True¬True¬Kirkby Health Centre¬62 Lowmoor Road¬¬¬Nottingham¬Nottinghamshire¬NG17 7LG¬53.100334167480469¬-1.2445694208145142¬52R¬NHS Nottingham And Nottinghamshire CCG¬01623752454¬¬https://www.healthcentrekirkbyinashfield.co.uk¬
5118¬C84077¬GP¬UNKNOWN¬Visible¬True¬True¬Brierley Park Medical Centre¬127 Sutton Road¬Huthwaite¬¬Sutton in Ashfield¬Nottinghamshire¬NG17 2NF¬53.128726959228516¬-1.2964075803756714¬52R¬NHS Nottingham And Nottinghamshire CCG¬01623550254¬maccg.c84077@nhs.net¬http://www.bpmcgp.co.uk¬01623 515574
5119¬C84078¬GP¬UNKNOWN¬Visible¬True¬True¬Hucknall Road Medical Centre¬Kibworth Close¬Heathfield Estate¬¬Nottingham¬Nottinghamshire¬NG5 1NA¬52.989974975585937¬-1.1680911779403687¬52R¬NHS Nottingham And Nottinghamshire CCG¬0115 960 6652¬¬http://www.hucknallrdmc.co.uk/¬
5120¬C84080¬GP¬UNKNOWN¬Visible¬True¬True¬The Manor Surgery¬Middle Street¬Beeston¬¬Nottingham¬Nottinghamshire¬NG9 1GA¬52.925037384033203¬-1.2163561582565308¬52R¬NHS Nottingham And Nottinghamshire CCG¬01159076960¬¬http://themanorsurgery.com/¬01159 678612
5121¬C84081¬GP¬UNKNOWN¬Visible¬True¬True¬John Ryle Medical Practice¬Southchurch Drive¬¬¬Nottingham¬Nottinghamshire¬NG11 8EW¬52.903865814208984¬-1.1762381792068481¬52R¬NHS Nottingham And Nottinghamshire CCG¬01159212970¬¬¬0115 9846878
5123¬C84084¬GP¬UNKNOWN¬Visible¬True¬True¬Radcliffe-on-Trent Health Centre¬Main Road¬Radcliffe On Trent¬¬Nottingham¬Nottinghamshire¬NG12 2GD¬52.946140289306641¬-1.0382052659988403¬52R¬NHS Nottingham And Nottinghamshire CCG¬01159332948¬¬¬
5124¬C84085001¬GP¬UNKNOWN¬Visible¬True¬True¬Victoria and Mapperley Practice (Mapperley Surgery)¬858 Woodborough Road¬Mapperley¬¬Nottingham¬Nottinghamshire¬NG3 5QQ¬52.982074737548828¬-1.1245120763778687¬52R¬NHS Nottingham And Nottinghamshire CCG¬0115 969 1166¬¬https://victoriamapperley.co.uk/¬0115 955 0831
5125¬C84085¬GP¬UNKNOWN¬Visible¬True¬True¬Victoria and Mapperley Practice (Victoria Surgery)¬Victoria Health Centre¬Glasshouse Street¬City Centre¬Nottingham¬Nottinghamshire¬NG1 3LW¬52.95721435546875¬-1.1461822986602783¬52R¬NHS Nottingham And Nottinghamshire CCG¬0115 883 9080¬¬https://victoriamapperley.co.uk/victoria-health-centre/¬0115 911 1074
5126¬C84086¬GP¬UNKNOWN¬Visible¬True¬True¬St Georges Medical Practice¬93 Musters Road¬West Bridgford¬¬Nottingham¬Nottinghamshire¬NG2 7PG¬52.930755615234375¬-1.1323316097259521¬52R¬NHS Nottingham And Nottinghamshire CCG¬01159143200¬¬http://www.sgmp.nhs.uk/¬0115 9143201
5127¬C84087¬GP¬UNKNOWN¬Visible¬True¬True¬Rainworth Health Centre¬Rainworth Primary Care Centre¬Warsop Lane¬Rainworth¬Mansfield¬Nottinghamshire¬NG21 0AD¬53.116783142089844¬-1.118775486946106¬52R¬NHS Nottingham And Nottinghamshire CCG¬01623 794293¬¬http://www.rainworthsurgery.co.uk¬01623 799218
5128¬C84090¬GP¬UNKNOWN¬Visible¬True¬True¬Musters Medical Practice¬Embankment Primary Care Centre¬50-60 Wilford Lane¬¬West Bridgford Nottingham¬Nottinghamshire¬NG2 7SD¬52.930477142333984¬-1.1448932886123657¬52R¬NHS Nottingham And Nottinghamshire CCG¬01159814124¬¬http://www.mustersmedicalpractice.co.uk¬0115 9813117
5129¬C84091¬GP¬UNKNOWN¬Visible¬True¬True¬Aspley Medical Centre¬509 Aspley Lane¬Aspley¬¬Nottingham¬Nottinghamshire¬NG8 5RU¬52.971946716308594¬-1.2041760683059692¬52R¬NHS Nottingham And Nottinghamshire CCG¬01159292700¬¬http://www.aspleymedicalcentre.co.uk/¬
5130¬C84092¬GP¬UNKNOWN¬Visible¬True¬True¬Bridgeway Practice¬Meadows Health Centre¬1 Bridgeway Centre¬The Meadows¬Nottingham¬Nottinghamshire¬NG2 2JG¬52.943576812744141¬-1.1473287343978882¬52R¬NHS Nottingham And Nottinghamshire CCG¬01159861128¬ncccg.c84092@nhs.uk¬http://www.bridgewaypractice.co.uk¬0115 9851836
5131¬C84094¬GP¬UNKNOWN¬Visible¬True¬True¬Riverside Health Partnership¬Riverside Walk¬¬¬Retford¬Nottinghamshire¬DN22 6FB¬53.324337005615234¬-0.94330424070358276¬02Q¬NHS Bassetlaw CCG¬01777713330¬¬http://riversidehealth.co.uk/¬01777 711966
5132¬C84095¬GP¬UNKNOWN¬Visible¬True¬True¬Oakenhall Medical Pract¬Bolsover Street¬Hucknall¬¬Nottingham¬Nottinghamshire¬NG15 7UA¬53.036617279052734¬-1.199421763420105¬52R¬NHS Nottingham And Nottinghamshire CCG¬01159633511¬¬¬0115 9680947
5134¬C84101001¬GP¬UNKNOWN¬Visible¬True¬True¬Bawtry & Blyth Medical (Blyth)¬¬1 High Street¬Blyth¬Worksop¬Nottinghamshire¬S81 8EQ¬53.376144409179688¬-1.061060905456543¬02Q¬NHS Bassetlaw CCG¬01909591254¬basccg.blythgeneral@nhs.net¬http://www.bawtryandblythmedical.co.uk¬01302 710261
5135¬C84101¬GP¬UNKNOWN¬Visible¬True¬True¬Bawtry And Blyth Medical¬Bawtry Health Centre¬Station Road¬Bawtry¬Doncaster¬South Yorkshire¬DN10 6RQ¬53.431873321533203¬-1.0194348096847534¬02Q¬NHS Bassetlaw CCG¬01302710210¬basccg.blythgeneral@nhs.net¬http://www.bawtryandblythmedical.co.uk¬01302 710261
5136¬C84103¬GP¬UNKNOWN¬Visible¬True¬True¬Forest Practice¬Mary Potter Centre¬Gregory Boulevard¬Hyson Green¬Nottingham¬Nottinghamshire¬NG7 5HY¬52.964496612548828¬-1.1719300746917725¬52R¬NHS Nottingham And Nottinghamshire CCG¬0115 9423759¬¬http://www.theforestpractice.co.uk¬0115 9785576
5138¬C84105¬GP¬UNKNOWN¬Visible¬True¬True¬The Fairfields Practice¬The Mary Potter Centre¬Hyson Green¬¬Nottingham¬Nottinghamshire¬NG7 5HY¬52.964496612548828¬-1.1719300746917725¬52R¬NHS Nottingham And Nottinghamshire CCG¬01159424352¬¬http://www.fairfieldspractice.nhs.uk¬0115 9421696
5139¬C84106¬GP¬UNKNOWN¬Visible¬True¬True¬Mill View Surgery¬1a Goldsmith Street¬Mansfield¬Notts¬Mansfield¬Nottinghamshire¬NG18 5PF¬53.144447326660156¬-1.2027726173400879¬52R¬NHS Nottingham And Nottinghamshire CCG¬01623649528¬kerry.walker@gp-c84106.nhs.uk¬http://www.millviewsurgery.co.uk/¬01623 624595
5141¬C84107¬GP¬UNKNOWN¬Visible¬True¬True¬The Linden Medical Group¬Stapleford Care Centre¬Church Street¬Stapleford¬Nottingham¬Nottinghamshire¬NG9 8DA¬52.931102752685547¬-1.2736275196075439¬52R¬NHS Nottingham And Nottinghamshire CCG¬01158752000¬¬http://www.thelindenmedicalgroup.co.uk¬0115 9491751
5142¬C84112¬GP¬UNKNOWN¬Visible¬True¬True¬Bramcote Surgery¬2A Hanley Avenue¬Bramcote¬¬Nottingham¬Nottinghamshire¬NG9 3HF¬52.93560791015625¬-1.2449703216552734¬52R¬NHS Nottingham And Nottinghamshire CCG¬01159224960¬¬http://www.bramcotesurgery.co.uk/¬
5143¬C84113¬GP¬UNKNOWN¬Visible¬True¬True¬Major Oak Medical Practice¬High Street¬¬¬Edwinstowe¬Nottinghamshire¬NG21 9QS¬53.193943023681641¬-1.0642523765563965¬52R¬NHS Nottingham And Nottinghamshire CCG¬01623822303¬¬http://www.majoroakmedicalpractice.co.uk¬
5144¬C84114¬GP¬UNKNOWN¬Visible¬True¬True¬Skegby Family Medical Centre¬Mansfield Road¬Skegby¬¬Sutton In Ashfield¬Nottinghamshire¬NG17 3EE¬53.142337799072266¬-1.2733291387557983¬52R¬NHS Nottingham And Nottinghamshire CCG¬01623440144¬¬http://www.skegbyfamilymedicalcentre.co.uk¬01623 440080
5145¬C84115¬GP¬UNKNOWN¬Visible¬True¬True¬Plains View Surgery¬57 Plains Road¬Mapperley¬¬Nottingham¬Nottinghamshire¬NG3 5LB¬52.986133575439453¬-1.1190228462219238¬52R¬NHS Nottingham And Nottinghamshire CCG¬01159621717¬¬www.plainsviewsurgery.co.uk¬0115 9625824
5146¬C84116¬GP¬UNKNOWN¬Visible¬True¬True¬Melbourne Park Medical Centre¬Melbourne Road, Aspley¬Melbourne Road¬Aspley¬Nottingham¬Nottinghamshire¬NG8 5HL¬52.97576904296875¬-1.1927130222320557¬52R¬NHS Nottingham And Nottinghamshire CCG¬01159786114¬¬https://www.melbourneparkmedicalcentre.co.uk/¬0115  9249334
5147¬C84117001¬GP¬UNKNOWN¬Visible¬True¬True¬Dr Kaur K & Partners - Student Health Centre¬Nottingham Trent University¬Peel Street¬¬Nottingham¬Nottinghamshire¬NG1 4FQ¬52.957759857177734¬-1.1509053707122803¬52R¬NHS Nottingham And Nottinghamshire CCG¬01158486481¬¬¬0115 8484255
5148¬C84117¬GP¬UNKNOWN¬Visible¬True¬True¬Radford Medical Practice - Kaur¬Radford Health Centre¬Ilkeston Road¬¬Nottingham¬Nottinghamshire¬NG7 3GW¬52.956340789794922¬-1.1676201820373535¬52R¬NHS Nottingham And Nottinghamshire CCG¬01159792691¬¬www.radfordmedicalpractice.co.uk¬0115 9422619
5149¬C84120001¬GP¬UNKNOWN¬Visible¬True¬True¬Chilwell Meadows Surgery¬Chilwell Meadows Surgery¬Ranson Road, Chilwell¬Beeston¬Nottingham¬Nottinghamshire¬NG9 6DX¬52.905185699462891¬-1.2431544065475464¬52R¬NHS Nottingham And Nottinghamshire CCG¬01159462767¬¬http://www.chilwellmeadowssurgery.co.uk¬
5150¬C84120¬GP¬UNKNOWN¬Visible¬True¬True¬The Valley Surgery¬81 Bramcote Lane¬Chilwell¬¬Nottingham¬Nottinghamshire¬NG9 4ET¬52.921348571777344¬-1.2375301122665405¬52R¬NHS Nottingham And Nottinghamshire CCG¬01159430530¬¬http://www.thevalleysurgery.co.uk¬
5152¬C84122¬GP¬UNKNOWN¬Visible¬True¬True¬Wollaton Park Medical Practice¬12 Harrow Road¬Wollaton¬¬Nottingham¬Nottinghamshire¬NG8 1FG¬52.953472137451172¬-1.1950185298919678¬52R¬NHS Nottingham And Nottinghamshire CCG¬01159855016¬¬http://www.wollatonparkmedicalcentre.co.uk¬0115 9829710
5153¬C84123¬GP¬UNKNOWN¬Visible¬True¬True¬Bilsthorpe Surgery¬35 Mickledale Lane¬Bilsthorpe¬¬Newark¬Nottinghamshire¬NG22 8QB¬53.141868591308594¬-1.0326138734817505¬52R¬NHS Nottingham And Nottinghamshire CCG¬01623870230¬¬http://www.bilsthorpesurgery.co.uk¬01623 871702
5155¬C84646002¬GP¬UNKNOWN¬Visible¬True¬False¬Apple Tree Medical Practice¬4 Wheatsheaf Court¬Burton Joyce¬¬Nottingham¬¬NG14 5EA¬52.988761901855469¬-1.0372440814971924¬52R¬NHS Nottingham And Nottinghamshire CCG¬01159312929¬¬https://www.ivymedicalgroup.co.uk/¬
5156¬C84127¬GP¬UNKNOWN¬Visible¬True¬True¬Dr Anil Kumar Kaistha¬Church Street¬Warsop¬¬Mansfield¬Nottinghamshire¬NG20 0BP¬53.207225799560547¬-1.1526163816452026¬52R¬NHS Nottingham And Nottinghamshire CCG¬01623844421¬¬¬01623 847642
5157¬C84129¬GP¬UNKNOWN¬Visible¬True¬True¬Dr Mc Jones & Partners¬Off Revelstoke Way¬Rise Park¬¬Nottingham¬Nottinghamshire¬NG5 5EB¬53.011478424072266¬-1.1749364137649536¬52R¬NHS Nottingham And Nottinghamshire CCG¬01159272525¬¬www.riseparksurgery.co.uk¬0115 9797056
5158¬C84131¬GP¬UNKNOWN¬Visible¬True¬True¬Newthorpe Medical Practice¬Harvest Road¬¬¬Nottingham¬Nottinghamshire¬NG16 3HU¬53.012397766113281¬-1.2981659173965454¬52R¬NHS Nottingham And Nottinghamshire CCG¬01773535511¬prescriptions@gp-c84131.nhs.uk¬http://www.newthorpemedicalcentre.co.uk¬01773 710951
5160¬C84135¬GP¬UNKNOWN¬Visible¬True¬True¬Queens Bower Surgery¬201 Queens Bower Road¬Bestwood Park¬¬Nottingham¬Nottinghamshire¬NG5 5RB¬53.005359649658203¬-1.1507617235183716¬52R¬NHS Nottingham And Nottinghamshire CCG¬01159208615¬¬http://www.queensbowersurgery.co.uk¬
5161¬C84136¬GP¬UNKNOWN¬Visible¬True¬True¬St. Luke's Surgery¬Radford Health Centre¬Ilkeston Road¬¬Nottingham¬Nottinghamshire¬NG7 3GW¬52.956340789794922¬-1.1676201820373535¬52R¬NHS Nottingham And Nottinghamshire CCG¬01159784374¬¬¬0115 9701478
5162¬C84138¬GP¬UNKNOWN¬Visible¬True¬True¬Springfield Medical Centre¬301 Main Street¬Bulwell¬¬Nottingham¬Nottinghamshire¬NG6 8ED¬53.00360107421875¬-1.1954874992370605¬52R¬NHS Nottingham And Nottinghamshire CCG¬01159756501¬¬http://springfieldmedicalcentrebulwell.co.uk¬0115 9166004
5163¬C84140¬GP¬UNKNOWN¬Visible¬True¬True¬Lowmoor Road Surgery¬Low Moor Road¬¬¬Nottingham¬Nottinghamshire¬NG17 7BG¬53.100063323974609¬-1.2446188926696777¬52R¬NHS Nottingham And Nottinghamshire CCG¬01623759447¬¬¬01623 750906
5165¬C84142¬GP¬UNKNOWN¬Visible¬True¬True¬Selston Surgery¬139 Nottingham Road¬Selston¬¬Nottingham¬Nottinghamshire¬NG16 6BT¬53.070198059082031¬-1.2998563051223755¬52R¬NHS Nottingham And Nottinghamshire CCG¬01773810226¬¬¬01773 863957
5167¬C84144¬GP¬UNKNOWN¬Visible¬True¬True¬Meadows Health Centre (Jadoon,Mir,Khanna)¬The Meadows Health Centre¬1 Bridgeway Centre¬Meadows¬Nottingham¬Nottinghamshire¬NG2 2JG¬52.943576812744141¬-1.1473287343978882¬52R¬NHS Nottingham And Nottinghamshire CCG¬01159865410¬meadowshealth-centre@nhs.net¬http://www.meadowshealthcentrenottingham.nhs.uk¬0115 9851821
5171¬C84150¬GP¬UNKNOWN¬Visible¬True¬True¬Unity Surgery¬318 Westdale Lane¬Mapperley¬¬Nottingham¬Nottinghamshire¬NG3 6EU¬52.980422973632813¬-1.1033958196640015¬52R¬NHS Nottingham And Nottinghamshire CCG¬01159877604¬¬http://www.unitysurgery.co.uk/¬
5174¬C84605¬GP¬UNKNOWN¬Visible¬True¬True¬Castle Healthcare Practice¬Embankment Primary Care Centre¬50-60 Wilford Lane¬West Bridgford¬Nottingham¬Nottinghamshire¬NG2 7SD¬52.930355072021484¬-1.1441476345062256¬52R¬NHS Nottingham And Nottinghamshire CCG¬01158832626¬¬http://www.castlehealthcarepractice.nhs.uk¬0115 981 0424
5176¬C84613¬GP¬UNKNOWN¬Visible¬True¬True¬The Jubilee Practice¬Francklin Road¬Lowdham¬¬Nottingham¬Nottinghamshire¬NG14 7BG¬53.013557434082031¬-1.0039297342300415¬52R¬NHS Nottingham And Nottinghamshire CCG¬01159663633¬¬¬01159-664347
5177¬C84619¬GP¬UNKNOWN¬Visible¬True¬True¬Tudor House Medical Practice¬138 Edwards Lane¬Sherwood¬¬Nottingham¬Nottinghamshire¬NG5 3HU¬52.990581512451172¬-1.149844765663147¬52R¬NHS Nottingham And Nottinghamshire CCG¬01159661233¬ncccg.tudorhousemedical@nhs.net¬http://www.tudorhousemedical.nhs.uk/¬0115 967 0017
5178¬C84621¬GP¬UNKNOWN¬Visible¬True¬True¬West Bridgford Medical Centre¬97 Musters Road¬West Bridgford¬¬Nottingham¬Nottinghamshire¬NG2 7PX¬52.929710388183594¬-1.1321591138839722¬52R¬NHS Nottingham And Nottinghamshire CCG¬01158837380¬¬www.westbridgfordmedicalcentre.nhs.uk¬0115 9826448
5179¬C84624¬GP¬UNKNOWN¬Visible¬True¬True¬Hama Medical Centre¬11 Nottingham Road¬Kimberley¬¬Nottingham¬Nottinghamshire¬NG16 2NB¬52.996139526367188¬-1.25184166431427¬52R¬NHS Nottingham And Nottinghamshire CCG¬01159382101¬noweccg.c84624@nhs.net¬http://www.hamamedicalcentre.co.uk¬0115 9459208
5180¬C84628¬GP¬UNKNOWN¬Visible¬True¬True¬Sherwood Rise Medical Centre¬31 Nottingham Road¬Sherwood Rise¬¬Nottingham¬Nottinghamshire¬NG7 7AD¬52.974262237548828¬-1.1620041131973267¬52R¬NHS Nottingham And Nottinghamshire CCG¬01159622522¬¬http://www.sherwoodrisemedicalcentre.co.uk/¬
5181¬C84629¬GP¬UNKNOWN¬Visible¬True¬True¬Health Care Complex, Kirkby¬52 Lowmoor Road¬Kirkby-In-Ashfield¬¬Nottingham¬Nottinghamshire¬NG17 7BG¬53.100063323974609¬-1.2446188926696777¬52R¬NHS Nottingham And Nottinghamshire CCG¬01623752312¬¬¬01623 723700
5185¬C84004001¬GP¬UNKNOWN¬Visible¬True¬True¬The Practice Nirmala ¬112 Pedmore Valley¬Bestwood Park¬Nottingham¬Nottinghamshire¬Nottinghamshire¬NG5 5NN¬53.002288818359375¬-1.1566038131713867¬52R¬NHS Nottingham And Nottinghamshire CCG¬0115 9208501¬¬http://www.thepracticestalbans.nhs.uk¬0115 9666113
5186¬C84637¬GP¬UNKNOWN¬Visible¬True¬True¬Sandy Lane Surgery¬77 Sandy Lane¬¬¬Mansfield¬Nottinghamshire¬NG18 2LT¬53.147090911865234¬-1.182881236076355¬52R¬NHS Nottingham And Nottinghamshire CCG¬01623 656055¬¬http://www.sandylane-surgery.co.uk¬
5187¬C84646001¬GP¬UNKNOWN¬Visible¬True¬False¬The Ivy Medical Group¬Francklin Road¬Lowdham¬¬Nottingham¬Nottinghamshire¬NG14 7BG¬53.013557434082031¬-1.0039297342300415¬52R¬NHS Nottingham And Nottinghamshire CCG¬01159664120¬¬https://www.ivymedicalgroup.co.uk/¬
5188¬C84646¬GP¬UNKNOWN¬Visible¬True¬False¬The Ivy Medical Group¬6 Lambley Lane¬Burton Joyce¬¬Nottingham¬Nottinghamshire¬NG14 5BG¬52.989063262939453¬-1.0413192510604858¬52R¬NHS Nottingham And Nottinghamshire CCG¬01159312500¬¬https://www.ivymedicalgroup.co.uk/¬
5189¬C84647¬GP¬UNKNOWN¬Visible¬True¬True¬Bilborough Surgery¬112 Graylands Road¬Bilborough Estate¬Bilborough¬Nottingham¬Nottinghamshire¬NG8 4FD¬52.963981628417969¬-1.2276523113250732¬52R¬NHS Nottingham And Nottinghamshire CCG¬01159292358¬¬¬0115 9295878
5190¬Y05369¬GP¬UNKNOWN¬Visible¬True¬True¬Balderton Surgery¬Lowfield Lane¬Balderton¬¬Newark¬Nottinghamshire¬NG24 3HJ¬53.052883148193359¬-0.7874985933303833¬52R¬NHS Nottingham And Nottinghamshire CCG¬01636705826¬balderton.practice@gp-c84648.nhs.uk¬http://www.picsbalderton.co.uk¬
5193¬C84654¬GP¬UNKNOWN¬Visible¬True¬True¬Jacksdale Medical Centre¬Main Road¬Jacksdale¬¬Nottingham¬Nottinghamshire¬NG16 5JW¬53.058876037597656¬-1.3365514278411865¬52R¬NHS Nottingham And Nottinghamshire CCG¬01773608760¬¬¬01773 541121
5194¬C84656¬GP¬UNKNOWN¬Visible¬True¬True¬Hill View Surgery¬Kirklington Road¬Rainworth¬¬Mansfield¬Nottinghamshire¬NG21 0JP¬53.118942260742188¬-1.1073006391525269¬52R¬NHS Nottingham And Nottinghamshire CCG¬01623795562¬¬¬01623 798879
5195¬C84658¬GP¬UNKNOWN¬Visible¬True¬True¬Meden Medical Services Branch Surgery, (Warsop Primary Care Centre)¬Church Street¬Warsop¬¬Mansfield¬Nottinghamshire¬NG20 0BP¬53.207225799560547¬-1.1526163816452026¬52R¬NHS Nottingham And Nottinghamshire CCG¬01623843521¬maccg.c84658@nhs.net¬¬
5197¬C84660¬GP¬UNKNOWN¬Visible¬True¬False¬Hounsfield Surgery¬Hounsfield Way¬Sutton-On-Trent¬¬Newark¬Nottinghamshire¬NG23 6PX¬53.183704376220703¬-0.81101804971694946¬52R¬NHS Nottingham And Nottinghamshire CCG¬01636821023¬¬http://www.hounsfieldsurgery.co.uk¬01636 822308
5198¬C84664¬GP¬UNKNOWN¬Visible¬True¬True¬Welbeck Surgery¬481-491 Mansfield Road¬Sherwood¬¬Nottingham¬Nottinghamshire¬NG5 2JJ¬52.979625701904297¬-1.1478108167648315¬52R¬NHS Nottingham And Nottinghamshire CCG¬01159620932¬¬¬
5200¬C84667¬GP¬UNKNOWN¬Visible¬True¬True¬Giltbrook Surgery¬492 Nottingham Road¬Giltbrook¬¬Nottingham¬Nottinghamshire¬NG16 2GE¬53.007404327392578¬-1.2841509580612183¬52R¬NHS Nottingham And Nottinghamshire CCG¬01159383191¬¬www.giltbrooksurgery.nhs.uk¬0115 9459556
5204¬C84676¬GP¬UNKNOWN¬Visible¬True¬True¬Greenfields Medical Centre¬12 Terrace Street¬Hyson Green¬¬Nottingham¬Nottinghamshire¬NG7 6ER¬52.966487884521484¬-1.1685717105865479¬52R¬NHS Nottingham And Nottinghamshire CCG¬01159423386¬ncccg.c84676@nhs.net¬https://omsharma.co.uk/¬01159706232
5205¬C84059002¬GP¬UNKNOWN¬Visible¬True¬True¬Sherwood Medical Partnership - Farnsfield Surgery¬The Surgery¬Station Lane¬Farnsfield¬Newark¬Nottinghamshire¬NG22 8LA¬53.105388641357422¬-1.0368530750274658¬52R¬NHS Nottingham And Nottinghamshire CCG¬01623 882289¬nshccg.c84059@nhs.net¬http://www.sherwoodmedical.co.uk¬01623 882286
5207¬C84679¬GP¬UNKNOWN¬Visible¬True¬True¬Acorn Medical Practice¬11-13 Wood Street¬¬¬Mansfield¬Nottinghamshire¬NG18 1QA¬53.146991729736328¬-1.2024399042129517¬52R¬NHS Nottingham And Nottinghamshire CCG¬01623428412¬¬¬01623 412519
5209¬C84682¬GP¬UNKNOWN¬Visible¬True¬True¬Sherrington Park Medical Practice¬Sherrington Park Medical Centr¬402 Mansfield Road¬Sherwood¬Nottingham¬Nottinghamshire¬NG5 2EJ¬52.974681854248047¬-1.1502014398574829¬52R¬NHS Nottingham And Nottinghamshire CCG¬01159858552¬spmp@gp-c84682.nhs.uk¬¬0115 9858553
5210¬C84683¬GP¬UNKNOWN¬Visible¬True¬True¬The Windmill Practice¬Health Centre¬Beaumont Street¬¬Nottingham¬Nottinghamshire¬NG2 4PJ¬52.951953887939453¬-1.1347355842590332¬52R¬NHS Nottingham And Nottinghamshire CCG¬01158838660¬¬http://www.windmillpractice.nhs.uk¬0115 950 5404
5212¬Y06356¬GP¬UNKNOWN¬Visible¬True¬True¬Bilborough Medical Centre¬Bracebridge Drive¬Bilborough¬¬Nottingham¬Nottinghamshire¬NG8 4PN¬52.963970184326172¬-1.2310471534729004¬52R¬NHS Nottingham And Nottinghamshire CCG¬01159292354¬¬http://www.bilboroughmedicalcentre.co.uk/¬
5213¬C84691¬GP¬UNKNOWN¬Visible¬True¬True¬High Green Medical Practice - Dr Z Khan¬The Mary Potter Centre In Hyson Green¬¬¬Nottingham¬Nottinghamshire¬NG7 5HY¬52.964496612548828¬-1.1719300746917725¬52R¬NHS Nottingham And Nottinghamshire CCG¬01159423216¬info@highgreenmedicalpractice.co.uk¬http://www.highgreenmedicalpractice.co.uk/¬0115 9704640
5214¬C84692¬GP¬UNKNOWN¬Visible¬True¬True¬North Leverton Surgery¬Sturton Road¬North Leverton¬¬Retford¬Nottinghamshire¬DN22 0AB¬53.332038879394531¬-0.82222986221313477¬02Q¬NHS Bassetlaw CCG¬01427880223¬¬¬01427 880927
5215¬C84693¬GP¬UNKNOWN¬Visible¬True¬True¬Bakersfield Medical Centre¬141 Oakdale Road¬Bakersfield¬¬Nottingham¬Nottinghamshire¬NG3 7EJ¬52.960201263427734¬-1.1049455404281616¬52R¬NHS Nottingham And Nottinghamshire CCG¬01159401007¬¬¬0115 9402022
5216¬C84694¬GP¬UNKNOWN¬Visible¬True¬True¬Lime Tree Surgery¬1 Lime Tree Avenue¬Cinderhill¬¬Nottingham¬Nottinghamshire¬NG8 6AB¬52.98236083984375¬-1.1967905759811401¬52R¬NHS Nottingham And Nottinghamshire CCG¬01159791281¬¬¬
5217¬C84695¬GP¬UNKNOWN¬Visible¬True¬True¬The Alice Medical Centre¬1 Carnwood Road¬Bestwood Estate¬¬Nottingham¬Nottinghamshire¬NG5 5HW¬52.994895935058594¬-1.1622306108474731¬52R¬NHS Nottingham And Nottinghamshire CCG¬0115 9857944¬helen.wilkinson7@nhs.net¬http://www.bestwoodparkmedicalcentre.co.uk¬0115 9691123
5218¬C84696¬GP¬UNKNOWN¬Visible¬True¬True¬West Oak Surgery¬319 Westdale Lane¬Mapperley¬¬Nottingham¬Nottinghamshire¬NG3 6EW¬52.981616973876953¬-1.1076309680938721¬52R¬NHS Nottingham And Nottinghamshire CCG¬01159525320¬nnest.ccg.westoak@nhs.net¬http://www.westoaksurgery.co.uk/¬
5221¬C84703¬GP¬UNKNOWN¬Visible¬True¬True¬The Gamston Medical Centre¬Gamston¬¬¬Nottingham¬Nottinghamshire¬NG2 6PS¬52.924251556396484¬-1.1004806756973267¬52R¬NHS Nottingham And Nottinghamshire CCG¬01159455946¬¬http://www.gamstonmedicalcentre.co.uk/¬
5222¬C84704¬GP¬UNKNOWN¬Visible¬True¬True¬Beechdale Surgery¬439 Beechdale Road¬Aspley¬¬Nottingham¬Nottinghamshire¬NG8 3LF¬52.96148681640625¬-1.1981301307678223¬52R¬NHS Nottingham And Nottinghamshire CCG¬01159290754¬¬¬01159296843
5223¬C84705¬GP¬UNKNOWN¬Visible¬True¬True¬Hickings Lane Medical Centre¬120 Ryecroft Street¬Stapleford¬¬Nottingham¬Nottinghamshire¬NG9 8PN¬52.936241149902344¬-1.264420747756958¬52R¬NHS Nottingham And Nottinghamshire CCG¬01159395555¬¬http://www.hickingslanemedicalcentre.co.uk¬
5225¬C84709¬GP¬UNKNOWN¬Visible¬True¬True¬Park House Medical Centre¬61 Burton Road¬Carlton¬¬Nottingham¬Nottinghamshire¬NG4 3DQ¬52.967784881591797¬-1.0847173929214478¬52R¬NHS Nottingham And Nottinghamshire CCG¬01159404333¬¬www.parkhousemedicalcentre.com¬0115-9404777
5228¬C84714001¬GP¬UNKNOWN¬Visible¬True¬True¬Sunrise Medical Practice (Ghattaora)¬Ilkeston Road¬Radford¬¬Nottingham¬Nottinghamshire¬NG7 3GW¬52.956340789794922¬-1.1676201820373535¬52R¬NHS Nottingham And Nottinghamshire CCG¬1159196662¬¬www.sunrisemedicalpractice.co.uk¬
5229¬C84714¬GP¬UNKNOWN¬Visible¬True¬True¬Sunrise Medical Practice - Clifton Campus Nottingham Trent University¬Student Services Centre,¬Nottingham Trent University, Clifton Campus¬Clifton Lane¬Nottingham¬Nottinghamshire¬NG11 8NS¬52.911617279052734¬-1.1831398010253906¬52R¬NHS Nottingham And Nottinghamshire CCG¬01158483100¬¬http://www.sunrisemedicalpractice.co.uk¬
5230¬C84717¬GP¬UNKNOWN¬Visible¬True¬True¬Dr Arun Tangri¬Riverlyn Medical Centre¬Station Road¬Bulwell¬Nottingham¬Nottinghamshire¬NG6 9AA¬52.999988555908203¬-1.1956440210342407¬52R¬NHS Nottingham And Nottinghamshire CCG¬01159752666¬¬http://www.riverlynmedicalcentre.co.uk/¬0115 975 8990
5233¬C85001¬GP¬UNKNOWN¬Visible¬True¬True¬Goldthorpe Medical Centre Pms Practice¬Goldthorpe Green¬Goldthorpe¬¬Rotherham¬South Yorkshire¬S63 9EH¬53.528102874755859¬-1.3109149932861328¬02P¬NHS Barnsley CCG¬01709886311¬¬http://www.goldthorpemedicalcentre.co.uk/¬01709 886296
5234¬C85003¬GP¬UNKNOWN¬Visible¬True¬True¬Ashville Medical Practice Pms Practice¬Thornton Road¬Kendray¬¬Barnsley¬South Yorkshire¬S70 3NE¬53.543075561523438¬-1.4568855762481689¬02P¬NHS Barnsley CCG¬01226729860¬¬http://www.ashvillemedicalpractice.co.uk¬01226 216002
5235¬C85004¬GP¬UNKNOWN¬Visible¬True¬False¬Penistone Group PMS Practice¬19 High Street¬Penistone¬¬Sheffield¬South Yorkshire¬S36 6BR¬53.524467468261719¬-1.6304397583007813¬02P¬NHS Barnsley CCG¬01226 762424¬¬http://www.penistonegrouppractice.co.uk¬01226 762984
5236¬C85004001¬GP¬UNKNOWN¬Visible¬True¬False¬Penistone Group Practice - Thurgoland Branch¬Roper Lane, Thurgoland¬¬¬Sheffield¬South Yorkshire¬S35 7AA¬53.506935119628906¬-1.5650367736816406¬02P¬NHS Barnsley CCG¬01226 762424¬¬http://www.penistonegrouppractice.co.uk¬
5237¬C85004002¬GP¬UNKNOWN¬Visible¬True¬False¬Penistone Group Practice - Silkstone Branch¬High Street¬Silkstone¬¬Barnsley¬South Yorkshire¬S75 4JN¬53.54833984375¬-1.564178466796875¬02P¬NHS Barnsley CCG¬01226 794911¬¬http://www.penistonegrouppractice.co.uk¬
5238¬C85005¬GP¬UNKNOWN¬Visible¬True¬True¬Royston Group Practice¬65D Midland Road¬Royston¬¬Barnsley¬South Yorkshire¬S71 4QW¬53.600006103515625¬-1.4510030746459961¬02P¬NHS Barnsley CCG¬01226700400¬¬http://www.roystongrouppractice.co.uk/¬01226 700648
5239¬C85006¬GP¬UNKNOWN¬Visible¬True¬True¬Woodland Drive Medical Centre¬Woodland Drive¬¬¬Barnsley¬South Yorkshire¬S70 6QW¬53.54852294921875¬-1.5065784454345703¬02P¬NHS Barnsley CCG¬01226282535¬wdmc.drali@nhs.net¬http://www.woodlanddrivemedicalcentre.co.uk/¬
5241¬C85007¬GP¬UNKNOWN¬Visible¬True¬True¬The Dove Valley Practice¬Powell Street¬Worsbrough¬¬Barnsley¬South Yorkshire¬S70 5NZ¬53.529148101806641¬-1.4601713418960571¬02P¬NHS Barnsley CCG¬01226648150¬¬http://www.thedovevalleypractice.co.uk¬01226 648159
5242¬C85008¬GP¬UNKNOWN¬Visible¬True¬True¬Hoyland First Pms Practice¬High Croft¬Hoyland¬¬Barnsley¬South Yorkshire¬S74 9AF¬53.499824523925781¬-1.4377046823501587¬02P¬NHS Barnsley CCG¬01226743221¬¬www.waldersladesurgery.co.uk¬01226 352401
5243¬C85009¬GP¬UNKNOWN¬Visible¬True¬True¬The Kakoty Practice¬170 Sheffield Road¬¬¬Barnsley¬South Yorkshire¬S70 4NW¬53.546401977539063¬-1.4734288454055786¬02P¬NHS Barnsley CCG¬03451220809¬julie.burton7@nhs.net¬http://www.thekakotypractice.nhs.uk¬01226 209966
5244¬C85009001¬GP¬UNKNOWN¬Visible¬True¬True¬The Kakoty Practice Worsbrough Health Centre¬Powell Street¬Worsbrough¬¬Barnsley¬South Yorkshire¬S70 5NZ¬53.529148101806641¬-1.4601713418960571¬02P¬NHS Barnsley CCG¬03451220819¬safehaven.c85009.nhs.uk¬www.thekakotypractice.nhs.uk¬01226 209966
5246¬C85010¬GP¬UNKNOWN¬Visible¬True¬True¬Hill Brow Surgery Pms Practice¬Long Croft¬Mapplewell¬¬Barnsley¬South Yorkshire¬S75 6FH¬53.587154388427734¬-1.5089964866638184¬02P¬NHS Barnsley CCG¬01226383131¬¬http://www.hillbrowbarnsley.co.uk¬01226 380100
5249¬C85023003¬GP¬UNKNOWN¬Visible¬True¬True¬Hollygreen Practice¬Great Houghton Medical Centre¬Oakhaven Avenue¬Great Houghton¬Barnsley¬South Yorkshire¬S72 0EJ¬53.552772521972656¬-1.3501517772674561¬02P¬NHS Barnsley CCG¬01226 273888¬sharoncopeland@nhs.net¬¬01226 753256
5250¬C85013¬GP¬UNKNOWN¬Visible¬True¬True¬Wombwell Gms Practice¬Mayflower Way¬Wombwell¬¬Barnsley¬South Yorkshire¬S73 0AJ¬53.522178649902344¬-1.3957036733627319¬02P¬NHS Barnsley CCG¬01226752361¬¬http://www.chapelfieldmedicalcentre.nhs.uk¬01226 341577
5251¬C85014002¬GP¬UNKNOWN¬Visible¬True¬True¬White Rose Medical Practice- Monk Bretton¬High Street¬Monk Bretton¬¬Barnsley¬South Yorkshire¬S71 2EQ¬53.566612243652344¬-1.4518733024597168¬02P¬NHS Barnsley CCG¬01226707281¬¬¬01226 280130
5252¬C85014¬GP¬UNKNOWN¬Visible¬True¬True¬The Rose Tree Pms Practice¬The Cudworth Centre¬Carlton Street¬Cudworth¬Barnsley¬South Yorkshire¬S72 8SU¬53.577850341796875¬-1.4168249368667603¬02P¬NHS Barnsley CCG¬01226707120¬barnccg.practicemanagerwrmp@nhs.net¬http://www.whiterosemedical.co.uk/¬01226 707298
5253¬C85010002¬GP¬UNKNOWN¬Visible¬True¬True¬Rotherham Road Medical Centre¬100 Rotherham Road¬¬¬Barnsley¬South Yorkshire¬S71 1UT¬53.573112487792969¬-1.4688839912414551¬02P¬NHS Barnsley CCG¬01226282587¬¬http://www.rotherhamroadmedicalcentre.nhs.uk¬01226 291900
5254¬C85016001¬GP¬UNKNOWN¬Visible¬True¬True¬Woodgrove Surgery¬2 Doncaster Road¬Wath Upon Dearne¬¬Rotherham¬South Yorkshire¬S63 7AL¬53.502246856689453¬-1.3355617523193359¬02P¬NHS Barnsley CCG¬01709763400¬¬www.woodgrovesurgery.co.uk¬01709 872899
5255¬C85016¬GP¬UNKNOWN¬Visible¬True¬True¬Dr Mellor And Partners¬1 Church Street¬Darfield¬¬Barnsley¬South Yorkshire¬S73 9JX¬53.533824920654297¬-1.3706740140914917¬02P¬NHS Barnsley CCG¬01226759622¬¬www.garlandhousesurgery.co.uk¬01226 759307
5256¬C85017001¬GP¬UNKNOWN¬Visible¬True¬True¬Burleigh Medical Centre¬Wakefield Road¬¬¬Barnsley¬South Yorkshire¬S71 1TH¬53.578220367431641¬-1.4796639680862427¬02P¬NHS Barnsley CCG¬01226720220¬¬http://www.parkgrovesurgery.nhs.uk/¬
5257¬C85017¬GP¬UNKNOWN¬Visible¬True¬True¬BURLEIGH MEDICAL CENTRE¬Burleigh Medical Centre¬Burleigh Street¬¬Barnsley¬South Yorkshire¬S70 1DR¬53.549526214599609¬-1.4767407178878784¬02P¬NHS Barnsley CCG¬01226704343¬¬http://www.burleighmedicalcentre.co.uk¬
5258¬C85018¬GP¬UNKNOWN¬Visible¬True¬True¬Grimethorpe Surgery¬Acorn Way¬Grimethorpe¬¬Barnsley¬South Yorkshire¬S72 7NZ¬53.573616027832031¬-1.3789632320404053¬02P¬NHS Barnsley CCG¬01226716809¬¬¬01226 712999
5259¬C85018001¬GP¬UNKNOWN¬Visible¬True¬True¬Grimethorpe Surgery, Cudworth¬Carlton Street¬Cudworth¬¬Barnsley¬South Yorkshire¬S72 8SU¬53.577850341796875¬-1.4168249368667603¬02P¬NHS Barnsley CCG¬01226707110¬¬¬01226 707295
5260¬C85019001¬GP¬UNKNOWN¬Visible¬True¬True¬Birdwell Medical Centre  ¬¬113-115 Sheffield Road¬Birdwell¬Barnsley¬South Yorkshire¬S70 5TA¬53.505695343017578¬-1.4797681570053101¬02P¬NHS Barnsley CCG¬01226 748412¬¬¬
5261¬C85019¬GP¬UNKNOWN¬Visible¬True¬True¬The Grove Medical Practice¬124-126 Park Grove¬¬¬Barnsley¬South Yorkshire¬S70 1QE¬53.547084808349609¬-1.4859617948532104¬02P¬NHS Barnsley CCG¬01226288651¬¬http://www.thegrovemedicalpractice.co.uk¬01226 213279
5262¬C85020001¬GP¬UNKNOWN¬Visible¬True¬True¬Barugh Green Surgery¬44 Cawthorne Road¬Barugh Green¬¬Barnsley¬South Yorkshire¬S75 1LQ¬53.568248748779297¬-1.5332236289978027¬02P¬NHS Barnsley CCG¬01226384505¬¬http://www.huddersfieldroadsurgery.co.uk¬01226 380418
5263¬C85020¬GP¬UNKNOWN¬Visible¬True¬True¬Huddersfield Road Partnership¬6 Huddersfield Road¬¬¬Barnsley¬South Yorkshire¬S70 2LT¬53.55816650390625¬-1.4856162071228027¬02P¬NHS Barnsley CCG¬01226203420¬¬http://www.huddersfieldroadsurgery.co.uk¬01226 731245
5264¬C85023¬GP¬UNKNOWN¬Visible¬True¬True¬Hollygreen Practice¬The Goldthorpe Centre¬¬¬Rotherham¬South Yorkshire¬S63 9EH¬53.528102874755859¬-1.3109149932861328¬02P¬NHS Barnsley CCG¬01709886490¬¬http://www.hollygreenpractice.nhs.uk¬01709 886303
5265¬C85023001¬GP¬UNKNOWN¬Visible¬True¬True¬Hollygreen Practice (Thurnscoe)¬Hollybush Drive¬¬¬Thurnscoe¬South Yorkshire¬S63 0LT¬53.546379089355469¬-1.3098788261413574¬02P¬NHS Barnsley CCG¬01709886490¬¬http://www.hollygreenpractice.nhs.uk¬01709 886 436
5266¬C85022001¬GP¬UNKNOWN¬Visible¬True¬True¬Wood Jd ( High Green )¬1 Jeffcock Road¬High Green¬¬Sheffield¬South Yorkshire¬S35 4HJ¬53.472343444824219¬-1.4872868061065674¬02P¬NHS Barnsley CCG¬01142846722¬¬¬0114 284 4556
5267¬C85022¬GP¬UNKNOWN¬Visible¬True¬True¬Hoyland Medical Practice¬High Croft¬Hoyland¬¬Barnsley¬South Yorkshire¬S74 9AF¬53.499824523925781¬-1.4377046823501587¬02P¬NHS Barnsley CCG¬01226355800¬¬http://www.hoylandmedicalpractice.nhs.uk¬01226 355798
5268¬C85024¬GP¬UNKNOWN¬Visible¬True¬True¬High Street Practice¬48 High Street¬Royston¬¬Barnsley¬South Yorkshire¬S71 4RF¬53.597927093505859¬-1.4582979679107666¬02P¬NHS Barnsley CCG¬01226722314¬¬http://www.drscravenandczepulkowski.nhs.uk/¬01226 728996
5269¬C85026¬GP¬UNKNOWN¬Visible¬True¬True¬Apollo Court Medical Centre¬High Street¬Dodworth¬¬Barnsley¬South Yorkshire¬S75 3RF¬53.542366027832031¬-1.5248011350631714¬02P¬NHS Barnsley CCG¬01226208999¬¬http://www.apollocourtmc.co.uk¬
5271¬C85028¬GP¬UNKNOWN¬Visible¬True¬True¬Lundwood Medical Centre PMS Practice¬Pontefract Road¬Lundwood¬¬Barnsley¬South Yorkshire¬S71 5PN¬53.557712554931641¬-1.4385228157043457¬02P¬NHS Barnsley CCG¬03451227269¬¬¬01226 731055
5272¬C85028002¬GP¬UNKNOWN¬Visible¬True¬True¬Dr John Harban ( Monk Bretton )¬High Street¬Monk Bretton¬¬Barnsley¬South Yorkshire¬S71 2EQ¬53.566612243652344¬-1.4518733024597168¬02P¬NHS Barnsley CCG¬03451227698¬¬http://217.199.187.192/lundwoodmedicalcentre.nhs.uk/¬
5273¬C85028001¬GP¬UNKNOWN¬Visible¬True¬True¬Dr John Harban¬Carlton Street¬Cudworth¬¬Barnsley¬South Yorkshire¬S72 8SU¬53.577850341796875¬-1.4168249368667603¬02P¬NHS Barnsley CCG¬03451227281¬¬¬
5274¬C85030¬GP¬UNKNOWN¬Visible¬True¬True¬Wombwell Medical Centre Practice¬George Street¬Wombwell¬¬Barnsley¬South Yorkshire¬S73 0DD¬53.521900177001953¬-1.3989052772521973¬02P¬NHS Barnsley CCG¬01226752470¬¬http://www.wombwellmedicalcentre.nhs.uk/¬01226 270828
5275¬C85033¬GP¬UNKNOWN¬Visible¬True¬True¬Victoria Medical Centre¬7 Victoria Crescent West¬¬¬Barnsley¬South Yorkshire¬S75 2AE¬53.556705474853516¬-1.4908117055892944¬02P¬NHS Barnsley CCG¬01226282758¬¬http://www.victoriamedicalcentre.org.uk/¬01226 729800
5281¬C85614¬GP¬UNKNOWN¬Visible¬True¬True¬Darton Health Centre Practice¬Church Street¬Darton¬¬Barnsley¬South Yorkshire¬S75 5HQ¬53.586071014404297¬-1.5300817489624023¬02P¬NHS Barnsley CCG¬01226219123¬¬¬01226 213892
5283¬C85619¬GP¬UNKNOWN¬Visible¬True¬True¬St George's Medical Centre Pms Practice¬Wakefield Road¬¬¬Barnsley¬South Yorkshire¬S71 1TH¬53.578220367431641¬-1.4796639680862427¬02P¬NHS Barnsley CCG¬01226720207¬¬http://www.stgeorgesmedicalpractice.co.uk/¬01226 720297
5285¬Y00411001¬GP¬UNKNOWN¬Visible¬True¬True¬Goldthorpe First PMS Practice¬Goldthorpe Green¬¬¬Barnsley¬South Yorkshire¬S63 9EH¬53.528102874755859¬-1.3109149932861328¬02P¬NHS Barnsley CCG¬¬¬¬
5286¬C85622¬GP¬UNKNOWN¬Visible¬True¬True¬Dr A Munzar¬High Street¬Monk Bretton¬¬Barnsley¬South Yorkshire¬S71 2EQ¬53.566612243652344¬-1.4518733024597168¬02P¬NHS Barnsley CCG¬01226771707¬¬¬01226 779874
5287¬C85623¬GP¬UNKNOWN¬Visible¬True¬True¬Kingswell Surgery Pms Practice¬40 Shrewsbury Road¬Penistone¬¬Sheffield¬South Yorkshire¬S36 6DY¬53.525779724121094¬-1.6281790733337402¬02P¬NHS Barnsley CCG¬01226765300¬¬http://www.kingswellsurgery.co.uk¬01226 763753
5294¬C86001¬GP¬UNKNOWN¬Visible¬True¬True¬Great North Medical Group¬Chestnut Avenue¬Carcroft¬¬Doncaster¬South Yorkshire¬DN6 8AG¬53.583324432373047¬-1.1860042810440063¬02X¬NHS Doncaster CCG¬01302723510¬¬http://www.carcroftdoctorsgroup.co.uk¬01302 726424
5295¬C86002002¬GP¬UNKNOWN¬Visible¬True¬True¬Woodside Surgery¬Woodside Road¬Woodlands¬¬Doncaster¬South Yorkshire¬DN6 7JR¬53.561542510986328¬-1.1988325119018555¬02X¬NHS Doncaster CCG¬01302330212¬¬¬01302 727547
5296¬C86002¬GP¬UNKNOWN¬Visible¬True¬True¬The Ransome Practice¬Askern Road¬Bentley¬¬Doncaster¬South Yorkshire¬DN5 0JX¬53.551021575927734¬-1.1484824419021606¬02X¬NHS Doncaster CCG¬01302874416¬¬¬01302 875820
5298¬C86003¬GP¬UNKNOWN¬Visible¬True¬True¬Hatfield Health Centre¬Ash Hill Road¬Hatfield¬¬Doncaster¬South Yorkshire¬DN7 6JH¬53.574794769287109¬-1.0084296464920044¬02X¬NHS Doncaster CCG¬01302 897600¬¬http://www.hatfieldhealthcentre.co.uk¬01302 351862
5299¬C86005¬GP¬UNKNOWN¬Visible¬True¬True¬Mexborough Health Centre¬Adwick Road¬¬¬Mexborough¬South Yorkshire¬S64 0BY¬53.494239807128906¬-1.2797796726226807¬02X¬NHS Doncaster CCG¬01709590590¬¬¬01709 578166
5300¬C86006¬GP¬UNKNOWN¬Visible¬True¬True¬The Regent Square Group Practice¬8-9 Regent Square¬¬¬Doncaster¬South Yorkshire¬DN1 2DS¬53.522193908691406¬-1.1259676218032837¬02X¬NHS Doncaster CCG¬01302 819999¬¬https://www.regentsquaregrouppractice.nhs.uk¬01302 819990
5301¬C86007¬GP¬UNKNOWN¬Visible¬True¬True¬The Burns Medical Practice DN1 2EG¬4 Albion Place¬Bennetthorpe¬¬Doncaster¬South Yorkshire¬DN1 2EG¬53.520687103271484¬-1.1230725049972534¬02X¬NHS Doncaster CCG¬01302810888¬albion.reception@nhs.net¬http://www.burnspractice.co.uk/¬01302 812150
5302¬C86007001¬GP¬UNKNOWN¬Visible¬True¬True¬Burns Medical Practice¬Goodison Boulevard¬Cantley¬¬Doncaster¬South Yorkshire¬DN4 6NJ¬53.508365631103516¬-1.0765830278396606¬02X¬NHS Doncaster CCG¬01302534487¬cantley.reception@nhs.net¬http://www.burnspractice.co.uk/¬01302 539325
5303¬C86009¬GP¬UNKNOWN¬Visible¬True¬True¬The Mayflower Medical Practice¬The Health Centre¬Station Road¬Bawtry¬Doncaster¬South Yorkshire¬DN10 6RQ¬53.431873321533203¬-1.0194348096847534¬02X¬NHS Doncaster CCG¬01302710326¬¬http://www.mayflowermedicalpractice.nhs.uk¬
5304¬C86009001¬GP¬UNKNOWN¬Visible¬True¬True¬The Mayflower Medical Practice (Finningley Branch)¬The Green¬Doncaster Road¬Finningley¬Doncaster¬South Yorkshire¬DN9 3BN¬53.486404418945313¬-0.99080908298492432¬02X¬NHS Doncaster CCG¬01302770391¬¬http://www.mayflowermedicalpractice.nhs.uk¬
5305¬C86011001¬GP¬UNKNOWN¬Visible¬True¬True¬Bessacarr Medical Centre¬36 Nostell Place¬West Bessacarr¬¬Doncaster¬South Yorkshire¬DN4 7JA¬53.500190734863281¬-1.0879619121551514¬02X¬NHS Doncaster CCG¬01302539387¬donccg.bess@nhs.net¬http://www.mountgrouppractice.co.uk¬01302 371873
5306¬C86011¬GP¬UNKNOWN¬Visible¬True¬True¬The Mount Group Practice¬54 Thorne Road¬¬¬Doncaster¬South Yorkshire¬DN1 2JP¬53.525897979736328¬-1.1223313808441162¬02X¬NHS Doncaster CCG¬01302361222¬donccg.mgp@nhs.net¬https://www.mountgrouppractice.co.uk¬01302 367833
5307¬C86012¬GP¬UNKNOWN¬Visible¬True¬True¬Drs Phillips, Harding And Eggitt¬Masham Road¬Cantley¬¬Doncaster¬South Yorkshire¬DN4 6BU¬53.506610870361328¬-1.0739222764968872¬02X¬NHS Doncaster CCG¬01302537611¬oakwood.surgery@nhs.net¬http://www.theoakwoodsurgery.co.uk¬01302 371804
5308¬C86013001¬GP¬UNKNOWN¬Visible¬True¬True¬The Colliery Surgery¬Harworth Primary Care Centre¬Harworth¬¬Doncaster¬South Yorkshire¬DN11 8JT¬53.4166259765625¬-1.0696789026260376¬02X¬NHS Doncaster CCG¬01302 986666¬¬¬01302 752609
5309¬C86013¬GP¬UNKNOWN¬Visible¬True¬True¬The Tickhill & Colliery Medical Practice¬25 St Marys Road¬Tickhill¬¬Doncaster¬South Yorkshire¬DN11 9NA¬53.433048248291016¬-1.1107584238052368¬02X¬NHS Doncaster CCG¬01302742503¬reception@gp-c86013.nhs.uk¬http://www.thetickhillsurgery.co.uk¬01302 752293
5310¬C86001001¬GP¬UNKNOWN¬Visible¬True¬True¬Princess Medical Centre¬Princess Street¬Woodlands¬¬Doncaster¬South Yorkshire¬DN6 7LX¬53.562744140625¬-1.1918648481369019¬02X¬NHS Doncaster CCG¬01302723406¬¬¬01302 723433
5311¬C86015¬GP¬UNKNOWN¬Visible¬True¬True¬The Rossington Practice¬Grange Lane¬Rossington¬¬Doncaster¬South Yorkshire¬DN11 0LP¬53.475940704345703¬-1.0750570297241211¬02X¬NHS Doncaster CCG¬01302868421¬¬¬01302 863622
5312¬C86016¬GP¬UNKNOWN¬Visible¬True¬True¬The Lakeside Practice¬Spa Pool Road¬Askern¬¬Doncaster¬South Yorkshire¬DN6 0HZ¬53.615497589111328¬-1.1488940715789795¬02X¬NHS Doncaster CCG¬01302700212¬lakesidepractice@gp-c86016.nhs.uk¬http://www.lakesidepractice.co.uk¬01302 707870
5313¬C86017¬GP¬UNKNOWN¬Visible¬True¬True¬Kingthorne Group Practice¬Kingthorne House 83A¬Thorne Road¬¬Doncaster¬South Yorkshire¬DN1 2EU¬53.52593994140625¬-1.1232205629348755¬02X¬NHS Doncaster CCG¬01302342832¬reception@gp-c86017.nhs.uk¬¬01302 366995
5314¬C86017001¬GP¬UNKNOWN¬Visible¬True¬True¬The Kingthorne Group Practice¬37 Church Balk¬Edenthorpe¬¬Doncaster¬South Yorkshire¬DN3 2LX¬53.554439544677734¬-1.0683498382568359¬02X¬NHS Doncaster CCG¬01302342832¬reception@gp-c86017.nhs.uk¬¬
5315¬C86018¬GP¬UNKNOWN¬Visible¬True¬True¬Northfield Surgery¬Fieldside¬Thorne¬¬Doncaster¬South Yorkshire¬DN8 4BQ¬53.613628387451172¬-0.96632832288742065¬02X¬NHS Doncaster CCG¬01405812121¬northfield.surgery@nhs.net¬http://www.northfieldsurgery.co.uk/home¬01405 741059
5316¬C86019¬GP¬UNKNOWN¬Visible¬True¬True¬The Scott Practice¬Greenfield Lane¬Balby¬¬Doncaster¬South Yorkshire¬DN4 0TG¬53.507061004638672¬-1.151414155960083¬02X¬NHS Doncaster CCG¬01302850546¬don-pct.c86019@nhs.net¬http://www.thescottpractice.co.uk/¬01302 851940
5317¬C86019001¬GP¬UNKNOWN¬Visible¬True¬True¬The Scott Practice¬Main Street¬Sprotbrough¬¬Doncaster¬South Yorkshire¬DN5 7RH¬53.511539459228516¬-1.1906826496124268¬02X¬NHS Doncaster CCG¬01302853376¬rose.fells@gp-c86019.nhs.uk¬http://www.thescottpractice.co.uk/¬01302 311635
5318¬C86020¬GP¬UNKNOWN¬Visible¬True¬True¬St.Johns Group Practice¬Greenfield Lane¬Balby¬¬Doncaster¬South Yorkshire¬DN4 0TH¬53.507053375244141¬-1.1519268751144409¬02X¬NHS Doncaster CCG¬01302854521¬donccg.stjohns-group-practice@nhs.net¬¬01302 310823
5319¬C86021¬GP¬UNKNOWN¬Visible¬True¬True¬White House Farm Medical Centre¬Church Street¬Armthorpe¬¬Doncaster¬South Yorkshire¬DN3 3AH¬53.536430358886719¬-1.0585452318191528¬02X¬NHS Doncaster CCG¬01302831437¬white-house-farm-medical-centre@nhs.net¬http://www.whitehousefarmmedical.nhs.uk¬01302 300623
5320¬C86022¬GP¬UNKNOWN¬Visible¬True¬True¬The Sandringham Practice¬Sandringham Road¬Intake¬¬Doncaster¬South Yorkshire¬DN2 5JH¬53.533950805664062¬-1.0982508659362793¬02X¬NHS Doncaster CCG¬01302321521¬contact.sandringham@nhs.net¬http://www.thesandringhampractice.co.uk/¬01302 342534
5321¬C86023¬GP¬UNKNOWN¬Visible¬True¬True¬Bentley Surgery¬128 High Street¬Bentley¬¬Doncaster¬South Yorkshire¬DN5 0AT¬53.546054840087891¬-1.1467709541320801¬02X¬NHS Doncaster CCG¬01302874551¬¬http://www.bentleysurgery.co.uk¬01302 820920
5322¬C86024¬GP¬UNKNOWN¬Visible¬True¬True¬Conisbrough Group Practice¬The Stone Castle Centre¬Gardens Lane¬Conisbrough¬Doncaster¬South Yorkshire¬DN12 3JW¬53.482284545898437¬-1.2376376390457153¬02X¬NHS Doncaster CCG¬01709860016¬donccg.cgpreception@nhs.net¬http://www.conisbroughgrouppractice.co.uk¬01709 863543
5323¬C86025¬GP¬UNKNOWN¬Visible¬True¬True¬Frances Street Medical Centre¬2 Frances Street¬¬¬Doncaster¬South Yorkshire¬DN1 1JS¬53.524013519287109¬-1.1303950548171997¬02X¬NHS Doncaster CCG¬01302 349431¬donccg.frances-steet@nhs.net¬http://www.medicalcentredoncaster.co.uk¬01302 247622
5324¬C86026¬GP¬UNKNOWN¬Visible¬True¬True¬The Edlington Practice¬The Martinwells Centre¬Thompson Avenue, Edlington¬¬Doncaster¬South Yorkshire¬DN12 1JD¬53.480789184570313¬-1.193497896194458¬02X¬NHS Doncaster CCG¬01709915760¬donccg.the-edlington-practice@nhs.net¬http://www.theedlingtonpractice.nhs.uk¬
5325¬C86029001¬GP¬UNKNOWN¬Visible¬True¬True¬Holly Bush Health Centre¬Church Balk¬Edenthorpe¬¬Doncaster¬South Yorkshire¬DN3 2PP¬53.55633544921875¬-1.0715236663818359¬02X¬NHS Doncaster CCG¬01302890440¬hollybush.reception@gp-c86029.nhs.uk¬¬01302 880967
5326¬C86029¬GP¬UNKNOWN¬Visible¬True¬True¬St Vincent Medical Centre¬77 Thorne Road¬¬¬Doncaster¬South Yorkshire¬DN1 2ET¬53.525478363037109¬-1.1240144968032837¬02X¬NHS Doncaster CCG¬01302361318¬reception@gp-c86029.nhs.uk¬http://www.stvincentpractice.co.uk¬01302 366876
5328¬C86032001¬GP¬UNKNOWN¬Visible¬True¬True¬Arksey Lane Surgery¬2 Arksey Lane¬Bentley¬¬Doncaster¬South Yorkshire¬DN5 0RR¬53.5479736328125¬-1.143246054649353¬02X¬NHS Doncaster CCG¬01302874219¬donccg.doncaster.scawsbyhc@nhs.net¬¬
5329¬C86032¬GP¬UNKNOWN¬Visible¬True¬True¬Scawsby Health Centre Practice¬Barnsley Road¬Scawsby¬¬Doncaster¬South Yorkshire¬DN5 8QE¬53.536785125732422¬-1.1679909229278564¬02X¬NHS Doncaster CCG¬01302782208¬donccg.doncaster.scawsbyhc@nhs.net¬¬01302 390897
5330¬C86033¬GP¬UNKNOWN¬Visible¬True¬True¬The Nayar Practice¬The Martinwells Centre¬Thompson Avenue, Edlington¬¬Doncaster¬South Yorkshire¬DN12 1JD¬53.480789184570313¬-1.193497896194458¬02X¬NHS Doncaster CCG¬01709 915 780¬¬http://www.thenayarpractice.co.uk¬01709 770095
5331¬C86034¬GP¬UNKNOWN¬Visible¬True¬True¬The New Surgery¬Adwick Road¬¬¬Mexborough¬South Yorkshire¬S64 0DB¬53.494625091552734¬-1.2810693979263306¬02X¬NHS Doncaster CCG¬01709511800¬thenewsurgery@gp-c86034.nhs.uk¬http://www.newsurgery.co.uk/¬01709 512433
5332¬C86037¬GP¬UNKNOWN¬Visible¬True¬True¬Field Road Surgery¬Field Road¬Stainforth¬¬Doncaster¬South Yorkshire¬DN7 5AF¬53.600181579589844¬-1.029671311378479¬02X¬NHS Doncaster CCG¬01302841202¬¬http://www.fieldroadsurgery.nhs.uk¬01302 351 725
5333¬C86037001¬GP¬UNKNOWN¬Visible¬True¬True¬The Barnby Dun Surgery¬Stainforth Road¬Barnby Dun¬¬Doncaster¬South Yorkshire¬DN3 1AA¬53.578697204589844¬-1.067680835723877¬02X¬NHS Doncaster CCG¬01302841202¬¬http://www.fieldroadsurgery.nhs.uk¬
5334¬C86038¬GP¬UNKNOWN¬Visible¬True¬True¬Petersgate Medical Centre¬99 Amersall Road¬¬¬Doncaster¬South Yorkshire¬DN5 9PQ¬53.544414520263672¬-1.1652003526687622¬02X¬NHS Doncaster CCG¬01302390490¬donccg.petersgate@nhs.net¬http://www.petersgatemedicalcentre.nhs.uk¬
5335¬C86609¬GP¬UNKNOWN¬Visible¬True¬True¬The Village Group Practice, Armthorpe Surgery¬Mere Lane¬Armthorpe¬¬Doncaster¬South Yorkshire¬DN3 2DB¬53.539710998535156¬-1.06180739402771¬02X¬NHS Doncaster CCG¬01302 300322¬reception@gp-c86039.nhs.uk¬http://www.thevillagegrouppractice.co.uk¬01302 300737
5338¬C86605¬GP¬UNKNOWN¬Visible¬True¬True¬Askern Medical Practice¬The White Wings Centre¬Spa Pool Road, Askern¬¬Doncaster¬South Yorkshire¬DN6 0HZ¬53.615497589111328¬-1.1488940715789795¬02X¬NHS Doncaster CCG¬01302700378¬claire.davis2@nhs.net¬http://www.askernmedicalpractice.co.uk/¬01302 708006
5339¬C86605001¬GP¬UNKNOWN¬Visible¬True¬True¬Mexborough Medical Practice¬Mexborough Integrated Healthcare Centre¬Alagu Close Off Highwoods Road¬¬Mexborough¬South Yorkshire¬S64 9AE¬53.498271942138672¬-1.3044719696044922¬02X¬NHS Doncaster CCG¬01709514443¬hannah.shephered-westcott@nhs.net¬http://www.askernmedicalpractice.co.uk/¬01709 515038
5340¬C86606¬GP¬UNKNOWN¬Visible¬True¬True¬Barnburgh Surgery¬Fox Lane¬Barnburgh¬¬Doncaster¬South Yorkshire¬DN5 7ET¬53.522373199462891¬-1.2695889472961426¬02X¬NHS Doncaster CCG¬01709882032¬donccg.barnburghsurgery@nhs.net¬http://www.barnburghsurgery.nhs.uk¬01709 888944
5341¬C86626¬GP¬UNKNOWN¬Visible¬True¬True¬Dr Syeda Aliya Zaidi¬Newton Lane¬Sprotbrough¬¬Doncaster¬South Yorkshire¬DN5 8DA¬53.521575927734375¬-1.1615467071533203¬02X¬NHS Doncaster CCG¬01302787909¬linda.faulkner@nhs.net¬¬01302 786301
5342¬C86609001¬GP¬UNKNOWN¬Visible¬True¬True¬Auckley Surgery¬The Village Group Practice, Auckley Surgery¬41 Ellers Lane¬Auckley¬Doncaster¬South Yorkshire¬DN9 3HY¬53.503028869628906¬-1.0182914733886719¬02X¬NHS Doncaster CCG¬01302 770327¬¬https://www.thevillagegrouppractice.co.uk¬01302 771302
5343¬C86611¬GP¬UNKNOWN¬Visible¬True¬True¬Dunsville Medical Centre¬126-128 High Street¬Dunsville¬¬Doncaster¬South Yorkshire¬DN7 4BY¬53.562541961669922¬-1.0278151035308838¬02X¬NHS Doncaster CCG¬01302890108¬donccg.dunsville-mc@nhs.net¬http://dunsvillemedicalcentre.nhs.uk/¬
5345¬C86613001¬GP¬UNKNOWN¬Visible¬True¬True¬The Nelson Practice¬Newton Lane¬Sprotbrough¬¬Doncaster¬South Yorkshire¬DN5 8DA¬53.521575927734375¬-1.1615467071533203¬02X¬NHS Doncaster CCG¬01302787112¬nelson.practice@nhs.uk¬http://www.thenelsonpractice.co.uk¬01302 800965
5346¬C86613¬GP¬UNKNOWN¬Visible¬True¬True¬The Nelson Practice¬Amersall Road¬Scawthorpe¬¬Doncaster¬South Yorkshire¬DN5 9PQ¬53.544414520263672¬-1.1652003526687622¬02X¬NHS Doncaster CCG¬01302780704¬nelson.practice@nhs.uk¬http://www.thenelsonpractice.co.uk¬01302 784708
5347¬C86614¬GP¬UNKNOWN¬Visible¬True¬True¬Chestnut House Surgery¬The Vermuyden Centre¬Fieldside¬Thorne¬Doncaster¬South Yorkshire¬DN8 4BQ¬53.613945007324219¬-0.96563839912414551¬02X¬NHS Doncaster CCG¬01405 631271¬¬http://www.thornemoormedicalpractice.co.uk¬01405 741063
5348¬C86616¬GP¬UNKNOWN¬Visible¬True¬True¬Denaby Medical Practice¬Denaby Springwell Centre¬Church Road¬Denaby Main¬Doncaster¬South Yorkshire¬DN12 4AB¬53.490669250488281¬-1.2457770109176636¬02X¬NHS Doncaster CCG¬01709514443¬¬http://www.askernmedicalpractice.co.uk¬01709 868054
5349¬C86621¬GP¬UNKNOWN¬Visible¬True¬True¬West End Clinic¬West End Lane¬Rossington¬¬Doncaster¬South Yorkshire¬DN11 0PQ¬53.4796142578125¬-1.0826319456100464¬02X¬NHS Doncaster CCG¬01302865865¬¬¬01302 868346
5351¬C86625¬GP¬UNKNOWN¬Visible¬True¬True¬Conisbrough Medical Practice¬Gardens Lane¬Conisbrough¬¬Doncaster¬South Yorkshire¬DN12 3JW¬53.482284545898437¬-1.2376376390457153¬02X¬NHS Doncaster CCG¬01709514443¬reception@gp-c86625.nhs.uk¬¬01709 858712
5352¬C87002¬GP¬UNKNOWN¬Visible¬True¬True¬Dinnington Group Practice¬New Street¬Dinnington¬¬Sheffield¬South Yorkshire¬S25 2EZ¬53.369575500488281¬-1.2073074579238892¬03L¬NHS Rotherham CCG¬01909569456¬¬http://www.dinningtongrouppractice.co.uk/¬01909 569657
5353¬C87003¬GP¬UNKNOWN¬Visible¬True¬True¬Woodstock Bower Surgery¬1 Kimberworth Road¬¬¬Rotherham¬South Yorkshire¬S61 1AH¬53.431385040283203¬-1.3780574798583984¬03L¬NHS Rotherham CCG¬01709560005¬¬http://www.woodstockbower.co.uk¬01709 740690
5354¬C87004001¬GP¬UNKNOWN¬Visible¬True¬True¬Harthill Branch Surgery¬Woodall Lane¬Harthill¬¬Sheffield¬South Yorkshire¬S26 7YQ¬53.320217132568359¬-1.2635565996170044¬03L¬NHS Rotherham CCG¬01909773280¬¬¬
5355¬C87004¬GP¬UNKNOWN¬Visible¬True¬True¬Kiveton Park Medical Practice¬Kiveton Park Primary Care Centre¬Chapel Way¬Kiveton Park¬Sheffield¬South Yorkshire¬S26 6QU¬53.339286804199219¬-1.2701067924499512¬03L¬NHS Rotherham CCG¬01909770213¬¬http://www.kivetonparkmedicalpractice.co.uk¬
5356¬C87005¬GP¬UNKNOWN¬Visible¬True¬True¬St Ann's Medical Centre¬Rotherham Health Village¬Doncaster Gate¬¬Rotherham¬South Yorkshire¬S65 1DA¬53.430381774902344¬-1.3525691032409668¬03L¬NHS Rotherham CCG¬01709375500¬¬http://www.stannsmedicalcentre.co.uk¬01709 836593
5357¬C87005001¬GP¬UNKNOWN¬Visible¬True¬True¬St Ann's Medical Centre¬240 Kimberworth Park Road¬Kimberworth¬¬Rotherham¬South Yorkshire¬S61 3JN¬53.443065643310547¬-1.3931831121444702¬03L¬NHS Rotherham CCG¬01709375500¬¬http://www.stannsmedicalcentre.co.uk/¬
5358¬C87006002¬GP¬UNKNOWN¬Visible¬True¬True¬Magna Group Practice¬Valley Health Centre¬Saville Street¬Dalton¬Rotherham¬South Yorkshire¬S65 3HD¬53.441749572753906¬-1.3184038400650024¬03L¬NHS Rotherham CCG¬01709851414¬cheryl.ramsey@c87019.nhs.uk¬¬01709 852882
5359¬C87006¬GP¬UNKNOWN¬Visible¬True¬True¬Magna Group Practice¬Highthorn Road¬Kilnhurst¬¬Rotherham¬South Yorkshire¬S64 5UP¬53.476963043212891¬-1.307072639465332¬03L¬NHS Rotherham CCG¬01709582522¬¬¬01709 578691
5360¬C87006003¬GP¬UNKNOWN¬Visible¬True¬True¬Magna Group Practice -Wath Health Centre¬35 Church Street¬Wath Upon Dearne¬¬Rotherham¬South Yorkshire¬S63 7RF¬53.50177001953125¬-1.3485345840454102¬03L¬NHS Rotherham CCG¬01709873233¬¬http://www.magnagrouppractice.co.uk/¬
5361¬C87007001¬GP¬UNKNOWN¬Visible¬True¬True¬Rose Court Surgery¬121 Bawtry Road¬Wickersley¬¬Rotherham¬South Yorkshire¬S66 2BL¬53.420650482177734¬-1.2875990867614746¬03L¬NHS Rotherham CCG¬01709541982¬¬http://www.stagmedicalcentre.co.uk¬
5362¬C87007¬GP¬UNKNOWN¬Visible¬True¬True¬Stag Medical Centre¬162 Wickersley Road¬¬¬Rotherham¬South Yorkshire¬S60 4JW¬53.418209075927734¬-1.3191170692443848¬03L¬NHS Rotherham CCG¬01709364990¬¬http://www.stagmedicalcentre.co.uk¬01709 820431
5363¬C87008¬GP¬UNKNOWN¬Visible¬True¬True¬Swallownest Health Centre¬Worksop Road¬Swallownest¬¬Sheffield¬South Yorkshire¬S26 4WD¬53.362979888916016¬-1.3170822858810425¬03L¬NHS Rotherham CCG¬0114 4333888¬¬http://swallownesthealthcentre.co.uk/¬0114 2879113
5364¬C87009¬GP¬UNKNOWN¬Visible¬True¬True¬Brinsworth & Whiston Medical Centres¬171 Bawtry Road¬Brinsworth¬¬Rotherham¬South Yorkshire¬S60 5ND¬53.407840728759766¬-1.3806723356246948¬03L¬NHS Rotherham CCG¬01709828806¬¬https://www.brinsworthmedicalcentre.co.uk¬01709 382817
5365¬C87010¬GP¬UNKNOWN¬Visible¬True¬True¬York Road Surgery¬York Road¬Eastwood¬¬Rotherham¬South Yorkshire¬S65 1PW¬53.435092926025391¬-1.3485608100891113¬03L¬NHS Rotherham CCG¬01709836290¬yorkroad.surgery@nhs.net¬¬01709 371353
5366¬C87012002¬GP¬UNKNOWN¬Visible¬True¬True¬Kimberworth Park Medical Centre¬Langdon Road¬¬¬Rotherham¬South Yorkshire¬S61 3QH¬53.440410614013672¬-1.3940639495849609¬03L¬NHS Rotherham CCG¬01709551157¬¬http://www.drpatelandpartners.co.uk/¬
5367¬C87012¬GP¬UNKNOWN¬Visible¬True¬True¬Dr Patel And Partners¬70 Broom Lane¬¬¬Rotherham¬South Yorkshire¬S60 3EW¬53.417385101318359¬-1.3322956562042236¬03L¬NHS Rotherham CCG¬01709724738¬¬http://www.drpatelandpartners.co.uk/¬01709 820009
5368¬C87013¬GP¬UNKNOWN¬Visible¬True¬True¬Parkgate Medical Centre¬Netherfield Lane¬Parkgate¬¬Rotherham¬South Yorkshire¬S62 6AW¬53.455455780029297¬-1.342782735824585¬03L¬NHS Rotherham CCG¬01709514501¬¬www.parkgatemedicalcentre.co.uk¬01709 514490
5369¬C87013001¬GP¬UNKNOWN¬Visible¬True¬True¬Thorogate Medical Centre¬Thorogate¬Rawmarsh¬¬Rotherham¬South Yorkshire¬S62 7HU¬53.471595764160156¬-1.3468121290206909¬03L¬NHS Rotherham CCG¬01709529875¬¬www.parkgatemedicalcentre.co.uk¬01709 529988
5370¬C87014¬GP¬UNKNOWN¬Visible¬True¬True¬Treeton Medical Centre¬10 Arundel Street¬Treeton¬¬Rotherham¬South Yorkshire¬S60 5PW¬53.384998321533203¬-1.3546929359436035¬03L¬NHS Rotherham CCG¬01142692600¬¬http://www.treeton.gpsurgery.net¬0114 2693296
5371¬C87015¬GP¬UNKNOWN¬Visible¬True¬True¬Dr Clarke & Partners, Wickersley Health Centre¬Poplar Glade¬Wickersley¬¬Rotherham¬South Yorkshire¬S66 2JQ¬53.422309875488281¬-1.2796560525894165¬03L¬NHS Rotherham CCG¬01709543177¬¬http://www.drpjclarkeandpartners.co.uk/¬01709 702470
5372¬C87016001¬GP¬UNKNOWN¬Visible¬True¬True¬Ravenfield Medical Centre¬8 Hollings Lane¬Ravenfield¬¬Rotherham¬South Yorkshire¬S65 4PU¬53.43804931640625¬-1.268180251121521¬03L¬NHS Rotherham CCG¬01709532340¬¬http://www.morthenroadsurgery.co.uk¬
5373¬C87016¬GP¬UNKNOWN¬Visible¬True¬True¬Morthen Road Group Practice¬2 Morthen Road¬Wickersley¬¬Rotherham¬South Yorkshire¬S66 1EU¬53.421001434326172¬-1.2808312177658081¬03L¬NHS Rotherham CCG¬01709543632¬¬http://www.morthenroadsurgery.co.uk¬01709 703405
5374¬C87016002¬GP¬UNKNOWN¬Visible¬True¬True¬Braithwell Surgery¬The Old School House¬High Street¬Braithwell¬Rotherham¬South Yorkshire¬S66 7AW¬53.445213317871094¬-1.2018352746963501¬03L¬NHS Rotherham CCG¬01709819716¬¬¬
5375¬C87017¬GP¬UNKNOWN¬Visible¬True¬True¬Clifton Medical Centre¬Doncaster Gate¬¬¬Rotherham¬South Yorkshire¬S65 1DA¬53.430000305175781¬-1.3524163961410522¬03L¬NHS Rotherham CCG¬01709363950¬¬http://www.cliftonmedicalcentre.co.uk¬01709 722406
5376¬C87017001¬GP¬UNKNOWN¬Visible¬True¬True¬Clifton Medical Centre (Wickersley)¬Poplar Glade¬Wickersley¬¬Rotherham¬South Yorkshire¬S66 2JQ¬53.422309875488281¬-1.2796560525894165¬03L¬NHS Rotherham CCG¬01709544000¬¬http://www.cliftonmedicalcentre.co.uk¬01709 703644
5377¬C87018001¬GP¬UNKNOWN¬Visible¬True¬True¬Thorpe Hesley Medical Centre¬Sough Hall Avenue¬Thorpe Hesley¬¬Rotherham¬South Yorkshire¬S61 2QP¬53.458633422851563¬-1.4325859546661377¬03L¬NHS Rotherham CCG¬01142454504¬¬¬
5378¬C87018¬GP¬UNKNOWN¬Visible¬True¬True¬High Street Surgery¬High Street¬Rawmarsh¬¬Rotherham¬South Yorkshire¬S62 6LW¬53.459625244140625¬-1.3440136909484863¬03L¬NHS Rotherham CCG¬01709522022¬¬http://www.highstsurgery.co.uk¬01709 528139
5380¬C87020¬GP¬UNKNOWN¬Visible¬True¬True¬Greenside Surgery¬Greasbrough¬¬¬Rotherham¬South Yorkshire¬S61 4PT¬53.453231811523438¬-1.3701639175415039¬03L¬NHS Rotherham CCG¬01709560887¬¬http://www.greensidesurgeryrotherham.co.uk/¬01709 562253
5381¬C87022¬GP¬UNKNOWN¬Visible¬True¬True¬The Village Surgery¬24-28 Laughton Road¬Thurcroft¬¬Rotherham¬South Yorkshire¬S66 9LP¬53.394210815429688¬-1.2519190311431885¬03L¬NHS Rotherham CCG¬01709542725¬roccg.thurcroft.villagesurgery@nhs.net¬http://www.thurcroftsurgery.co.uk¬01709 702356
5383¬C87024¬GP¬UNKNOWN¬Visible¬True¬True¬Rawmarsh Health Centre, Rawmarsh Customer Services Centre¬Rawmarsh Customer Services Centre¬Barber's Avenue¬Rawmarsh¬Rotherham¬South Yorkshire¬S62 6AE¬53.457248687744141¬-1.3382972478866577¬03L¬NHS Rotherham CCG¬01709712750¬¬http://www.rawmarshhealthcentre.co.uk/¬01709 712758
5384¬C87029¬GP¬UNKNOWN¬Visible¬True¬True¬Dr Polkinghorn And Partners¬Warehouse Lane¬Wath-Upon-Dearne¬¬Rotherham¬South Yorkshire¬S63 7RA¬53.502635955810547¬-1.3459432125091553¬03L¬NHS Rotherham CCG¬01709870150¬¬http://www.marketsurgerywath.nhs.uk/¬01709 870130
5385¬C87030¬GP¬UNKNOWN¬Visible¬True¬True¬Crown Street Surgery¬17 Crown Street¬Swinton¬¬Mexborough¬South Yorkshire¬S64 8NB¬53.487712860107422¬-1.3145989179611206¬03L¬NHS Rotherham CCG¬01709584885¬¬http://www.crownstreetsurgeryswinton.nhs.uk/¬01709 570041
5386¬C87031¬GP¬UNKNOWN¬Visible¬True¬True¬Braithwell Rd Surgery¬Maltby Services Centre¬Braithwell Road¬¬Rotherham¬South Yorkshire¬S66 8LE¬53.423416137695312¬-1.2046662569046021¬03L¬NHS Rotherham CCG¬01709813514¬¬http://braithwellroadsurgery.co.uk¬01709 817320
5387¬C87603¬GP¬UNKNOWN¬Visible¬True¬True¬Greasbrough Medical Centre¬Munsbrough Rise¬Greasbrough¬¬Rotherham¬South Yorkshire¬S61 4RB¬53.452682495117188¬-1.3716326951980591¬03L¬NHS Rotherham CCG¬01709559955¬¬http://www.greasbroughmedicalcentre.co.uk/¬01709 512152
5388¬C87604002¬GP¬UNKNOWN¬Visible¬True¬True¬Mechanic Institute¬Main Street¬Wentworth¬¬Rotherham¬South Yorkshire¬S62 7TL¬53.478546142578125¬-1.4183074235916138¬03L¬NHS Rotherham CCG¬¬¬¬
5389¬C87604001¬GP¬UNKNOWN¬Visible¬True¬True¬Bellows Road Surgery¬Bellows Road¬Rawmarsh¬¬Rotherham¬South Yorkshire¬S62 6NF¬53.460655212402344¬-1.3419193029403687¬03L¬NHS Rotherham CCG¬01709528553¬¬http://www.thorpehesleysurgery.nhs.uk¬
5390¬C87604¬GP¬UNKNOWN¬Visible¬True¬True¬Thorpe Hesley Surgery¬Sough Hall Avenue¬Thorpe Hesley¬¬Rotherham¬South Yorkshire¬S61 2QP¬53.458633422851563¬-1.4325859546661377¬03L¬NHS Rotherham CCG¬01142570585¬¬¬01142 450412
5391¬C87606¬GP¬UNKNOWN¬Visible¬True¬True¬Queens Medical Centre¬Muglet Lane¬Maltby¬¬Rotherham¬South Yorkshire¬S66 7NA¬53.422248840332031¬-1.1968178749084473¬03L¬NHS Rotherham CCG¬01709817902¬¬https://www.queensmedicalcentremaltby.co.uk/¬01709 769756
5392¬C87608001¬GP¬UNKNOWN¬Visible¬True¬True¬Ridgeway Medical Centre¬14-16 Ridgeway¬East Herringthorpe¬¬Rotherham¬South Yorkshire¬S65 3PG¬53.435676574707031¬-1.3196960687637329¬03L¬NHS Rotherham CCG¬01709850072¬¬¬
5393¬C87608¬GP¬UNKNOWN¬Visible¬True¬True¬Shakespeare Road Surgery¬Shakespeare Road PMS¬50 Shakespeare Road¬Eastwood¬Rotherham¬South Yorkshire¬S65 1QY¬53.439163208007812¬-1.3414835929870605¬03L¬NHS Rotherham CCG¬01709830730¬¬http://www.shakespeareroadsurgery.co.uk¬01709 837000
5398¬C87616¬GP¬UNKNOWN¬Visible¬True¬True¬Blyth Road Medical Centre¬8 Blyth Road¬Maltby¬¬Rotherham¬South Yorkshire¬S66 8JD¬53.422233581542969¬-1.2036349773406982¬03L¬NHS Rotherham CCG¬01709812827¬¬http://www.blythroadmedicalcentre.co.uk¬01709 798623
5400¬C87620¬GP¬UNKNOWN¬Visible¬True¬True¬Manor Field Surgery¬Maltby Services Centre¬Braithwell Road¬Maltby¬Rotherham¬South Yorkshire¬S66 8JE¬53.423530578613281¬-1.2043330669403076¬03L¬NHS Rotherham CCG¬01709819376¬¬http://www.manorfieldsurgery.co.uk¬01709 819251
5401¬C87621¬GP¬UNKNOWN¬Visible¬True¬False¬Broom Valley Road Surgery¬102-104 Broom Valley Road¬Broom Valley¬¬Rotherham¬South Yorkshire¬S60 2QY¬53.419567108154297¬-1.3412445783615112¬03L¬NHS Rotherham CCG¬01709365244¬¬¬01709 721117
5402¬C87622¬GP¬UNKNOWN¬Visible¬True¬True¬Gateway Primary Care¬Chatham House¬Doncaster Gate¬¬Rotherham¬South Yorkshire¬S65 1DJ¬53.430671691894531¬-1.3538661003112793¬03L¬NHS Rotherham CCG¬01709373371¬¬¬01709 382152
5403¬C88005001¬GP¬UNKNOWN¬Visible¬True¬True¬Stannington Medical Centre¬Uppergate Road¬¬¬Sheffield¬South Yorkshire¬S6 6BX¬53.393230438232422¬-1.5465229749679565¬03N¬NHS Sheffield CCG¬01142347775¬¬¬0114 2343113
5404¬C88005¬GP¬UNKNOWN¬Visible¬True¬True¬Walkley House Medical Centre¬23 Greenhow Street¬Sheffield¬S Yorkshire¬Sheffield¬South Yorkshire¬S6 3TN¬53.392253875732422¬-1.5022338628768921¬03N¬NHS Sheffield CCG¬01142343561¬¬¬0114 2313326
5405¬C88006¬GP¬UNKNOWN¬Visible¬True¬True¬Dr Margaret Mckenna And Partners¬227 Park Grange Road¬S Yorkshire¬¬Sheffield¬South Yorkshire¬S2 3TA¬53.363544464111328¬-1.4480137825012207¬03N¬NHS Sheffield CCG¬01142763626¬sheccg.norfolkparkmp@nhs.net¬http://www.norfolkparkmedicalpractice.nhs.uk¬0114 2413050
5406¬C88007001¬GP¬UNKNOWN¬Visible¬True¬True¬Student Health at Sheffield Hallam University¬Student Health At Shu,¬Room 5103 Surrey Building, Pond Street¬¬Sheffield¬South Yorkshire¬S1 1WB¬53.379196166992188¬-1.465240478515625¬03N¬NHS Sheffield CCG¬01142252134¬¬http://www.studenthealthatshu.co.uk¬0114 276 9596
5407¬C88007¬GP¬UNKNOWN¬Visible¬True¬True¬Porter Brook Medical Centre¬9 Sunderland Street¬¬¬Sheffield¬South Yorkshire¬S11 8HN¬53.370494842529297¬-1.4835802316665649¬03N¬NHS Sheffield CCG¬01142636100¬¬http://www.porterbrookmedicalcentre.co.uk¬0114 263 6102
5408¬C88008¬GP¬UNKNOWN¬Visible¬True¬True¬Pitsmoor Surgery¬151 Burngreave Road¬¬¬Sheffield¬South Yorkshire¬S3 9DL¬53.398529052734375¬-1.4653444290161133¬03N¬NHS Sheffield CCG¬0114 272 5154¬sheccg.pitsmoorsurgery@nhs.net¬http://www.pitsmoorsurgery.co.uk/¬0114 276 0169
5409¬C88009¬GP¬UNKNOWN¬Visible¬True¬True¬Foxhill Medical Centre¬160 Fox Hill Crescent¬¬¬Sheffield¬South Yorkshire¬S6 1GA¬53.429912567138672¬-1.5013126134872437¬03N¬NHS Sheffield CCG¬01142322055¬sheccg.foxhillmc@nhs.net¬http://www.foxhillmedicalcentre.co.uk/¬0114 2327461
5410¬C88010¬GP¬UNKNOWN¬Visible¬True¬True¬Chapelgreen Practice¬1 Bevan Way¬Chapeltown¬¬Sheffield¬South Yorkshire¬S35 1RN¬53.459156036376953¬-1.4790265560150146¬03N¬NHS Sheffield CCG¬01142329030¬¬http://www.chapelgreenpractice.co.uk¬0114 2329031
5411¬C88010001¬GP¬UNKNOWN¬Visible¬True¬True¬High Green Health Centre¬Thompson Hill¬High Green¬¬Sheffield¬South Yorkshire¬S35 4NF¬53.474411010742188¬-1.4936801195144653¬03N¬NHS Sheffield CCG¬01142329030¬¬http://www.chapelgreenpractice.co.uk¬0114 2867001
5412¬C88011¬GP¬UNKNOWN¬Visible¬True¬True¬Buchanan Road Surgery¬72 Buchanan Road¬Parson Cross¬¬Sheffield¬South Yorkshire¬S5 8AL¬53.422882080078125¬-1.4709829092025757¬03N¬NHS Sheffield CCG¬0114 245 4834¬sue.fletcher1@nhs.net¬http://buchananroadsurgery.co.uk/¬0114 257 7369
5414¬C88014¬GP¬UNKNOWN¬Visible¬True¬True¬Norwood Medical Centre¬360 Herries Road¬¬¬Sheffield¬South Yorkshire¬S5 7HD¬53.4130859375¬-1.4698556661605835¬03N¬NHS Sheffield CCG¬01142437212¬sheccg.norwoodmc@nhs.net¬http://norwoodmc.co.uk/¬0114 2619243
5415¬C88015¬GP¬UNKNOWN¬Visible¬True¬True¬Meadowgreen Health Centre¬1 Dyche Close¬Jordanthorpe¬¬Sheffield¬South Yorkshire¬S8 8DJ¬53.323265075683594¬-1.4640181064605713¬03N¬NHS Sheffield CCG¬01142378877¬sheccg.meadowgreenhealthcentre@nhs.net¬http://www.meadowgreenhealthcentre.co.uk¬
5417¬C88016¬GP¬UNKNOWN¬Visible¬True¬True¬Carterknowle And Dore Medical Practice¬1 Carter Knowle Road¬Sheffield¬S Yorkshire¬Sheffield¬South Yorkshire¬S7 2DW¬53.353439331054687¬-1.4887140989303589¬03N¬NHS Sheffield CCG¬01142291686¬¬https://www.carterknowlesurgery.co.uk¬0114 2584418
5418¬C88016001¬GP¬UNKNOWN¬Visible¬True¬True¬Carterknowle And Dore Medical Practice¬137 Dore Road¬¬Dore¬Sheffield¬South Yorkshire¬S17 3NF¬53.328369140625¬-1.5327215194702148¬03N¬NHS Sheffield CCG¬01142291686¬¬http://www.carterknowlesurgery.co.uk¬0114 2584418
5419¬C88018¬GP¬UNKNOWN¬Visible¬True¬True¬Tramways Medical Centre - O'Connell¬54 Holme Lane¬¬¬Sheffield¬South Yorkshire¬S6 4JQ¬53.402030944824219¬-1.5030072927474976¬03N¬NHS Sheffield CCG¬01142343418¬¬¬
5420¬C88019¬GP¬UNKNOWN¬Visible¬True¬True¬Gleadless Medical Centre¬636 Gleadless Road¬¬¬Sheffield¬South Yorkshire¬S14 1PQ¬53.356536865234375¬-1.4513107538223267¬03N¬NHS Sheffield CCG¬01142396687¬sheccg.gleadlessmc@nhs.net¬http://www.gleadlessmedicalcentre.nhs.uk¬0114 2642277
5421¬C88020¬GP¬UNKNOWN¬Visible¬True¬True¬The White House Surgery¬1, Fairfax Rise¬¬¬Sheffield¬South Yorkshire¬S2 1SL¬53.368492126464844¬-1.4208440780639648¬03N¬NHS Sheffield CCG¬01142245878¬sheccg.whitehousesurgery@nhs.net¬http://www.whitehousesurgery.nhs.uk/¬
5422¬C88021001¬GP¬UNKNOWN¬Visible¬True¬True¬Trafalgar House Medical¬45 Halifax Road¬¬¬Sheffield¬South Yorkshire¬S6 1LA¬53.419918060302734¬-1.4965091943740845¬03N¬NHS Sheffield CCG¬01142346820¬sheccg.farlane@nhs.net¬¬
5423¬C88021¬GP¬UNKNOWN¬Visible¬True¬True¬Far Lane Medical Centre¬1 Far Lane¬¬¬Sheffield¬South Yorkshire¬S6 4FA¬53.409320831298828¬-1.5076760053634644¬03N¬NHS Sheffield CCG¬01142347701¬sheccg.farlane@nhs.net¬https://www.farlanemedicalcentre.co.uk/¬0114 2339724
5424¬C88022¬GP¬UNKNOWN¬Visible¬True¬True¬Stonecroft Medical Centre¬871 Gleadless Road¬¬¬Sheffield¬South Yorkshire¬S12 2LJ¬53.345546722412109¬-1.4253005981445312¬03N¬NHS Sheffield CCG¬01142398575¬¬http://www.stonecroftmedicalcentre.co.uk¬0114 2650001
5425¬C88023¬GP¬UNKNOWN¬Visible¬True¬True¬Sothall Medical Centre¬24 Eckington Road¬Beighton¬¬Sheffield¬South Yorkshire¬S20 1HQ¬53.337879180908203¬-1.3402057886123657¬03N¬NHS Sheffield CCG¬01142284900¬¬http://www.sothall.net/¬0114 2488339
5427¬C88024¬GP¬UNKNOWN¬Visible¬True¬True¬The Avenue Medical Practice¬7 Reney Avenue¬¬¬Sheffield¬South Yorkshire¬S8 7FH¬53.324501037597656¬-1.4903210401535034¬03N¬NHS Sheffield CCG¬01142375648¬¬http://www.theavenuemedicalpractice.co.uk¬0114 2839574
5428¬C88025¬GP¬UNKNOWN¬Visible¬True¬True¬Dr C T Heatley And Partners¬120 Birley Lane¬¬¬Sheffield¬South Yorkshire¬S12 3BP¬53.340301513671875¬-1.396970272064209¬03N¬NHS Sheffield CCG¬01142358038¬birleyhc@nhs.net¬http://www.birleyhealthcentre.co.uk/¬0114 2645814
5429¬C88026¬GP¬UNKNOWN¬Visible¬True¬True¬Sloan Medical Centre¬2 Little London Road¬¬¬Sheffield¬South Yorkshire¬S8 0YH¬53.358257293701172¬-1.476395845413208¬03N¬NHS Sheffield CCG¬01142581554¬¬http://www.sloanmedicalcentre.co.uk¬
5430¬C88026001¬GP¬UNKNOWN¬Visible¬True¬True¬Blackstock Road Surgery¬29 Blackstock Road¬¬¬Sheffield¬South Yorkshire¬S14 1AB¬53.339996337890625¬-1.4511175155639648¬03N¬NHS Sheffield CCG¬01142581558¬helen.proud@nhs.net¬http://www.sloanmedicalcentre.co.uk¬
5431¬C88027¬GP¬UNKNOWN¬Visible¬True¬True¬Upwell Street Surgery¬93 Upwell Street¬¬¬Sheffield¬South Yorkshire¬S4 8AN¬53.406425476074219¬-1.4347095489501953¬03N¬NHS Sheffield CCG¬0114 2435504¬sheccg.upwellstsurgery@nhs.net¬http://www.upwellstreetsurgery.co.uk/¬0114 2422402
5432¬C88028¬GP¬UNKNOWN¬Visible¬True¬True¬Broomhill Surgery¬5 Lawson Road¬S Yorkshire¬¬Sheffield¬South Yorkshire¬S10 5BU¬53.378219604492187¬-1.5055692195892334¬03N¬NHS Sheffield CCG¬01142665344¬sheccg.broomhill@nhs.net¬http://www.broomhillsurgery.co.uk¬0114 268 0179
5433¬C88028001¬GP¬UNKNOWN¬Visible¬True¬True¬Lodge Moor Surgery¬14 Blackbrook Road¬Lodge Moor¬S Yorkshire¬Sheffield¬South Yorkshire¬S10 4LP¬53.371421813964844¬-1.5627312660217285¬03N¬NHS Sheffield CCG¬01142306777¬sheccg.broomhill@nhs.net¬http://www.lodgemoorsurgery.co.uk¬0114 263 0122
5434¬C88030¬GP¬UNKNOWN¬Visible¬True¬True¬Duke Medical Centre¬28 Talbot Road¬¬¬Sheffield¬South Yorkshire¬S2 2TD¬53.378559112548828¬-1.4556428194046021¬03N¬NHS Sheffield CCG¬01142720689¬dukemedicalcentre@nhs.net¬www.dukemedicalcentre.com¬0114 2262804
5435¬C88031001¬GP¬UNKNOWN¬Visible¬True¬True¬Ecclesall Medical Centre¬334 Millhouses Lane¬¬¬Sheffield¬South Yorkshire¬S11 9JD¬53.353153228759766¬-1.5129953622817993¬03N¬NHS Sheffield CCG¬01142363936¬¬¬0114 2353458
5436¬C88031¬GP¬UNKNOWN¬Visible¬True¬True¬Upperthorpe Medical Centre¬30 Addy Street¬Upperthorpe¬¬Sheffield¬South Yorkshire¬S6 3FT¬53.389881134033203¬-1.4868342876434326¬03N¬NHS Sheffield CCG¬01142751010¬¬¬0114 2768049
5437¬C88032¬GP¬UNKNOWN¬Visible¬True¬True¬Charnock Health Primary Care Centre¬White Lane¬¬¬Sheffield¬South Yorkshire¬S12 3GH¬53.342998504638672¬-1.4207087755203247¬03N¬NHS Sheffield CCG¬01142399202¬sheccg.charnockhc@nhs.net¬https://www.charnockhealth.nhs.uk¬0114 2654684
5439¬C88034¬GP¬UNKNOWN¬Visible¬True¬True¬Nethergreen Surgery¬34-36 Nethergreen Road¬¬S Yorkshire¬Sheffield¬South Yorkshire¬S11 7EJ¬53.368129730224609¬-1.5265909433364868¬03N¬NHS Sheffield CCG¬01142307818¬¬http://www.nethergreen-surgery.co.uk/¬0114 2309580
5440¬C88035¬GP¬UNKNOWN¬Visible¬True¬True¬Firth Park Surgery¬400 Firth Park Road¬Firth Park¬¬Sheffield¬South Yorkshire¬S5 6HH¬53.417507171630859¬-1.4458322525024414¬03N¬NHS Sheffield CCG¬03333232900¬¬www.firthparksurgery.co.uk¬0114 2421966
5441¬C88036¬GP¬UNKNOWN¬Visible¬True¬True¬Handsworth Medical Practice¬432 Handsworth Road¬¬¬Sheffield¬South Yorkshire¬S13 9BZ¬53.371692657470703¬-1.3833909034729004¬03N¬NHS Sheffield CCG¬01142697505¬sheccg.handsworthmedicalpractice@nhs.net¬http://www.handsworthmedicalpractice.co.uk¬0114 2697122
5442¬C88036001¬GP¬UNKNOWN¬Visible¬True¬True¬Fitzalan Surgery¬1 Fitzalan Road¬¬¬Sheffield¬South Yorkshire¬S13 9AW¬53.373058319091797¬-1.3871738910675049¬03N¬NHS Sheffield CCG¬01142889777¬sheccg.handsworthmedicalpractice@nhs.net¬http://www.handsworthmedicalpractice.co.uk¬
5443¬C88037¬GP¬UNKNOWN¬Visible¬True¬True¬Baslow Rd, Shoreham St & York Rd Srgies¬148 Baslow Road¬Totley¬¬Sheffield¬South Yorkshire¬S17 4DR¬53.316310882568359¬-1.5310518741607666¬03N¬NHS Sheffield CCG¬01142369957¬¬¬0114 2620756
5444¬C88037001¬GP¬UNKNOWN¬Visible¬True¬True¬Shoreham Street Surgery¬251 Shoreham Street¬¬¬Sheffield¬South Yorkshire¬S1 4SS¬53.371849060058594¬-1.4681130647659302¬03N¬NHS Sheffield CCG¬01142721717¬¬¬0114 2768115
5445¬C88038001¬GP¬UNKNOWN¬Visible¬True¬True¬The Mathews Practice White Lane¬203 White Lane¬¬¬Sheffield¬South Yorkshire¬S12 3GG¬53.344768524169922¬-1.4259870052337646¬03N¬NHS Sheffield CCG¬01142399211¬sheccg.mathewspracticewhitelane@nhs.net¬https://www.themathewspractice.co.uk/¬0114 2657698 
5446¬C88038¬GP¬UNKNOWN¬Visible¬True¬True¬The Mathews Practice Belgrave¬22 Asline Road¬¬¬Sheffield¬South Yorkshire¬S2 4UJ¬53.366596221923828¬-1.4718002080917358¬03N¬NHS Sheffield CCG¬01142554498¬sheccg.mathewspracticebelgrave@nhs.net¬https://www.themathewspractice.co.uk/¬0114 2585007
5447¬C88039001¬GP¬UNKNOWN¬Visible¬True¬True¬Margetson Surgery¬1 Remington Avenue¬¬¬Sheffield¬South Yorkshire¬S5 9PA¬53.432655334472656¬-1.4782819747924805¬03N¬NHS Sheffield CCG¬01142469030¬sheccg.ecclesfieldgp@nhs.net¬http://www.ecclesfieldgp.co.uk¬0114 2855724
5448¬C88039¬GP¬UNKNOWN¬Visible¬True¬True¬Ecclesfield Group Practice¬96A Mill Road¬Ecclesfield¬¬Sheffield¬South Yorkshire¬S35 9XQ¬53.444805145263672¬-1.4654260873794556¬03N¬NHS Sheffield CCG¬01142469030¬sheccg.ecclesfieldgp@nhs.net¬http://www.ecclesfieldgp.co.uk¬0114 2571935
5449¬C88040¬GP¬UNKNOWN¬Visible¬True¬True¬Oughtibridge Surgery¬Church Street¬Oughtibridge¬¬Sheffield¬South Yorkshire¬S35 0FW¬53.435176849365234¬-1.5430061817169189¬03N¬NHS Sheffield CCG¬01142299835¬sheccg.oughtibridgesurgery@nhs.net¬¬0114 2864031
5450¬C88041¬GP¬UNKNOWN¬Visible¬True¬True¬Woodseats Medical Centre¬The Roddick Building¬900 Chesterfield Road¬Woodseats¬Sheffield¬South Yorkshire¬S8 0SH¬53.339946746826172¬-1.4802546501159668¬03N¬NHS Sheffield CCG¬01142850140¬sheccg.woodseatsmedicalcentre@nhs.net¬http://www.woodseatsmedicalcentre.nhs.uk/¬
5452¬C88043001¬GP¬UNKNOWN¬Visible¬True¬True¬Dr Milner & Partners¬Fairlawns¬621 Middlewood Road¬¬Sheffield¬South Yorkshire¬S6 1TT¬53.418960571289063¬-1.5152535438537598¬03N¬NHS Sheffield CCG¬01142345338¬tramways.middlewood@nhs.net¬http://www.hillsborough-middlewood-doctors-gp.co.uk/index.aspx¬0114 232 5620
5453¬C88043¬GP¬UNKNOWN¬Visible¬True¬True¬Dr Milner & Partners¬54a Holme Lane¬¬¬Sheffield¬South Yorkshire¬S6 4JQ¬53.402030944824219¬-1.5030072927474976¬03N¬NHS Sheffield CCG¬01142345338¬tramways.middlewood@nhs.net¬http://www.hillsborough-middlewood-doctors-gp.co.uk/index.aspx¬0114 232 5620
5454¬C88044¬GP¬UNKNOWN¬Visible¬True¬True¬Manchester Road Surgery¬484 Manchester Road¬Crosspool¬¬Sheffield¬South Yorkshire¬S10 5PN¬53.380577087402344¬-1.521071195602417¬03N¬NHS Sheffield CCG¬01142668265¬¬http://manchesterroadsurgery.org.uk/¬0114 2687158
5455¬C88045001¬GP¬UNKNOWN¬Visible¬True¬True¬Deer Park Surgery¬3 Deer Park Close¬¬¬sheffield¬South Yorkshire¬S6 5NA¬53.392578125¬-1.5306054353713989¬03N¬NHS Sheffield CCG¬01142347979¬sheccg.deerparkmc@nhs.net¬http://www.dykes-hall.co.uk¬0114 2855076
5456¬C88045¬GP¬UNKNOWN¬Visible¬True¬True¬Dykes Hall Medical Centre¬156 Dykes Hall Road¬¬¬sheffield¬South Yorkshire¬S6 4GQ¬53.405143737792969¬-1.5060094594955444¬03N¬NHS Sheffield CCG¬01142322340¬sheccg.dykeshallmc@nhs.net¬http://www.dykes-hall.co.uk¬0114 2812108
5457¬C88046¬GP¬UNKNOWN¬Visible¬True¬True¬Abbey Lane Surgery¬23 Abbey Lane¬¬¬Sheffield¬South Yorkshire¬S8 0BJ¬53.339088439941406¬-1.4831035137176514¬03N¬NHS Sheffield CCG¬01142740017¬¬http://www.abbeylanesurgery.nhs.uk/¬0114 2749580
5458¬C88047¬GP¬UNKNOWN¬Visible¬True¬True¬Doctors Coskery, Noble, Maher & Oliver¬205 Tyler Street¬¬¬Sheffield¬South Yorkshire¬S9 1DJ¬53.419387817382813¬-1.4163010120391846¬03N¬NHS Sheffield CCG¬01142426428¬tyronn.tate@nhs.net¬http://www.wincobankmedicalcentre.co.uk/¬0114 2448571
5459¬C88048001¬GP¬UNKNOWN¬Visible¬True¬True¬Herries Road Surgery¬450 Herries Road¬¬¬Sheffield¬South Yorkshire¬S5 8TP¬53.411941528320313¬-1.4754211902618408¬03N¬NHS Sheffield CCG¬01142326590¬sheccg.burngreavesurgery@nhs.net¬http://burngreavesurgery.co.uk/¬0114 2339909
5460¬C88048¬GP¬UNKNOWN¬Visible¬True¬True¬Burngreave Surgery¬5 Burngreave Road¬Burngreave¬¬Sheffield¬South Yorkshire¬S3 9DA¬53.393329620361328¬-1.4598003625869751¬03N¬NHS Sheffield CCG¬01142725619¬sheccg.burngreavesurgery@nhs.net¬http://burngreavesurgery.co.uk/¬0114 2798004
5461¬C88049001¬GP¬UNKNOWN¬Visible¬True¬True¬Ecclesfield Road Surgery¬11 Ecclesfield Road¬Chapeltown¬¬Sheffield¬South Yorkshire¬S35 1TD¬53.457626342773438¬-1.4641958475112915¬03N¬NHS Sheffield CCG¬01142451880¬¬http://www.elmlanesurgery.com/¬0114 2571805
5462¬C88049¬GP¬UNKNOWN¬Visible¬True¬True¬Elm Lane Surgery¬104 Elm Lane¬¬¬Sheffield¬South Yorkshire¬S5 7TW¬53.421627044677734¬-1.46051025390625¬03N¬NHS Sheffield CCG¬01142455112¬¬http://www.elmlanesurgery.com¬0114 2571805
5463¬C88050¬GP¬UNKNOWN¬Visible¬True¬True¬Jaunty Springs Health Centre¬53 Jaunty Way¬¬¬Sheffield¬South Yorkshire¬S12 3DZ¬53.347667694091797¬-1.4178814888000488¬03N¬NHS Sheffield CCG¬01142647220¬¬http://jauntyspringshealthcentre.co.uk¬
5464¬C88051¬GP¬UNKNOWN¬Visible¬True¬True¬Page Hall Medical Centre¬101 Owler Lane¬¬¬Sheffield¬South Yorkshire¬S4 8GB¬53.407241821289063¬-1.4471991062164307¬03N¬NHS Sheffield CCG¬01142617245¬¬http://www.pagehallmedicalcentre.co.uk¬0114 2611643
5465¬C88052¬GP¬UNKNOWN¬Visible¬True¬True¬Hollies Medical Centre¬20 St. Andrews Road¬Nether Edge¬¬Sheffield¬South Yorkshire¬S11 9AL¬53.363182067871094¬-1.4948186874389648¬03N¬NHS Sheffield CCG¬01142550094¬hollies.prescriptions@nhs.net¬www.theholliesmc.co.uk¬0114 258 2863
5466¬C88053¬GP¬UNKNOWN¬Visible¬True¬True¬Falkland House Surgery¬2A Falkland Road¬¬¬Sheffield¬South Yorkshire¬S11 7PL¬53.359729766845703¬-1.5144079923629761¬03N¬NHS Sheffield CCG¬01142660335¬¬https://www.falklandhousesurgery.co.uk/¬
5467¬C88054001¬GP¬UNKNOWN¬Visible¬True¬True¬Wadsley Bridge Medical Centre¬103 Halifax Road¬103 Halifax Road¬¬Sheffield¬South Yorkshire¬S6 1LA¬53.419918060302734¬-1.4965091943740845¬03N¬NHS Sheffield CCG¬01142339175¬sheccg.grenosidesurgery@nhs.net¬¬0114 231 5322
5468¬C88054¬GP¬UNKNOWN¬Visible¬True¬True¬Grenoside Surgery¬60 Greno Crescent¬Grenoside¬¬Sheffield¬South Yorkshire¬S35 8NX¬53.438297271728516¬-1.4965629577636719¬03N¬NHS Sheffield CCG¬01142403159¬chris.stocks@nhs.net¬http://www.grenosidesurgery.com¬0114 246 4308
5470¬C88059¬GP¬UNKNOWN¬Visible¬True¬True¬Dr Ngozi Patrick¬2 Harold Street¬Sheffield¬S Yorkshire¬Sheffield¬South Yorkshire¬S6 3QW¬53.393104553222656¬-1.4928555488586426¬03N¬NHS Sheffield CCG¬01142332803¬¬http://www.haroldstreetmedicalcentre.co.uk/¬
5471¬C88060¬GP¬UNKNOWN¬Visible¬True¬True¬Sharrow Lane Medical Centre¬129 Sharrow Lane¬S Yorkshire¬¬Sheffield¬South Yorkshire¬S11 8AN¬53.367092132568359¬-1.4822839498519897¬03N¬NHS Sheffield CCG¬01142556843¬sheccg.sharrowlanemc@nhs.net¬http://sharrowlanemedicalcentre.co.uk/¬
5473¬C88062¬GP¬UNKNOWN¬Visible¬True¬True¬Rustlings Road Medical Centre¬105 Rustlings Road¬¬¬Sheffield¬South Yorkshire¬S11 7AB¬53.367744445800781¬-1.5116117000579834¬03N¬NHS Sheffield CCG¬01142684567¬annie.stones@nhs.net¬http://www.rustlingssurgery.org.uk¬0114 267 8394
5474¬C88068¬GP¬UNKNOWN¬Visible¬True¬True¬Totley Rise Medical Centre¬96 Baslow Road¬¬¬Sheffield¬South Yorkshire¬S17 4DQ¬53.316902160644531¬-1.5267523527145386¬03N¬NHS Sheffield CCG¬01142365090¬helendeakin@nhs.net¬http://www.totleyrisemedicalcentre.co.uk/contact1.aspx¬0114 2620942
5475¬C88069004¬GP¬UNKNOWN¬Visible¬True¬True¬Clover Group - Mulberry Practice¬1 Mulberry Street¬¬¬Sheffield¬South Yorkshire¬S1 2PJ¬53.381874084472656¬-1.466575026512146¬03N¬NHS Sheffield CCG¬0114 305 4050¬¬http://www.mulberrypractice.co.uk¬0114 305 4053
5476¬C88069005¬GP¬UNKNOWN¬Visible¬True¬True¬Clover Group - Highgate Surgery¬Highgate¬Tinsley¬¬Sheffield¬South Yorkshire¬S9 1WN¬53.411472320556641¬-1.3952122926712036¬03N¬NHS Sheffield CCG¬0114 226 3535¬¬http://highgatesurgerytinsley.co.uk¬0114 243 1781
5477¬C88069¬GP¬UNKNOWN¬Visible¬True¬True¬Clover Group - Darnall Primary Care Centre¬Darnall Primary Care Centre¬290 Main Road¬Darnall¬Sheffield¬South Yorkshire¬S9 4QH¬53.38824462890625¬-1.4112710952758789¬03N¬NHS Sheffield CCG¬0114 226 0000¬¬http://darnallprimarycarecentre.co.uk¬0114 243 7171
5478¬C88069003¬GP¬UNKNOWN¬Visible¬True¬True¬Clover Group - Jordanthorpe Medical Centre¬1 Dyche Lane¬Jordanthorpe¬¬Sheffield¬South Yorkshire¬S8 8DJ¬53.323265075683594¬-1.4640181064605713¬03N¬NHS Sheffield CCG¬0114 237 1160¬¬http://jordanthorpehealthcentre.co.uk¬
5479¬C88070¬GP¬UNKNOWN¬Visible¬True¬True¬Shiregreen Medical Centre¬492 Bellhouse Road¬Shiregreen¬¬Sheffield¬South Yorkshire¬S5 0RG¬53.430080413818359¬-1.4408183097839355¬03N¬NHS Sheffield CCG¬01142456123¬rachel.kershaw3@nhs.net¬http://www.shiregreenmedicalcentre.co.uk/¬0114 2570964
5480¬C88070001¬GP¬UNKNOWN¬Visible¬True¬True¬Melrose Surgery¬120a Burngreave Road¬Burngreave¬¬Sheffield¬South Yorkshire¬S3 9DE¬53.395687103271484¬-1.4627029895782471¬03N¬NHS Sheffield CCG¬01142795016¬rachel.kershaw3@nhs.net¬¬
5481¬C88072¬GP¬UNKNOWN¬Visible¬True¬True¬Woodhouse Health Centre¬5-7 Skelton Lane¬Woodhouse¬¬Sheffield¬South Yorkshire¬S13 7LY¬53.357654571533203¬-1.3720241785049438¬03N¬NHS Sheffield CCG¬0114 229 3090¬¬http://www.woodhousehealthcentre.co.uk/¬0114 229 3099
5482¬C88073¬GP¬UNKNOWN¬Visible¬True¬True¬Heeley Green Surgery¬302 Gleadless Road¬¬¬Sheffield¬South Yorkshire¬S2 3AJ¬53.358913421630859¬-1.4627560377120972¬03N¬NHS Sheffield CCG¬0114 250 7206¬sheccgheeleygreensurgery@nhs.net¬http://www.heeleygreensurgery.co.uk¬0114 2507185
5483¬C88074¬GP¬UNKNOWN¬Visible¬True¬True¬Deepcar Medical Centre¬271 Manchester Road¬Deepcar¬¬Sheffield¬South Yorkshire¬S36 2RA¬53.480194091796875¬-1.5783249139785767¬03N¬NHS Sheffield CCG¬01142831710¬suelambert@nhs.net¬¬0114 2837050
5485¬C88076001¬GP¬UNKNOWN¬Visible¬True¬True¬Hanover Medical Centre¬100 William Street¬¬¬Sheffield¬South Yorkshire¬S10 2EB¬53.375186920166016¬-1.4836137294769287¬03N¬NHS Sheffield CCG¬01142762248¬¬¬
5486¬C88076¬GP¬UNKNOWN¬Visible¬True¬True¬Devonshire Green Medical Centre¬126 Devonshire Street¬¬¬Sheffield¬South Yorkshire¬S3 7SF¬53.379512786865234¬-1.4775784015655518¬03N¬NHS Sheffield CCG¬01142720255¬¬http://www.devonshiregreenandhanover.co.uk¬
5487¬C88077¬GP¬UNKNOWN¬Visible¬True¬True¬The Health Care Surgery¬63 Palgrave Road¬¬¬Sheffield¬South Yorkshire¬S5 8GS¬53.421722412109375¬-1.4878957271575928¬03N¬NHS Sheffield CCG¬01142344729¬thehealthcaresurgery@nhs.net¬http://www.thehealthcaresurgery.co.uk/index.html¬0114 2314591
5488¬C88078¬GP¬UNKNOWN¬Visible¬True¬True¬Mosborough Health Centre¬34 Queen Street¬Mosborough¬¬Sheffield¬South Yorkshire¬S20 5BQ¬53.325222015380859¬-1.3648582696914673¬03N¬NHS Sheffield CCG¬01142512636¬¬http://www.mosboroughhealthcentre.co.uk¬0114 2513467
5489¬C88079¬GP¬UNKNOWN¬Visible¬True¬True¬The Crookes Practice¬203 School Road¬Crookes¬¬Sheffield¬South Yorkshire¬S10 1GN¬53.383663177490234¬-1.5022438764572144¬03N¬NHS Sheffield CCG¬01142671280¬sheccg.thecrookespractice@nhs.net¬http://www.thecrookespractice.co.uk/new-patients¬0114 266 4526
5490¬C88082¬GP¬UNKNOWN¬Visible¬True¬True¬Carrfield Medical Centre¬Carrfield Street¬¬¬Sheffield¬South Yorkshire¬S8 9SG¬53.358619689941406¬-1.4650472402572632¬03N¬NHS Sheffield CCG¬01142584724¬¬¬0114 2500831
5491¬C88083¬GP¬UNKNOWN¬Visible¬True¬True¬Selborne Road Medical Centre¬1 Selborne Road¬¬¬Sheffield¬South Yorkshire¬S10 5ND¬53.378829956054688¬-1.5187907218933105¬03N¬NHS Sheffield CCG¬0114 2686929¬¬http://www.selborneroadmedicalcentre.co.uk/¬0114 2669892
5492¬C88084001¬GP¬UNKNOWN¬Visible¬True¬True¬Richmond Road Surgery¬400 Richmond Road¬¬¬Sheffield¬South Yorkshire¬S13 8LZ¬53.362689971923828¬-1.4054449796676636¬03N¬NHS Sheffield CCG¬01142395243¬anneriley@nhs.net¬www.darnall-richmond-surgeries.co.uk¬0114 2640604
5493¬C88084¬GP¬UNKNOWN¬Visible¬True¬True¬Dr Rahul Mehrotra¬2 York Road¬¬¬Sheffield¬South Yorkshire¬S9 5DH¬53.388206481933594¬-1.4103822708129883¬03N¬NHS Sheffield CCG¬01142449525¬d.mehrotra@nhs.net¬http://www.darnallhealthcentre.co.uk¬
5494¬C88085¬GP¬UNKNOWN¬Visible¬True¬True¬Richmond Medical Centre¬462 Richmond Road¬¬¬Sheffield¬South Yorkshire¬S13 8NA¬53.3609619140625¬-1.4084893465042114¬03N¬NHS Sheffield CCG¬01142394411¬sheccg.richmondmc@nhs.net¬http://www.richmondmedicalcentre.co.uk¬0114 2530737
5495¬C88086¬GP¬UNKNOWN¬Visible¬True¬True¬Southey Green Medical Centre¬281 Southey Green Road¬¬¬Sheffield¬South Yorkshire¬S5 7QB¬53.419036865234375¬-1.4776511192321777¬03N¬NHS Sheffield CCG¬01142326401¬¬http://southeygreenmedicalcentre.co.uk/¬01142854402
5496¬C88087¬GP¬UNKNOWN¬Visible¬True¬True¬Dovercourt Group Practice¬3 Skye Edge Avenue¬¬¬Sheffield¬South Yorkshire¬S2 5FX¬53.373703002929688¬-1.4411401748657227¬03N¬NHS Sheffield CCG¬01142700997¬dovercourt.surgery@nhs.net¬http://www.dovercourtsurgery.co.uk¬01142766786
5497¬C88088¬GP¬UNKNOWN¬Visible¬True¬True¬Drs Lumb And Hooson¬555 East Bank Road¬Sheffield¬S Yorkshire¬Sheffield¬South Yorkshire¬S2 2AG¬53.358875274658203¬-1.4385652542114258¬03N¬NHS Sheffield CCG¬01142398686¬¬http://www.eastbankmedicalcentre.co.uk¬0114 2531929
5498¬C88090¬GP¬UNKNOWN¬Visible¬True¬True¬Manor and Park Group Practice¬204 Harborough Avenue¬¬¬Sheffield¬South Yorkshire¬S2 1QU¬53.373691558837891¬-1.4271465539932251¬03N¬NHS Sheffield CCG¬01142398602¬¬http://www.manorparkmedicalcentre.co.uk/¬0114 2658010
5499¬C88091¬GP¬UNKNOWN¬Visible¬True¬True¬Barnsley Road Surgery¬899 Barnsley Road¬¬¬Sheffield¬South Yorkshire¬S5 0QJ¬53.425090789794922¬-1.4569149017333984¬03N¬NHS Sheffield CCG¬01142329390¬¬http://barnsleyroadsurgery.co.uk/¬0114 2262997
5500¬C88092¬GP¬UNKNOWN¬Visible¬True¬True¬Valley Medical Centre¬Johnson Street¬Stocksbridge¬¬Sheffield¬South Yorkshire¬S36 1BX¬53.482318878173828¬-1.5948947668075562¬03N¬NHS Sheffield CCG¬01143217510¬sheccg.valleymc@nhs.net¬http://www.valleymedicalcentre.org.uk¬0114 2887896
5502¬C88095¬GP¬UNKNOWN¬Visible¬True¬True¬Mill Road Surgery¬98A Mill Road¬Ecclesfield¬¬Sheffield¬South Yorkshire¬S35 9XQ¬53.444805145263672¬-1.4654260873794556¬03N¬NHS Sheffield CCG¬01142456370¬sheccg.millroadsurgery@nhs.net¬http://www.millroadgpsurgery.co.uk¬0114 2577386
5503¬C88096¬GP¬UNKNOWN¬Visible¬True¬True¬Hackenthorpe Medical Centre¬15 Main Street¬Hackenthorpe¬¬Sheffield¬South Yorkshire¬S12 4LA¬53.345558166503906¬-1.3743348121643066¬03N¬NHS Sheffield CCG¬01142488187¬apowell1@nhs.net¬http://www.hackenthorpemedicalcentre.co.uk¬0114 2510539
5504¬C88622¬GP¬UNKNOWN¬Visible¬True¬True¬Sheffield Medical Centre¬21 Spital Street¬¬¬Sheffield¬South Yorkshire¬S3 9LB¬53.390850067138672¬-1.4604631662368774¬03N¬NHS Sheffield CCG¬01142727042¬sheccg.sheffieldmc@nhs.net¬http://sheffieldmedicalcentre.co.uk¬0114 2754254
5506¬C88627¬GP¬UNKNOWN¬Visible¬True¬True¬University Health Service¬53 Gell Street¬¬¬Sheffield¬South Yorkshire¬S3 7QP¬53.380306243896484¬-1.4826949834823608¬03N¬NHS Sheffield CCG¬01142222100¬sheccg.universityhealthservice@nhs.net¬https://www.sheffield.ac.uk/ssid/health-service¬
5507¬C88631¬GP¬UNKNOWN¬Visible¬True¬True¬Veritas Health Centre¬243-245 Chesterfield Road¬¬¬Sheffield¬South Yorkshire¬S8 0RT¬53.354240417480469¬-1.481012225151062¬03N¬NHS Sheffield CCG¬0114 2583997¬¬¬0114 2583991
5509¬C88643¬GP¬UNKNOWN¬Visible¬True¬True¬Dr Dilip Chatterjee¬28 Dunninc Road¬¬¬Sheffield¬South Yorkshire¬S5 0AE¬53.435554504394531¬-1.4489843845367432¬03N¬NHS Sheffield CCG¬01142570788¬duncan.millar@gp-c88643.nhs.uk¬http://www.dunnincroadsurgery.co.uk¬0114 2570069
5510¬C88647¬GP¬UNKNOWN¬Visible¬True¬True¬Owlthorpe Medical Centre¬Moorthorpe Bank¬Owlthorpe¬¬Sheffield¬South Yorkshire¬S20 6PD¬53.338657379150391¬-1.3760727643966675¬03N¬NHS Sheffield CCG¬01142633500¬¬http://www.owlthorpesurgery.nhs.uk/¬01142483213
5511¬C88648¬GP¬UNKNOWN¬Visible¬True¬True¬Crystal Peaks Medical Centre¬15 Peaks Mount¬Crystal Peaks¬¬Sheffield¬South Yorkshire¬S20 7HZ¬53.342864990234375¬-1.3544578552246094¬03N¬NHS Sheffield CCG¬01142510040¬¬http://www.crystalpeaksmc.co.uk¬0114 2510954
5512¬C88652¬GP¬UNKNOWN¬Visible¬True¬True¬Dr Richard Benn¬33 Greystones Road¬¬¬Sheffield¬South Yorkshire¬S11 7BJ¬53.363803863525391¬-1.5103237628936768¬03N¬NHS Sheffield CCG¬01142666528¬sheccg.greystonesmc@nhs.net¬http://www.greystonesmedicalcentre.co.uk/¬0114 268 7977
5515¬C88655¬GP¬UNKNOWN¬Visible¬True¬True¬The Medical Centre¬1A Ingfield Avenue¬¬¬Sheffield¬South Yorkshire¬S9 1WZ¬53.411060333251953¬-1.3972039222717285¬03N¬NHS Sheffield CCG¬01142610623¬¬¬0114-2610949
5516¬C88656¬GP¬UNKNOWN¬Visible¬True¬True¬Dr David Shurmer¬Upper Gate Road¬Stannington¬¬Sheffield¬South Yorkshire¬S6 6BX¬53.393230438232422¬-1.5465229749679565¬03N¬NHS Sheffield CCG¬01142346992¬sheccg.stanningtonmc@nhs.net¬¬0114 2854778
5653¬D81001¬GP¬UNKNOWN¬Visible¬True¬True¬Lensfield Medical Practice¬48 Lensfield Road¬Cambridge¬Cambs¬Cambridge¬Cambridgeshire¬CB2 1EH¬52.1983642578125¬0.12446346133947372¬06H¬NHS Cambridgeshire And Peterborough CCG¬01223651020¬¬¬01223 488619
5654¬D81002¬GP¬UNKNOWN¬Visible¬True¬True¬Huntingdon Road Surgery¬1 Huntingdon Road¬¬¬Cambridge¬Cambridgeshire¬CB3 0DB¬52.214035034179688¬0.11010424792766571¬06H¬NHS Cambridgeshire And Peterborough CCG¬01223364127¬¬http://www.huntingdonroadsurgery.co.uk/¬01223 322541
5655¬D81003¬GP¬UNKNOWN¬Visible¬True¬True¬York Street Medical Practice¬146-148 York Street¬¬¬Cambridge¬Cambridgeshire¬CB1 2PY¬52.205501556396484¬0.14159102737903595¬06H¬NHS Cambridgeshire And Peterborough CCG¬01223364116¬¬¬01223 366088
5656¬D81004¬GP¬UNKNOWN¬Visible¬True¬True¬Alconbury & Brampton Surgeries¬School Lane¬Alconbury¬¬Huntingdon¬Cambridgeshire¬PE28 4EQ¬52.371700286865234¬-0.25678205490112305¬06H¬NHS Cambridgeshire And Peterborough CCG¬01480890281¬¬http://www.alconburybramptonsurgery.co.uk/¬01480 891787
5657¬D81004001¬GP¬UNKNOWN¬Visible¬True¬True¬Brampton Surgery¬69 Miller Way¬Brampton¬¬Huntingdon¬Cambridgeshire¬PE28 4RU¬52.326412200927734¬-0.23385049402713776¬06H¬NHS Cambridgeshire And Peterborough CCG¬01480454050¬¬http://www.alconburybramptonsurgery.co.uk/¬01480 455076
5658¬D81005¬GP¬UNKNOWN¬Visible¬True¬True¬Newnham Walk Surgery¬Wordsworth Grove¬¬¬Cambridge¬Cambridgeshire¬CB3 9HS¬52.19927978515625¬0.11051738262176514¬06H¬NHS Cambridgeshire And Peterborough CCG¬01223366811¬¬http://www.newnhamwalksurgery.nhs.uk/¬01223 302706
5659¬D81005002¬GP¬UNKNOWN¬Visible¬True¬True¬Newnham Walk Surgery At Boots Cambridge¬28 Petty Cury/65-67 Sidney Street¬¬¬Cambridge¬Cambridgeshire¬CB2 3ND¬52.205516815185547¬0.12076520174741745¬06H¬NHS Cambridgeshire And Peterborough CCG¬01223366811¬¬http://www.newnhamwalksurgery.nhs.uk/¬
5661¬D81022009¬GP¬UNKNOWN¬Visible¬True¬True¬Park Medical Centre¬164 Park Road¬¬Cambs¬Peterborough¬Cambridgeshire¬PE1 2UF¬52.581489562988281¬-0.2380942702293396¬06H¬NHS Cambridgeshire And Peterborough CCG¬01733552801¬¬¬01733 425015
5662¬D81008¬GP¬UNKNOWN¬Visible¬True¬True¬North Brink Practice¬7 North Brink¬¬¬Wisbech¬Cambridgeshire¬PE13 1JU¬52.665180206298828¬0.15639762580394745¬06H¬NHS Cambridgeshire And Peterborough CCG¬01945660460¬¬http://www.northbrink.com¬
5663¬D81043005¬GP¬UNKNOWN¬Visible¬True¬True¬Granta Medical Practices, Shelford Health Centre¬Ashen Green¬Great Shelford¬¬Cambridge¬Cambridgeshire¬CB22 5FY¬52.147178649902344¬0.13421599566936493¬06H¬NHS Cambridgeshire And Peterborough CCG¬0300 2345555 (ext. 6)¬¬http://grantamedicalpractices.co.uk¬
5664¬D81010¬GP¬UNKNOWN¬Visible¬True¬True¬Priory Fields Partnership¬Nursery Road¬¬¬Huntingdon¬Cambridgeshire¬PE29 3RL¬52.332271575927734¬-0.17984120547771454¬06H¬NHS Cambridgeshire And Peterborough CCG¬01480413600¬¬https://www.prioryfieldssurgery.nhs.uk/¬
5665¬D81011¬GP¬UNKNOWN¬Visible¬True¬True¬Clarkson Surgery¬De Havilland Road¬¬¬Wisbech¬Cambridgeshire¬PE13 3AN¬52.669086456298828¬0.16207721829414368¬06H¬NHS Cambridgeshire And Peterborough CCG¬01945583133¬¬¬01945 464465
5666¬D81012001¬GP¬UNKNOWN¬Visible¬True¬True¬Fulbourn Health Centre¬Haggis Gap Fulbourn¬¬¬Cambridge¬Cambridgeshire¬CB21 5HD¬52.181751251220703¬0.21802210807800293¬06H¬NHS Cambridgeshire And Peterborough CCG¬01223880216¬¬http://www.cornfordhouse.org¬01223 500987
5667¬D81012¬GP¬UNKNOWN¬Visible¬True¬True¬Cornford House Surgery¬364 Cherry Hinton Road¬¬¬Cambridge¬Cambridgeshire¬CB1 8BA¬52.186000823974609¬0.15665832161903381¬06H¬NHS Cambridgeshire And Peterborough CCG¬01223247505¬¬http://www.cornfordhouse.org¬01223 568187
5668¬D81013¬GP¬UNKNOWN¬Visible¬True¬True¬Trumpington Street Medical Practice¬56 Trumpington Street¬¬¬Cambridge¬Cambridgeshire¬CB2 1RG¬52.202445983886719¬0.1181163564324379¬06H¬NHS Cambridgeshire And Peterborough CCG¬01223361611¬¬http://www.trumpingtonstreetmedicalpractice.co.uk/¬
5670¬D81014¬GP¬UNKNOWN¬Visible¬True¬True¬Staploe Medical Centre¬Brewhouse Lane¬Soham¬¬Ely¬Cambridgeshire¬CB7 5JD¬52.335189819335937¬0.34196436405181885¬06H¬NHS Cambridgeshire And Peterborough CCG¬01353624123¬¬http://www.staploe.com¬01353 624203
5671¬D81015¬GP¬UNKNOWN¬Visible¬True¬True¬Parson Drove Surgery¬240 Main Road¬Parson Drove¬¬Wisbech¬Cambridgeshire¬PE13 4JA¬52.657089233398438¬2.9045693576335907E-2¬06H¬NHS Cambridgeshire And Peterborough CCG¬01945700223¬¬¬01945 700915
5672¬D81016¬GP¬UNKNOWN¬Visible¬True¬True¬Arbury Road Surgery¬114 Arbury Road¬¬¬Cambridge¬Cambridgeshire¬CB4 2JG¬52.225860595703125¬0.12807473540306091¬06H¬NHS Cambridgeshire And Peterborough CCG¬01223364433¬¬http://www.arburyroadsurgery.nhs.uk¬01223 315728
5673¬D81017001¬GP¬UNKNOWN¬Visible¬True¬True¬Cherry Hinton Surgery¬204 High Street¬Cherry Hinton¬¬Cambridge¬Cambridgeshire¬CB1 9HJ¬52.189144134521484¬0.17653217911720276¬06H¬NHS Cambridgeshire And Peterborough CCG¬01223414444¬admin.millroadsurgery@nhs.net¬www.millroadsurgery.co.uk¬01223 210199
5674¬D81017¬GP¬UNKNOWN¬Visible¬True¬True¬Mill Road Surgery¬281 Mill Road¬¬¬Cambridge¬Cambridgeshire¬CB1 3DG¬52.197162628173828¬0.15059918165206909¬06H¬NHS Cambridgeshire And Peterborough CCG¬01223247812¬admin.millroadsurgery@nhs.net¬www.millroadsurgery.co.uk¬01223 214191
5675¬D81018¬GP¬UNKNOWN¬Visible¬True¬True¬Orchard Surgery¬New Road Melbourn¬Melbourn¬¬Royston¬Hertfordshire¬SG8 6BX¬52.080249786376953¬1.8784265965223312E-2¬06H¬NHS Cambridgeshire And Peterborough CCG¬01763260220¬¬¬01763 262968
5676¬D81022006¬GP¬UNKNOWN¬Visible¬True¬True¬Octagon Medical Practice, Thomas Walker Centre.¬Thomas Walker Medical Centre¬87-89 Princes Street¬¬Peterborough¬Cambridgeshire¬PE1 2QP¬52.584014892578125¬-0.24056129157543182¬06H¬NHS Cambridgeshire And Peterborough CCG¬01733554478¬¬https://www.octagonmedicalpractice.co.uk/¬01733 556230
5677¬D81022005¬GP¬UNKNOWN¬Visible¬True¬True¬Nene Valley Medical Practice¬Clayton¬Orton Goldhay¬¬Peterborough¬Cambridgeshire¬PE2 5GP¬52.547565460205078¬-0.28212055563926697¬06H¬NHS Cambridgeshire And Peterborough CCG¬01733366600¬¬http://www.nenevalleysurgery.org.uk¬01733 366677
5678¬D81021¬GP¬UNKNOWN¬Visible¬True¬True¬St George's Medical Centre¬2A Parsons Lane¬¬¬Ely¬Cambridgeshire¬CB6 1JU¬52.458206176757812¬0.3023587167263031¬06H¬NHS Cambridgeshire And Peterborough CCG¬01353864100¬¬http://www.stgeorges-littleport.co.uk/index.aspx¬01353 864171
5679¬D81022002¬GP¬UNKNOWN¬Visible¬True¬True¬Eye Surgery¬High Street¬Eye¬¬Peterborough¬Cambridgeshire¬PE6 7UX¬52.608230590820312¬-0.19283245503902435¬06H¬NHS Cambridgeshire And Peterborough CCG¬01733222282¬¬http://octagonmedicalpractice.co.uk¬01733 764628
5680¬D81022¬GP¬UNKNOWN¬Visible¬True¬True¬Thorney Medical Practice¬Wisbech Road¬Thorney¬¬Peterborough¬Cambridgeshire¬PE6 0SD¬52.622001647949219¬-0.10356375575065613¬06H¬NHS Cambridgeshire And Peterborough CCG¬01733270219¬¬http://octagonmedicalpractice.co.uk¬01733 270860
5681¬D81023002¬GP¬UNKNOWN¬Visible¬True¬True¬Werrington Health Centre¬13 Skaters Way¬¬¬Peterborough¬Cambridgeshire¬PE4 6NB¬52.620811462402344¬-0.27192676067352295¬06H¬NHS Cambridgeshire And Peterborough CCG¬01733578231¬¬¬01733 328132
5682¬D81023¬GP¬UNKNOWN¬Visible¬True¬True¬Paston Health Centre¬Paston¬¬¬Peterborough¬Cambridgeshire¬PE4 7DG¬52.607341766357422¬-0.24206328392028809¬06H¬NHS Cambridgeshire And Peterborough CCG¬01733572584¬¬http://www.pastonhealthcentre.nhs.uk¬01733 328131
5685¬D81025¬GP¬UNKNOWN¬Visible¬True¬True¬Cherry Hinton & Brookfields Medical Practice¬34 Fisher's Lane¬Cherry Hinton¬¬Cambridge¬Cambridgeshire¬CB1 9HR¬52.187458038330078¬0.17764957249164581¬06H¬NHS Cambridgeshire And Peterborough CCG¬01223 652221¬¬http://www.cherryhintonmedical.co.uk¬01223 416519
5686¬D81025001¬GP¬UNKNOWN¬Visible¬True¬True¬Brookfields Health Centre¬Seymour Street¬¬¬Cambridge¬Cambridgeshire¬CB1 3DQ¬52.198272705078125¬0.15422341227531433¬06H¬NHS Cambridgeshire And Peterborough CCG¬01223 652221¬¬http://www.cherryhintonmedical.co.uk¬
5687¬D81026001¬GP¬UNKNOWN¬Visible¬True¬True¬BMC@Werrington¬97 Church Street¬Werrington¬¬Peterborough¬Cambridgeshire¬PE4 6QF¬52.614116668701172¬-0.27090534567832947¬06H¬NHS Cambridgeshire And Peterborough CCG¬01733571110¬¬¬
5689¬D81027¬GP¬UNKNOWN¬Visible¬True¬True¬Wellside Surgery¬45 High Street¬Sawtry¬¬Huntingdon¬Cambridgeshire¬PE28 5SU¬52.440322875976563¬-0.28476497530937195¬06H¬NHS Cambridgeshire And Peterborough CCG¬01487830340¬¬¬01487 832753
5690¬D81028001¬GP¬UNKNOWN¬Visible¬True¬True¬Firs House Partnership, 42 Telegraph Street¬42 Telegraph Street¬¬¬Cottenham¬Cambridgeshire¬CB24 8QU¬52.287128448486328¬0.12712448835372925¬06H¬NHS Cambridgeshire And Peterborough CCG¬01954251180¬¬www.firshouse.com¬
5691¬D81028¬GP¬UNKNOWN¬Visible¬True¬True¬Firs House Surgery, Firs House Partnership¬Station Road Histon¬¬¬Cambridge¬Cambridgeshire¬CB24 9NP¬52.245491027832031¬0.10998518764972687¬06H¬NHS Cambridgeshire And Peterborough CCG¬01223234286¬¬www.firshouse.com¬01223 235931
5692¬D81029¬GP¬UNKNOWN¬Visible¬True¬True¬Old Fletton Surgery¬Rectory Gardens¬Old Fletton¬¬Peterborough¬Cambridgeshire¬PE2 8AY¬52.558322906494141¬-0.23418386280536652¬06H¬NHS Cambridgeshire And Peterborough CCG¬01733344816¬¬¬01733 201779
5693¬D81030¬GP¬UNKNOWN¬Visible¬True¬True¬Grove Medical Practice¬Grove Medical Practrice¬Cromwell Place¬¬St Ives¬Cambridgeshire¬PE27 5JD¬52.324253082275391¬-7.0127516984939575E-2¬06H¬NHS Cambridgeshire And Peterborough CCG¬01480462206¬capccg.grove.medical@nhs.net¬http://www.grovemedicalpractice-stives.nhs.uk/¬01480 465313
5694¬D81031¬GP¬UNKNOWN¬Visible¬True¬True¬Lakeside Healthcare at Yaxley¬The Health Centre¬Landsdowne Road¬Yaxley¬Peterborough¬Cambridgeshire¬PE7 3JL¬52.517292022705078¬-0.25247097015380859¬06H¬NHS Cambridgeshire And Peterborough CCG¬01733240478¬¬http://www.yaxleygp.nhs.uk/home¬01733 244645
5696¬D81033¬GP¬UNKNOWN¬Visible¬True¬True¬Over Surgery¬1 Drings Close¬Over¬¬Cambridge¬Cambridgeshire¬CB24 5NZ¬52.314807891845703¬1.2032208032906055E-2¬06H¬NHS Cambridgeshire And Peterborough CCG¬01954231550¬admin.oversurgery@nhs.net¬http://www.oversurgery.nhs.uk¬01954 231573
5697¬D81034¬GP¬UNKNOWN¬Visible¬True¬True¬St Mary's Surgery¬37 St Marys Street¬¬¬Ely¬Cambridgeshire¬CB7 4HF¬52.398365020751953¬0.25812354683876038¬06H¬NHS Cambridgeshire And Peterborough CCG¬01353663434¬¬http://www.stmarysely.nhs.uk¬
5698¬D81035¬GP¬UNKNOWN¬Visible¬True¬False¬Comberton Surgery¬58 Green End¬Comberton¬¬Cambridge¬Cambridgeshire¬CB23 7DY¬52.189811706542969¬1.8628822639584541E-2¬06H¬NHS Cambridgeshire And Peterborough CCG¬01223 262500¬¬https://www.combertonandeversdensurgery.nhs.uk¬01223 264401
5699¬D81035001¬GP¬UNKNOWN¬Visible¬True¬False¬Eversden Surgery¬33 Harlton Road¬¬¬Little Eversden¬Cambridgeshire¬CB23 1HB¬52.155635833740234¬8.5007622838020325E-3¬06H¬NHS Cambridgeshire And Peterborough CCG¬01223 262579¬¬https://www.combertonandeversdensurgery.nhs.uk¬01223 264492
5700¬D81036¬GP¬UNKNOWN¬Visible¬True¬True¬Priors Field Surgery¬24 High Street Sutton¬¬¬Ely¬Cambridgeshire¬CB6 2RB¬52.388950347900391¬0.12418393790721893¬06H¬NHS Cambridgeshire And Peterborough CCG¬01353778208¬¬http://www.priorsfieldsurgery.nhs.uk¬01353 777765
5701¬D81037¬GP¬UNKNOWN¬Visible¬True¬True¬Bridge Street Medical Centre¬2 All Saints Passage Off Bridge Street¬¬¬Cambridge¬Cambridgeshire¬CB2 3LS¬52.207778930664062¬0.11888246238231659¬06H¬NHS Cambridgeshire And Peterborough CCG¬01223652671¬¬http://www.bridgestreetmedicalcentre.com¬01223 273500
5702¬D81038¬GP¬UNKNOWN¬Visible¬True¬True¬Kimbolton Medical Centre¬Hunters Way¬Kimbolton¬¬Huntingdon¬Cambridgeshire¬PE28 0JF¬52.302566528320312¬-0.38915267586708069¬06H¬NHS Cambridgeshire And Peterborough CCG¬01480860205¬¬http://www.kimboltonmedicalcentre.nhs.uk¬01480 861590
5703¬D81022007¬GP¬UNKNOWN¬Visible¬True¬True¬Jenner Health Centre¬Turners Lane¬Whittlesey¬¬Peterborough¬Cambridgeshire¬PE7 1EJ¬52.554393768310547¬-0.12981672585010529¬06H¬NHS Cambridgeshire And Peterborough CCG¬01733206200¬¬¬01733 206210
5704¬D81040001¬GP¬UNKNOWN¬Visible¬True¬True¬Bluntisham Branch Surgery¬Bluntisham Village Hall¬Mill Lane¬¬Bluntisham¬Cambridgeshire¬PE28 3LR¬52.354488372802734¬1.2512528337538242E-2¬06H¬NHS Cambridgeshire And Peterborough CCG¬01487208044¬hhcdata.churchstreetsurgery@nhs.net¬http://www.chirchstreethealthcentre-somersham.nhs.uk¬01487 740765
5705¬D81040¬GP¬UNKNOWN¬Visible¬True¬True¬Church Street Health Centre¬6Achurch Street¬Somersham¬¬Huntingdon¬Cambridgeshire¬PE28 3EG¬52.380973815917969¬-2.6369770057499409E-3¬06H¬NHS Cambridgeshire And Peterborough CCG¬01487208044¬hhcdata.churchstreetsurgery@nhs.net¬http://www.churchstreethealthcentre-somersham.nhs.uk¬01487 740765
5707¬D81041¬GP¬UNKNOWN¬Visible¬True¬False¬Bourn Surgery¬25 Alms Hill¬Bourn¬¬Cambridge¬Cambridgeshire¬CB23 2SH¬52.193153381347656¬-6.3389070332050323E-2¬06H¬NHS Cambridgeshire And Peterborough CCG¬01954719469¬¬http://www.bournsurgery.nhs.uk/¬01954 718012
5708¬D81042¬GP¬UNKNOWN¬Visible¬True¬True¬Waterbeach Surgery¬Rosalind Franklin House¬Bannold Road¬Waterbeach¬Cambridge¬Cambridgeshire¬CB25 9LQ¬52.270904541015625¬0.19457748532295227¬06H¬NHS Cambridgeshire And Peterborough CCG¬01223860387¬¬http://www.waterbeachsurgery.co.uk/¬01223 576259
5709¬D81043¬GP¬UNKNOWN¬Visible¬True¬True¬Granta Medical Practices, Sawston Medical Centre¬¬London Road¬Sawston¬Cambridge¬Cambridgeshire¬CB22 3HU¬52.115158081054687¬0.16918675601482391¬06H¬NHS Cambridgeshire And Peterborough CCG¬0300 2345555 (ext. 2)¬¬http://www.grantamedicalpractices.co.uk/index.php¬
5710¬D81044¬GP¬UNKNOWN¬Visible¬True¬True¬Nuffield Road Medical Centre¬Nuffield Road¬¬¬Cambridge¬Cambridgeshire¬CB4 1GL¬52.225193023681641¬0.15284682810306549¬06H¬NHS Cambridgeshire And Peterborough CCG¬01223423424¬¬¬01223 566450
5711¬D81045001¬GP¬UNKNOWN¬Visible¬True¬True¬Buckden and Little Paxton Surgery¬40 High Street¬Little Paxton¬¬St. Neots¬Cambridgeshire¬PE19 6EY¬52.250728607177734¬-0.25957992672920227¬06H¬NHS Cambridgeshire And Peterborough CCG¬01480210444¬bandlp@nhs.net¬www.bandlp.co.uk¬01480 218962
5712¬D81045¬GP¬UNKNOWN¬Visible¬True¬True¬Buckden And Little Paxton Surgeries¬Mayfield¬Buckden¬¬St Neots¬Cambridgeshire¬PE19 5SZ¬52.291763305664063¬-0.2541593611240387¬06H¬NHS Cambridgeshire And Peterborough CCG¬01480810216¬bandlp@nhs.net¬www.bandlp.co.uk¬01480 810745
5713¬D81046¬GP¬UNKNOWN¬Visible¬True¬True¬Lakeside Healthcare at The New Queen Street & Stanground Surgeries¬Syers Lane Whittlesey¬¬¬Peterborough¬Cambridgeshire¬PE7 1AT¬52.558055877685547¬-0.12766943871974945¬06H¬NHS Cambridgeshire And Peterborough CCG¬01733204611¬newqueenst.surgery@nhs.net¬¬
5714¬D81046001¬GP¬UNKNOWN¬Visible¬True¬True¬Lakeside Healthcare at The New Queen Street & Stanground Surgeries¬Peterborough Road¬¬Peterborough Road¬Peterborough¬Cambridgeshire¬PE2 8RB¬52.551223754882813¬-0.22585512697696686¬06H¬NHS Cambridgeshire And Peterborough CCG¬01733568569¬¬http://stangroundsurgery.co.uk¬
5715¬D81047¬GP¬UNKNOWN¬Visible¬True¬True¬Ashwell Surgery¬Gardiners Lane¬Ashwell¬¬Baldock¬Hertfordshire¬SG7 5PY¬52.042396545410156¬-0.15630999207496643¬06K¬NHS East And North Hertfordshire CCG¬01462417377¬¬https://www.siliconpractice.co.uk¬
5716¬D81047001¬GP¬UNKNOWN¬Visible¬True¬True¬Spring Lane Surgery¬Spring Lane¬Bassingbourn¬¬Royston¬Hertfordshire¬SG8 5HZ¬52.077400207519531¬-5.3342971950769424E-2¬06K¬NHS East And North Hertfordshire CCG¬017632 90555¬¬¬
5718¬D81049¬GP¬UNKNOWN¬Visible¬True¬True¬Spinney Surgery¬The Spinney¬Ramsey Road¬¬St Ives¬Cambridgeshire¬PE27 3TP¬52.335330963134766¬-7.7747665345668793E-2¬06H¬NHS Cambridgeshire And Peterborough CCG¬01480 495347¬¬http://www.spinney-surgery.org.uk¬01480 356159
5719¬D81050001¬GP¬UNKNOWN¬Visible¬True¬True¬Godmanchester¬1A Pinfold Lane¬Godmanchester¬¬Huntingdon¬Cambridgeshire¬PE29 2JH¬52.317665100097656¬-0.17308995127677917¬06H¬NHS Cambridgeshire And Peterborough CCG¬01480455331¬¬http://www.romangatesurgery.nhs.uk¬01480 456162
5720¬D81050¬GP¬UNKNOWN¬Visible¬True¬True¬The Hicks Group Practice¬75 Ermine Street¬¬¬Huntingdon¬Cambridgeshire¬PE29 3EZ¬52.334236145019531¬-0.18825885653495789¬06H¬NHS Cambridgeshire And Peterborough CCG¬01480453038¬¬http://www.charleshicksmedicalcentre.nhs.uk/¬
5721¬D81051¬GP¬UNKNOWN¬Visible¬True¬True¬Burwell Surgery¬Newmarket Road¬Burwell¬¬Cambridge¬Cambridgeshire¬CB25 0AE¬52.273326873779297¬0.3318556547164917¬06H¬NHS Cambridgeshire And Peterborough CCG¬01638 741234¬admin.burwellsurgery@nhs.net¬http://www.theburwellsurgery.co.uk¬01638 743948
5722¬D81052¬GP¬UNKNOWN¬Visible¬True¬True¬Cornerstone Practice¬26 Elwyn Road¬¬¬March¬Cambridgeshire¬PE15 9BF¬52.548858642578125¬9.1336779296398163E-2¬06H¬NHS Cambridgeshire And Peterborough CCG¬01354606300¬cornerstone.practice@nhs.net¬https://www.cornerstone-practice.co.uk¬
5724¬D81054001¬GP¬UNKNOWN¬Visible¬True¬True¬Medical Centre, Anglia Ruskin University¬Anglia Ruskin University¬East Road¬¬Cambridge¬Cambridgeshire¬CB1 1PT¬52.203388214111328¬0.13459634780883789¬06H¬NHS Cambridgeshire And Peterborough CCG¬01223698251¬¬¬
5725¬D81054¬GP¬UNKNOWN¬Visible¬True¬True¬Red House Surgery¬96 Chesterton Road¬¬¬Cambridge¬Cambridgeshire¬CB4 1ER¬52.21490478515625¬0.12917596101760864¬06H¬NHS Cambridgeshire And Peterborough CCG¬01223365555¬redhousesurgery@nhs.net¬http://www.redhousesurgery.nhs.uk/¬01223 356851
5726¬D81055¬GP¬UNKNOWN¬Visible¬True¬False¬Bottisham Medical Practice¬Tunbridge Lane¬Bottisham¬¬Cambridge¬Cambridgeshire¬CB25 9DU¬52.224674224853516¬0.25994408130645752¬06H¬NHS Cambridgeshire And Peterborough CCG¬01223810030¬¬http://www.bottishammedicalpractice.nhs.uk¬01223 810031
5727¬D81056¬GP¬UNKNOWN¬Visible¬True¬True¬The Petersfield Medical Practice¬25 Mill Road¬¬¬Cambridge¬Cambridgeshire¬CB1 2AB¬52.201541900634766¬0.13380537927150726¬06H¬NHS Cambridgeshire And Peterborough CCG¬01223350647¬capccg.petersfieldmp@nhs.net¬http://www.petersfieldmedicalpractice.co.uk¬01223 576096
5728¬D81057001¬GP¬UNKNOWN¬Visible¬True¬True¬Dumbelton Medical Centre¬Chapman Way¬Eynesbury¬St Neots¬St.Neots¬Cambridgeshire¬PE19 2HD¬52.212619781494141¬-0.27048146724700928¬06H¬NHS Cambridgeshire And Peterborough CCG¬01480406677¬¬¬01480 225452
5729¬D81057¬GP¬UNKNOWN¬Visible¬True¬True¬Cedar House Surgery¬14 Huntingdon Street¬¬¬St Neots¬Cambridgeshire¬PE19 1BQ¬52.229393005371094¬-0.26526114344596863¬06H¬NHS Cambridgeshire And Peterborough CCG¬01480406677¬¬¬01480 225452
5730¬D81058¬GP¬UNKNOWN¬Visible¬True¬False¬Drs.Allen & Gee¬11 Church Street¬Harston¬¬Cambridge¬Cambridgeshire¬CB22 7NP¬52.138362884521484¬7.3820345103740692E-2¬06H¬NHS Cambridgeshire And Peterborough CCG¬01223870250¬¬¬01223 872741
5731¬D81059¬GP¬UNKNOWN¬Visible¬True¬True¬Ramsey Health Centre¬Mews Close Whytefield Road¬Ramsey¬¬Huntingdon¬Cambridgeshire¬PE26 1BP¬52.448463439941406¬-0.10811350494623184¬06H¬NHS Cambridgeshire And Peterborough CCG¬01487812611¬ramsey.health-centre@nhs.net¬http://www.ramseyhealthcentre.co.uk¬
5732¬D81060¬GP¬UNKNOWN¬Visible¬True¬True¬Moat House Surgery¬Beech Close¬Warboys¬¬Huntingdon¬Cambridgeshire¬PE28 2RQ¬52.400913238525391¬-8.4364913403987885E-2¬06H¬NHS Cambridgeshire And Peterborough CCG¬01487822230¬moat.house@nhs.net¬¬01487 823721
5733¬D81061¬GP¬UNKNOWN¬Visible¬True¬True¬George Clare Surgery¬Swan Drive¬New Road¬¬Chatteris¬Cambridgeshire¬PE16 6EX¬52.457424163818359¬5.1866494119167328E-2¬06H¬NHS Cambridgeshire And Peterborough CCG¬01354695888¬¬http://www.georgeclaresurgery.nhs.uk¬01354 695415
5734¬D81062¬GP¬UNKNOWN¬Visible¬True¬True¬The Surgery Haddenham¬The Green Haddenham¬¬¬Ely¬Cambridgeshire¬CB6 3TA¬52.358116149902344¬0.14709842205047607¬06H¬NHS Cambridgeshire And Peterborough CCG¬01353740205¬¬http://www.haddenhamsurgery.nhs.uk/welcome,46452.htm¬01353 741364
5735¬D81062001¬GP¬UNKNOWN¬Visible¬True¬True¬Stretham Surgery¬1 Chapel Street¬Ely¬¬Stretham¬Cambridgeshire¬CB6 3JG¬52.347724914550781¬0.21997939050197601¬06H¬NHS Cambridgeshire And Peterborough CCG¬01353740205¬¬http://www.haddenhamsurgery.nhs.uk/welcome,46452.htm¬01353 741364
5736¬D81022003¬GP¬UNKNOWN¬Visible¬True¬True¬Westgate¬Queensgate Centre¬¬¬Peterborough¬Cambridgeshire¬PE1 1NW¬52.573638916015625¬-0.24285094439983368¬06H¬NHS Cambridgeshire And Peterborough CCG¬1733318440¬¬http://www.westgatesurgery.co.uk¬01733 318441
5737¬D81064¬GP¬UNKNOWN¬Visible¬True¬True¬Drs Teo And Partners¬28 Elwyn Road¬¬¬March¬Cambridgeshire¬PE15 9BY¬52.548412322998047¬9.2112086713314056E-2¬06H¬NHS Cambridgeshire And Peterborough CCG¬01354656841¬¬http://www.merchefordhouse.nhs.uk/¬01354 660788
5739¬D81065¬GP¬UNKNOWN¬Visible¬True¬True¬Nightingale Medical Centre¬Damson Drive¬¬¬Peterborough¬Cambridgeshire¬PE1 4FS¬52.598094940185547¬-0.23131521046161652¬06H¬NHS Cambridgeshire And Peterborough CCG¬01733615090¬¬http://www.nightingalemedicalcentre.com¬
5740¬D81066¬GP¬UNKNOWN¬Visible¬True¬True¬The Queen Edith Medical Practice¬59 Queen Ediths Way¬¬¬Cambridge¬Cambridgeshire¬CB1 8PJ¬52.179767608642578¬0.15035951137542725¬06H¬NHS Cambridgeshire And Peterborough CCG¬01223247288¬¬¬01223 213459
5741¬D81070¬GP¬UNKNOWN¬Visible¬True¬True¬Woodlands Surgery At Eden House¬Eden House¬48-49 Bateman Street¬¬Cambridge¬Cambridgeshire¬CB2 1LR¬52.195274353027344¬0.12701533734798431¬06H¬NHS Cambridgeshire And Peterborough CCG¬01223697600¬capccg.woodlands@nhs.net¬http://www.woodlandssurgery.co.uk¬01223 697601
5742¬D81611001¬GP¬UNKNOWN¬Visible¬True¬True¬Doddington Medical Centre¬11D Benwick Road Doddington¬¬¬March¬Cambridgeshire¬PE15 0TG¬52.497570037841797¬5.8096170425415039E-2¬06H¬NHS Cambridgeshire And Peterborough CCG¬1354740311¬¬¬01354 741335
5743¬D81611002¬GP¬UNKNOWN¬Visible¬True¬True¬Wimblington Surgery¬North Witchford Lodge¬Wimblington¬¬March¬Cambridgeshire¬PE15 0PT¬52.510520935058594¬8.4653288125991821E-2¬06H¬NHS Cambridgeshire And Peterborough CCG¬01354740986¬¬¬01354 741335
5744¬D81073¬GP¬UNKNOWN¬Visible¬True¬True¬Westwood Clinic¬Wicken Way¬¬¬Peterborough¬Cambridgeshire¬PE3 7JW¬52.591396331787109¬-0.26903921365737915¬06H¬NHS Cambridgeshire And Peterborough CCG¬01733265535¬capccg.westwoodclinic@nhs.net¬http://www.westwoodclinic.co.uk¬01733 264263
5747¬D81078¬GP¬UNKNOWN¬Visible¬True¬True¬Maple Surgery¬Hanover Close¬Bar Hill¬¬Cambridge¬Cambridgeshire¬CB23 8EH¬52.252937316894531¬1.8373172730207443E-2¬06H¬NHS Cambridgeshire And Peterborough CCG¬01954780442¬maplesurgery.enquiries@nhs.net¬http://www.mhmaple.co.uk¬01954 789590
5748¬D81081¬GP¬UNKNOWN¬Visible¬True¬True¬Great Staughton Surgery¬57 The Highway¬Great Staughton¬¬St Neots¬Cambridgeshire¬PE19 5DA¬52.267688751220703¬-0.34228962659835815¬06H¬NHS Cambridgeshire And Peterborough CCG¬01480860770¬greatstaughton@nhs.net¬http://www.octagonmedicalpractice.co.uk/greatstaughton¬
5749¬D81082¬GP¬UNKNOWN¬Visible¬True¬True¬Almond Road Surgery¬Almond Road¬St.Neots¬¬St Neots¬Cambridgeshire¬PE19 1DZ¬52.232513427734375¬-0.26207903027534485¬06H¬NHS Cambridgeshire And Peterborough CCG¬01480473413¬¬www.almondroadsurgery.org.uk¬01480 406906
5750¬D81084¬GP¬UNKNOWN¬Visible¬True¬True¬Willingham Medical Practice¬52 Long Lane¬Willingham¬¬Cambridge¬Cambridgeshire¬CB24 5LB¬52.313095092773438¬6.1293058097362518E-2¬06H¬NHS Cambridgeshire And Peterborough CCG¬01954260230¬willinghammedicalpractice@nhs.net¬http://www.willinghammedicalpractice.nhs.uk¬01954 206204
5751¬D81084002¬GP¬UNKNOWN¬Visible¬True¬True¬Longstanton Branch Surgery¬Magdalene Close¬Longstanton¬¬Cambridge¬Cambridgeshire¬CB24 3EG¬52.27996826171875¬5.1692109555006027E-2¬06H¬NHS Cambridgeshire And Peterborough CCG¬01954207600¬willinghammedicalpractice@nhs.net¬http://www.willinghammedicalpractice.nhs.uk¬01954 207601
5752¬D81085¬GP¬UNKNOWN¬Visible¬True¬True¬Octagon @ Papworth Surgery¬Chequers Lane Papworth Everard¬¬¬Cambridge¬Cambridgeshire¬CB23 3QQ¬52.252071380615234¬-0.11747756600379944¬06H¬NHS Cambridgeshire And Peterborough CCG¬01480830888¬admin.papworthsurgery@nhs.net¬https://www.octagonmedicalpractice.co.uk/papworth¬01480 830001
5753¬D81086¬GP¬UNKNOWN¬Visible¬True¬True¬East Barnwell Health Centre¬Ditton Lane¬¬¬Cambridge¬Cambridgeshire¬CB5 8SP¬52.213951110839844¬0.16723443567752838¬06H¬NHS Cambridgeshire And Peterborough CCG¬01223728900¬¬www.eastbarnwellhealthcentre.co.uk¬01223 728901
5754¬D81611003¬GP¬UNKNOWN¬Visible¬True¬True¬Rainbow Surgery¬Rainbow Surgery¬1B Stocking Fen Road¬Ramsey¬Huntingdon¬Cambridgeshire¬PE26 1SA¬52.453830718994141¬-0.11025302112102509¬06H¬NHS Cambridgeshire And Peterborough CCG¬01487 710980¬no-reply.fenlandgp@nhs.net¬http://www.rainbowsurgery.co.uk¬
5756¬D81602¬GP¬UNKNOWN¬Visible¬True¬True¬Cottenham Surgery¬188 High Street¬Cottenham¬¬Cambridge¬Cambridgeshire¬CB24 8SE¬52.289268493652344¬0.1246023029088974¬06H¬NHS Cambridgeshire And Peterborough CCG¬01954250079¬c-pct.cottenham-surgery@nhs.net¬http://www.cottenhamsurgery.nhs.uk¬01954 206078
5757¬D81603¬GP¬UNKNOWN¬Visible¬True¬True¬Riverside Practice¬23 Marylebone Road¬¬¬March¬Cambridgeshire¬PE15 8BG¬52.550872802734375¬8.2843482494354248E-2¬06H¬NHS Cambridgeshire And Peterborough CCG¬01354661922¬¬http://www.riversidepractice.com¬01354 650926
5758¬D81022004¬GP¬UNKNOWN¬Visible¬True¬True¬Octagon Medical Practice, Thomas Walker Centre¬Thomas Walker Medical Centre Princes Street¬¬¬Peterborough¬Cambridgeshire¬PE1 2QP¬52.584014892578125¬-0.24056129157543182¬06H¬NHS Cambridgeshire And Peterborough CCG¬1733551771¬¬¬01733 556260
5759¬D81606¬GP¬UNKNOWN¬Visible¬True¬True¬Orchard Site¬Orchard Site¬Constable Road¬¬St Ives¬Cambridgeshire¬PE27 3ER¬52.343315124511719¬-7.5639583170413971E-2¬06H¬NHS Cambridgeshire And Peterborough CCG¬01480466611¬¬https://www.riverportmedicalpractice.co.uk/¬
5760¬D81607¬GP¬UNKNOWN¬Visible¬True¬True¬Swavesey Surgery¬58 Boxworth End¬Swavesey¬¬Cambridge¬Cambridgeshire¬CB24 4RA¬52.287727355957031¬-4.0189279243350029E-3¬06H¬NHS Cambridgeshire And Peterborough CCG¬01954230202¬admin.swaveseysurgery@nhs.net¬http://www.swaveseysurgery.nhs.uk/welcome,47288.htm¬01954 206035
5761¬D81611¬GP¬UNKNOWN¬Visible¬True¬True¬Manea Surgery¬4 Cathedral View¬Manea¬¬March¬Cambridgeshire¬PE15 0GN¬52.482376098632813¬0.17937469482421875¬06H¬NHS Cambridgeshire And Peterborough CCG¬01354680774¬¬¬01354 688222
5762¬D81612¬GP¬UNKNOWN¬Visible¬True¬True¬Milton Surgery¬Coles Road¬Milton¬¬Cambridge¬Cambridgeshire¬CB24 6BL¬52.241924285888672¬0.16245986521244049¬06H¬NHS Cambridgeshire And Peterborough CCG¬01223420511¬¬http://www.miltonsurgery.co.uk¬01223 425078
5763¬D81615¬GP¬UNKNOWN¬Visible¬True¬True¬Thorpe Road Surgery¬64 Thorpe Road¬¬¬Peterborough¬Cambridgeshire¬PE3 6AP¬52.573238372802734¬-0.25843563675880432¬06H¬NHS Cambridgeshire And Peterborough CCG¬01733302189¬¬http://www.thorperoadsurgery.nhs.uk¬01733 568042
5764¬D81022008¬GP¬UNKNOWN¬Visible¬True¬True¬Dr Vijay Iyer¬Hodgson Centre Hodgson Avenue¬Werrington¬¬Peterborough¬Cambridgeshire¬PE4 5EG¬52.628505706787109¬-0.27933648228645325¬06H¬NHS Cambridgeshire And Peterborough CCG¬01733573232¬¬¬01733 328355
5765¬D81618001¬GP¬UNKNOWN¬Visible¬True¬True¬Newborough Primary Care Centre¬Guntons Road¬Newborough¬¬Peterborough¬Cambridgeshire¬PE6 7QW¬52.639720916748047¬-0.22279354929924011¬06H¬NHS Cambridgeshire And Peterborough CCG¬01733810274¬¬http://www.ailsworthsurgery.co.uk/¬
5766¬D81618¬GP¬UNKNOWN¬Visible¬True¬True¬Ailsworth Medical Centre¬32 Main Street¬Ailsworth¬¬Peterborough¬Cambridgeshire¬PE5 7AF¬52.577434539794922¬-0.35245749354362488¬06H¬NHS Cambridgeshire And Peterborough CCG¬01733 380686¬¬http://www.ailsworthsurgery.co.uk¬01733 380400
5767¬D81606001¬GP¬UNKNOWN¬Visible¬True¬True¬Parkhall Site¬Parkhall Road¬Somersham¬¬Huntingdon¬Cambridgeshire¬PE28 3EU¬52.384384155273437¬-1.1018185177817941E-3¬06H¬NHS Cambridgeshire And Peterborough CCG¬01487740888¬¬https://www.riverportmedicalpractice.co.uk/¬
5768¬D81618002¬GP¬UNKNOWN¬Visible¬True¬True¬Parnwell Medical Centre¬Parnwell Local Centre¬Saltersgate¬¬Peterborough¬Cambridgeshire¬PE1 4YL¬52.594081878662109¬-0.20735207200050354¬06H¬NHS Cambridgeshire And Peterborough CCG¬01733896112¬¬¬01733 892286
5769¬D81622¬GP¬UNKNOWN¬Visible¬True¬True¬Trinity Surgery¬29 St Augustines Road¬¬¬Wisbech¬Cambridgeshire¬PE13 3UZ¬52.665699005126953¬0.16392131149768829¬06H¬NHS Cambridgeshire And Peterborough CCG¬01945476999¬¬http://www.trinity-surgery.co.uk/¬01945 476900
5770¬D81623¬GP¬UNKNOWN¬Visible¬True¬True¬Old Exchange Surgery¬East Street¬¬¬St Ives¬Cambridgeshire¬PE27 5PB¬52.324440002441406¬-7.2672814130783081E-2¬06H¬NHS Cambridgeshire And Peterborough CCG¬01480497477¬¬http://www.theoldexchangesurgery.co.uk¬01480 497550
5771¬D81624¬GP¬UNKNOWN¬Visible¬True¬False¬Dogsthorpe Medical Centre¬Poplar Avenue¬¬¬Peterborough¬Cambridgeshire¬PE1 4QF¬52.5994873046875¬-0.22648967802524567¬06H¬NHS Cambridgeshire And Peterborough CCG¬01733560061¬dogsthorpemedicalcentre@nhs.net¬http://www.nhs.uk/pages/home.aspx¬01733 346001
5772¬D81625¬GP¬UNKNOWN¬Visible¬True¬True¬Thistlemoor Medical Centre¬6-8 Thistlemoor Road¬¬¬Peterborough¬Cambridgeshire¬PE1 3HP¬52.594429016113281¬-0.25607737898826599¬06H¬NHS Cambridgeshire And Peterborough CCG¬01733551988¬paulina.janczura@nhs.net¬http://www.thistlemoor.co.uk¬01733 707702
5773¬D81629¬GP¬UNKNOWN¬Visible¬True¬True¬Orton Bushfield Medical Centre¬Orton Goldhay¬¬¬Peterborough¬Cambridgeshire¬PE2 5RQ¬52.544624328613281¬-0.30307358503341675¬06H¬NHS Cambridgeshire And Peterborough CCG¬01733371451¬¬http://www.ortonbushfield.gpsurgery.net¬01733 371453
5774¬D81630¬GP¬UNKNOWN¬Visible¬True¬True¬Hampton Health¬Unit 6B¬Serpentine Green Shopping Centre¬The Serpentine¬Peterborough¬Cambridgeshire¬PE7 8DR¬52.539024353027344¬-0.26360917091369629¬06H¬NHS Cambridgeshire And Peterborough CCG¬01733556900¬no-reply.hamptonhealth@nhs.net¬http://www.hamptonhealth.uk¬01733 556911
5775¬D81631¬GP¬UNKNOWN¬Visible¬True¬True¬Central Medical Centre¬St Martins Street¬Millfield¬¬Peterborough¬Cambridgeshire¬PE1 3BF¬52.587001800537109¬-0.24596266448497772¬06H¬NHS Cambridgeshire And Peterborough CCG¬01733310147¬secure.queries@nhs.net¬http://www.centralmed-peterborough.co.uk¬01733 892356
5776¬D81633¬GP¬UNKNOWN¬Visible¬True¬True¬Acorn Surgery¬Oak Tree Centre¬1 Oak Drive¬¬Huntingdon¬Cambridgeshire¬PE29 7HN¬52.34539794921875¬-0.17571985721588135¬06H¬NHS Cambridgeshire And Peterborough CCG¬01480483100¬acorn.enquiries@nhs.net¬www.acornsurgery.com¬01480 483101
5777¬D81637¬GP¬UNKNOWN¬Visible¬True¬True¬Monkfield Medical Practice¬Sackville House¬Sackville Way¬Great Cambourne¬Cambridge¬Cambridgeshire¬CB23 6HL¬52.218776702880859¬-6.5963707864284515E-2¬06H¬NHS Cambridgeshire And Peterborough CCG¬01954282153¬¬http://www.monkfieldpractice.co.uk/¬01954 282151
5778¬D81645¬GP¬UNKNOWN¬Visible¬True¬True¬The Grange Medical Centre¬144-146 Mayors Walk¬West Town¬¬Peterborough¬Cambridgeshire¬PE3 6HA¬52.578392028808594¬-0.26202452182769775¬06H¬NHS Cambridgeshire And Peterborough CCG¬01733310110¬¬¬01733 896747
5779¬D82001001¬GP¬UNKNOWN¬Visible¬True¬True¬Blakeney Surgery¬Langham Road¬¬¬Holt¬Norfolk¬NR25 7PQ¬52.952236175537109¬1.0114617347717285¬26A¬NHS Norfolk And Waveney CCG¬01263712461¬¬http://www.holt-practice.nhs.uk¬
5780¬D82001002¬GP¬UNKNOWN¬Visible¬True¬True¬Melton Constable Surgery¬Grove Road¬¬¬Melton Constable¬Norfolk¬NR24 2DE¬52.855922698974609¬1.0369350910186768¬26A¬NHS Norfolk And Waveney CCG¬01263712461¬¬http://www.holt-practice.nhs.uk¬
5781¬D82001¬GP¬UNKNOWN¬Visible¬True¬True¬Holt Medical Practice¬Old Cromer Road¬High Kelling¬¬Holt¬Norfolk¬NR25 6QA¬52.914474487304688¬1.1160567998886108¬26A¬NHS Norfolk And Waveney CCG¬01263712461¬¬http://www.holt-practice.nhs.uk¬
5782¬D82002¬GP¬UNKNOWN¬Visible¬True¬True¬Grove Surgery¬Grove Lane¬¬¬Thetford¬Norfolk¬IP24 2HY¬52.415439605712891¬0.75149160623550415¬26A¬NHS Norfolk And Waveney CCG¬01842752285¬grove.surgery@nhs.net¬http://www.grovesurgerythetford.co.uk¬
5783¬D82003¬GP¬UNKNOWN¬Visible¬True¬True¬The Beaches Medical Centre¬Sussex Road¬Gorleston¬¬Great Yarmouth¬Norfolk¬NR31 6QB¬52.577121734619141¬1.7277486324310303¬26A¬NHS Norfolk And Waveney CCG¬01493414141¬thebeaches.mc@nhs.net¬http://www.thebeachesmedicalcentre.co.uk¬
5784¬D82004¬GP¬UNKNOWN¬Visible¬True¬True¬Cromer Group Practice¬Mill Road¬¬¬Cromer¬Norfolk¬NR27 0BG¬52.924453735351562¬1.3079031705856323¬26A¬NHS Norfolk And Waveney CCG¬01263513148¬cromergrouppractice@nhs.net¬http://www.cromergrouppractice.nhs.uk¬01263 515264
5785¬D82005¬GP¬UNKNOWN¬Visible¬True¬True¬Sheringham Medical Practice¬Cromer Road¬¬¬Sheringham¬Norfolk¬NR26 8RT¬52.939659118652344¬1.2147741317749023¬26A¬NHS Norfolk And Waveney CCG¬01263822066¬¬www.sheringhammedical.nhs.uk¬01263 820509
5786¬D82006¬GP¬UNKNOWN¬Visible¬True¬True¬Chet Valley Medical Practice¬George House¬40-48 George Lane¬Loddon¬Norwich¬Norfolk¬NR14 6QH¬52.534568786621094¬1.4742134809494019¬26A¬NHS Norfolk And Waveney CCG¬01508 520222¬loddon.doctors@nhs.net¬http://www.loddondoctorssurgery.co.uk¬01508 528579
5787¬D82007¬GP¬UNKNOWN¬Visible¬True¬True¬Newtown Surgery (a branch of East Norfolk Medical Practice)¬147 Lawn Avenue¬147 Lawn Avenue¬¬Great Yarmouth¬Norfolk¬NR30 1QP¬52.619125366210938¬1.7255418300628662¬26A¬NHS Norfolk And Waveney CCG¬01493 745050¬gywccg.enmpreception@nhs.net¬http://www.enmp.co.uk¬
5788¬D82007001¬GP¬UNKNOWN¬Visible¬True¬True¬Caister Health Centre (a branch of East Norfolk Medical Prac¬West Road¬Caister On Sea¬¬Great Yarmouth¬Norfolk¬NR30 5AQ¬52.647567749023438¬1.7249448299407959¬26A¬NHS Norfolk And Waveney CCG¬01493 745050¬gywccg.enmpreception@nhs.net¬http://www.enmp.co.uk¬
5789¬D82009¬GP¬UNKNOWN¬Visible¬True¬True¬Stalham Staithe Surgery¬Lower Staithe Road¬Stalham¬¬Norwich¬Norfolk¬NR12 9BU¬52.770034790039063¬1.5175392627716064¬26A¬NHS Norfolk And Waveney CCG¬01692582000¬info@staithesurgery.co.uk¬http://staithesurgery.co.uk¬01692 580428
5790¬D82010¬GP¬UNKNOWN¬Visible¬True¬False¬Grimston Medical Centre¬Congham Road¬Grimston¬King's Lynn¬Kings Lynn¬Norfolk¬PE32 1DW¬52.773525238037109¬0.54843413829803467¬26A¬NHS Norfolk And Waveney CCG¬01485600341¬n/a¬¬N/A
5791¬D82011003¬GP¬UNKNOWN¬Visible¬True¬True¬The Tuckswood Surgery¬Hall Road¬¬¬Norwich¬Norfolk¬NR4 6NE¬52.609699249267578¬1.2891639471054077¬26A¬NHS Norfolk And Waveney CCG¬01603447700¬tuckswood.surgery@nhs.net¬http://www.castle-partnership.co.uk¬01603 447702
5792¬D82011001¬GP¬UNKNOWN¬Visible¬True¬True¬Gurney Surgery¬40 Fishergate¬¬¬Norwich¬Norfolk¬NR3 1SE¬52.63397216796875¬1.298317551612854¬26A¬NHS Norfolk And Waveney CCG¬01603448800¬gurney.surgery@nhs.net¬http://www.castle-partnership.co.uk¬01603 448012
5793¬D82011¬GP¬UNKNOWN¬Visible¬True¬True¬Mile End Road Surgery¬29 Mile End Road¬¬¬Norwich¬Norfolk¬NR4 7QX¬52.618659973144531¬1.2695327997207642¬26A¬NHS Norfolk And Waveney CCG¬01603442200¬mileend.surgery@nhs.net¬http://www.castle-partnership.co.uk¬01603 446012
5794¬D82012¬GP¬UNKNOWN¬Visible¬True¬True¬Magdalen Medical Practice¬Lawson Road¬¬¬Norwich¬Norfolk¬NR3 4LF¬52.643268585205078¬1.2989586591720581¬26A¬NHS Norfolk And Waveney CCG¬01603475555¬garry@nhs.net¬http://www.magdalenmedical.nhs.uk¬01603 477747
5795¬D82013¬GP¬UNKNOWN¬Visible¬True¬True¬Old Catton Medical Practice¬55 Lodge Lane¬¬¬Norwich¬Norfolk¬NR6 7HQ¬52.667888641357422¬1.3001927137374878¬26A¬NHS Norfolk And Waveney CCG¬01603415519¬ocmp@nhs.net¬http://www.oldcattonsurgery.nhs.uk¬01603 486445
5796¬D82015¬GP¬UNKNOWN¬Visible¬True¬True¬Bridge Street Surgery¬30/32 Bridge Street¬¬¬Downham Market¬Norfolk¬PE38 9DH¬52.602909088134766¬0.37616121768951416¬26A¬NHS Norfolk And Waveney CCG¬01366388888¬¬¬01366 383716
5798¬D82016¬GP¬UNKNOWN¬Visible¬True¬True¬The Market Surgery¬26 Norwich Road¬Aylsham¬¬Norwich¬Norfolk¬NR11 6BW¬52.791347503662109¬1.2531918287277222¬26A¬NHS Norfolk And Waveney CCG¬01263733331¬marketsurgery.d82016@nhs.net¬http://www.themarketsurgery.nhs.uk¬01263 735879
5799¬D82017¬GP¬UNKNOWN¬Visible¬True¬True¬Trinity & Bowthorpe Medical Practice¬1 Trinity Street¬¬¬Norwich¬Norfolk¬NR2 2BQ¬52.624408721923828¬1.2802623510360718¬26A¬NHS Norfolk And Waveney CCG¬01603 624844¬trinity.bowthorpe@nhs.net¬http://www.trinityandbowthorpe.co.uk/¬
5800¬D82017002¬GP¬UNKNOWN¬Visible¬True¬True¬Bowthorpe Medical Practice¬Bowthorpe Health Centre¬Bowthorpe Main Centre¬Wendene¬Norwich¬Norfolk¬NR5 9HA¬52.637187957763672¬1.2172971963882446¬26A¬NHS Norfolk And Waveney CCG¬01603 748043¬trinity.bowthorpe@nhs.net¬http://www.trinityandbowthorpe.co.uk/¬
5801¬D82018¬GP¬UNKNOWN¬Visible¬True¬True¬Hellesdon Medical Practice¬343 Reepham Road¬¬¬Norwich¬Norfolk¬NR6 5QJ¬52.670097351074219¬1.2538460493087769¬26A¬NHS Norfolk And Waveney CCG¬01603486602¬¬http://www.hellesdonmedicalpractice.co.uk/¬01603 401389
5802¬D82019¬GP¬UNKNOWN¬Visible¬True¬True¬Millwood Surgery¬Mill Lane¬Bradwell¬¬Great Yarmouth¬Norfolk¬NR31 8HS¬52.584724426269531¬1.69844651222229¬26A¬NHS Norfolk And Waveney CCG¬01493661549¬millwood.surgery@nhs.net¬http://www.millwoodsurgery.co.uk¬01493 440187
5804¬D82020¬GP¬UNKNOWN¬Visible¬True¬True¬Orchard Surgery¬Commercial Road¬¬¬Dereham¬Norfolk¬NR19 1AE¬52.679981231689453¬0.94350951910018921¬26A¬NHS Norfolk And Waveney CCG¬01362693029¬¬¬01362 698347
5806¬D82022¬GP¬UNKNOWN¬Visible¬True¬True¬Lawns Practice¬Mount Street¬¬¬Diss¬Norfolk¬IP22 4WG¬52.378887176513672¬1.1091064214706421¬26A¬NHS Norfolk And Waveney CCG¬01379642021¬¬¬01379 641673
5807¬D82023¬GP¬UNKNOWN¬Visible¬True¬True¬Roundwell Medical Centre¬25-27 Dr Torrens Way¬Costessey¬¬Norwich¬Norfolk¬NR5 0GB¬52.648841857910156¬1.2038098573684692¬26A¬NHS Norfolk And Waveney CCG¬01603744014¬mail.roundwell@nhs.net¬http://www.roundwellmedicalcentre.co.uk¬01603 726549
5809¬D82024¬GP¬UNKNOWN¬Visible¬True¬True¬The Taverham Partnership¬Sandy Lane¬Taverham¬¬Norwich¬Norfolk¬NR8 6JR¬52.681488037109375¬1.1961969137191772¬26A¬NHS Norfolk And Waveney CCG¬01603867481¬¬http://www.taverhampartnership.co.uk¬01603 261781
5810¬D82025¬GP¬UNKNOWN¬Visible¬True¬True¬Hoveton & Wroxham Medical Centre¬Stalham Road¬Hoveton¬¬Norwich¬Norfolk¬NR12 8DU¬52.716732025146484¬1.4206768274307251¬26A¬NHS Norfolk And Waveney CCG¬01603782155¬nnccg.hwmc@nhs.net¬http://www.hovetonandwroxhammedicalcentre.nhs.uk/¬01603 782189
5811¬D82026¬GP¬UNKNOWN¬Visible¬True¬True¬Lakenham Surgery¬1 Ninham Street¬¬¬Norwich¬Norfolk¬NR1 3JJ¬52.618297576904297¬1.2965915203094482¬26A¬NHS Norfolk And Waveney CCG¬01603765550¬lakenham.surgery@nhs.net¬www.lakenham-surgery.co.uk¬01603 766790
5812¬D82027¬GP¬UNKNOWN¬Visible¬True¬True¬Heacham Group Practice¬45 Station Road¬Heacham¬King's Lynn¬Kings Lynn¬Norfolk¬PE31 7EX¬52.909877777099609¬0.49119898676872253¬26A¬NHS Norfolk And Waveney CCG¬01485572769¬¬http://www.heachamgrouppractice.org¬01485 579255
5813¬D82027001¬GP¬UNKNOWN¬Visible¬True¬True¬Snettisham Surgery¬Common Road¬Snettisham¬¬King's Lynn¬Norfolk¬PE31 7PE¬52.877983093261719¬0.49431905150413513¬26A¬NHS Norfolk And Waveney CCG¬01485572769¬¬http://www.heachamgrouppractice.org¬01485 579255
5814¬D82028¬GP¬UNKNOWN¬Visible¬True¬True¬Ludham And Stalham Green Surgeries¬Staithe Road¬Ludham¬¬Great Yarmouth¬Norfolk¬NR29 5AB¬52.709102630615234¬1.5344147682189941¬26A¬NHS Norfolk And Waveney CCG¬01692678611¬ludham.surgery@nhs.net¬http://ludhamsurgery.nhs.uk/¬01692 678295
5815¬D82028001¬GP¬UNKNOWN¬Visible¬True¬True¬Stalham Green Surgery¬Yarmouth Road¬Stalham¬¬Norwich¬Norfolk¬NR12 9PS¬52.768764495849609¬1.5270013809204102¬26A¬NHS Norfolk And Waveney CCG¬01692580880¬ludham.surgery@nhs.net¬http://stalhamgreensurgery.nhs.uk¬01692 581397
5816¬D82029¬GP¬UNKNOWN¬Visible¬True¬True¬Drayton Medical Practice¬8 Manor Farm Close¬Drayton¬¬Norwich¬Norfolk¬NR8 6EE¬52.679244995117188¬1.2261010408401489¬26A¬NHS Norfolk And Waveney CCG¬01603867532¬drayton.surgery@nhs.net¬http://www.draytonmedical.nhs.uk¬01603 261497
5817¬D82029001¬GP¬UNKNOWN¬Visible¬True¬True¬St Faiths Surgery¬20 Norwich Road¬Horsham St. Faith¬¬Norwich¬Norfolk¬NR10 3LB¬52.692043304443359¬1.282048225402832¬26A¬NHS Norfolk And Waveney CCG¬01603898235¬drayton.surgery@nhs.net¬http://www.draytonmedical.nhs.uk¬01603 891783
5818¬D82030002¬GP¬UNKNOWN¬Visible¬True¬True¬Reepham Surgery¬Smugglers Lane¬Reepham¬¬Norwich¬Norfolk¬NR10 4QT¬52.764194488525391¬1.1080667972564697¬26A¬NHS Norfolk And Waveney CCG¬01603870271¬nnccg.reephamandaylshammedicalpractice@nhs.net¬http://www.aylshamandreepham.nhs.uk¬01603 872995
5819¬D82030¬GP¬UNKNOWN¬Visible¬True¬True¬Aylsham Surgery¬60 Hungate Street¬¬¬Aylsham¬¬NR11 6AA¬52.793960571289063¬1.2503604888916016¬26A¬NHS Norfolk And Waveney CCG¬01263733693¬nnccg.reephamandaylshammedicalpractice@nhs.net¬http://www.aylshamandreepham.nhs.uk¬01263 734523
5820¬D82031¬GP¬UNKNOWN¬Visible¬True¬True¬Parish Fields Practice¬Mount Street¬¬¬Diss¬Norfolk¬IP22 4WG¬52.378887176513672¬1.1091064214706421¬26A¬NHS Norfolk And Waveney CCG¬01379 642023¬parishfields.recep@nhs.net¬http://www.parishfields.co.uk¬01379 643320
5821¬D82032¬GP¬UNKNOWN¬Visible¬True¬True¬Brundall Medical Partnership¬The Dales¬Brundall¬¬Norwich¬Norfolk¬NR13 5RP¬52.622665405273438¬1.437036395072937¬26A¬NHS Norfolk And Waveney CCG¬01603712255¬brundall.reception@nhs.net¬http://www.brundallmedicalcentre.nhs.uk/¬01603 712156
5825¬D82034¬GP¬UNKNOWN¬Visible¬True¬True¬Attleborough Surgery¬Station Road¬¬¬Attleborough¬Norfolk¬NR17 2AS¬52.514839172363281¬1.020746111869812¬26A¬NHS Norfolk And Waveney CCG¬01953453166¬¬http://www.attleboroughsurgeries.com¬01953 453569
5826¬D82035¬GP¬UNKNOWN¬Visible¬True¬True¬Upwell Health Centre¬Townley Close¬Upwell¬¬Wisbech¬Cambridgeshire¬PE14 9BT¬52.599967956542969¬0.22425231337547302¬26A¬NHS Norfolk And Waveney CCG¬01945773671¬¬http://www.upwellhealthcentre.nhs.uk¬
5827¬D82036001¬GP¬UNKNOWN¬Visible¬True¬True¬Old Mill and Millgates Medical Practice¬Mill Road¬Hempnall¬¬Norwich¬Norfolk¬NR15 2LP¬52.500625610351563¬1.2962772846221924¬26A¬NHS Norfolk And Waveney CCG¬01508499333¬¬¬01508 498315
5828¬D82036¬GP¬UNKNOWN¬Visible¬True¬True¬Old Mill And Millgates Medical Practice¬Hardley Road¬Poringland¬¬Norwich¬Norfolk¬NR14 7FA¬52.576313018798828¬1.3374021053314209¬26A¬NHS Norfolk And Waveney CCG¬01508492929¬¬http://www.oldmillandmillgatessurgery.nhs.uk/¬01508 495371
5829¬D82037¬GP¬UNKNOWN¬Visible¬True¬True¬Long Stratton Medical Partnership¬Swan Lane¬Tharston¬¬Norwich¬Norfolk¬NR15 2UY¬52.491001129150391¬1.2290775775909424¬26A¬NHS Norfolk And Waveney CCG¬01508530781¬lsmp.d82037@nhs.net¬http://www.longstrattonsurgery.nhs.uk¬01508 530700
5830¬D82038¬GP¬UNKNOWN¬Visible¬True¬True¬Wells Health Centre¬Bolts Close¬¬¬Wells-Next-The-Sea¬Norfolk¬NR23 1JP¬52.954948425292969¬0.85323292016983032¬26A¬NHS Norfolk And Waveney CCG¬01328710741¬¬¬01328 711825
5831¬D82039001¬GP¬UNKNOWN¬Visible¬True¬False¬Lenwade Surgery¬The Street¬Lenwade¬¬Norwich¬Norfolk¬NR9 5SD¬52.721244812011719¬1.1073057651519775¬26A¬NHS Norfolk And Waveney CCG¬01603871160¬¬http://www.mattishallsurgery.co.uk/¬01603 872895
5832¬D82039¬GP¬UNKNOWN¬Visible¬True¬False¬Mattishall Surgery¬15 Dereham Road¬Mattishall¬¬Dereham¬Norfolk¬NR20 3QA¬52.659030914306641¬1.0333913564682007¬26A¬NHS Norfolk And Waveney CCG¬01362850227¬¬¬01362 858466
5833¬D82040¬GP¬UNKNOWN¬Visible¬True¬True¬Wensum Valley Medical Practice West Earlham Health Centre¬West Earlham Health Centre¬West Earlham¬¬Norwich¬Norfolk¬NR5 8AD¬52.631790161132812¬1.2408314943313599¬26A¬NHS Norfolk And Waveney CCG¬01603250660¬wvmpwe@aol.com¬¬01603 259202
5834¬D82040003¬GP¬UNKNOWN¬Visible¬True¬True¬Adelaide Street Health Centre¬Adelaide Street¬¬¬Norwich¬Norfolk¬NR2 4JL¬52.634517669677734¬1.2766436338424683¬26A¬NHS Norfolk And Waveney CCG¬01603 250 660¬¬http://www.wensumvalleymedicalpractice.nhs.uk/¬01603 766820
5835¬D82040002¬GP¬UNKNOWN¬Visible¬True¬True¬Wensum Valley Medical Practice Assessment And Treatment Centre - Bates Green¬8A Bates Green¬¬¬Norwich¬Norfolk¬NR5 8YT¬52.641063690185547¬1.2417540550231934¬26A¬NHS Norfolk And Waveney CCG¬01603250660¬¬http://www.wensumvalleymedicalpractice.nhs.uk¬
5836¬D82041¬GP¬UNKNOWN¬Visible¬True¬True¬School Lane Surgery¬School Lane¬¬¬Thetford¬Norfolk¬IP24 2AG¬52.412441253662109¬0.74926090240478516¬26A¬NHS Norfolk And Waveney CCG¬01842753115¬¬¬01842 751242
5838¬D82042¬GP¬UNKNOWN¬Visible¬True¬False¬East Harling & Kenninghall Medical Practice¬Market Street¬East Harling¬¬Norwich¬Norfolk¬NR16 2AD¬52.439067840576172¬0.93226766586303711¬26A¬NHS Norfolk And Waveney CCG¬01953717204¬eastharling.medicalpractice@nhs.net¬https://www.eh-khsurgery.co.uk¬
5839¬D82042001¬GP¬UNKNOWN¬Visible¬True¬False¬King's Ride Surgery¬Quidenham Road¬¬Kenninghall¬Norwich¬Norfolk¬NR16 2EF¬52.436038970947266¬0.99600094556808472¬26A¬NHS Norfolk And Waveney CCG¬01953887208¬kenninghall.medicalpractice@nhs.net¬https://www.eh-khsurgery.co.uk/¬
5840¬D82043¬GP¬UNKNOWN¬Visible¬True¬True¬Watlington Medical Centre¬Rowan Close¬Watlington¬¬Kings Lynn¬Norfolk¬PE33 0TU¬52.666797637939453¬0.39117783308029175¬26A¬NHS Norfolk And Waveney CCG¬01553 810253¬¬http://www.watlingtonmedicalcentre.co.uk/¬
5841¬D82044002¬GP¬UNKNOWN¬Visible¬True¬True¬Gayton Road Health And Surgical Centre¬Gayton Road¬¬¬Kings Lynn¬Norfolk¬PE30 4DY¬52.757289886474609¬0.42346253991127014¬26A¬NHS Norfolk And Waveney CCG¬01553600075¬¬http://www.vidahealthcare.nhs.uk¬01553 600985
5842¬D82044¬GP¬UNKNOWN¬Visible¬True¬True¬Carole Brown Health Centre¬St Nicholas Court¬Church Lane¬Dersingham¬Kings Lynn¬Norfolk¬PE31 6GZ¬52.844230651855469¬0.51339733600616455¬26A¬NHS Norfolk And Waveney CCG¬01485500139¬¬http://www.vidahealthcare.nhs.uk¬01485 545 378
5843¬D82045¬GP¬UNKNOWN¬Visible¬True¬True¬Wymondham Medical Partnership¬Wymondham Medical Centre¬Postmill Close¬¬Wymondham¬Norfolk¬NR18 0RF¬52.572174072265625¬1.1216791868209839¬26A¬NHS Norfolk And Waveney CCG¬01953602220¬¬http://wymmed.co.uk¬01953 605313
5844¬D82046¬GP¬UNKNOWN¬Visible¬True¬True¬Church Hill Surgery¬Station Road¬Pulham Market¬¬Diss¬Norfolk¬IP21 4TX¬52.428524017333984¬1.2290225028991699¬26A¬NHS Norfolk And Waveney CCG¬01379676227¬¬¬01379 608014
5846¬D82047¬GP¬UNKNOWN¬Visible¬True¬True¬Oak Street Medical Practice¬Oak Street¬¬¬Norwich¬Norfolk¬NR3 3DL¬52.634246826171875¬1.2897202968597412¬26A¬NHS Norfolk And Waveney CCG¬01603613431¬oakstreet.practicenorwich@nhs.net¬http://oakstreetmedical-norwich.nhs.uk/¬
5847¬D82048¬GP¬UNKNOWN¬Visible¬True¬True¬Thorpewood Medical Group, Thorpewood Surgery¬140 Woodside Road¬Thorpe St Andrew¬¬Norwich¬Norfolk¬NR7 9QL¬52.641952514648438¬1.3410853147506714¬26A¬NHS Norfolk And Waveney CCG¬01603701477¬thorpewood.d82048@nhs.net¬http://www.thorpewoodmedicalgroup.nhs.uk¬
5848¬D82048001¬GP¬UNKNOWN¬Visible¬True¬True¬Thorpewood Medical Group, Dussindale Branch¬Pound Lane¬Thorpe St Andrew¬¬Norwich¬Norfolk¬NR7 0SR¬52.630928039550781¬1.3607759475708008¬26A¬NHS Norfolk And Waveney CCG¬01603700992¬thorpewood.d82048@nhs.net¬http://www.thorpewoodmedicaloup.nhs.uk¬01603 702348
5849¬D82049¬GP¬UNKNOWN¬Visible¬True¬False¬Litcham Health Centre¬Litcham Health Centre¬Manor Drive¬Litcham¬Kings Lynn¬Norfolk¬PE32 2NW¬52.722305297851563¬0.79013395309448242¬26A¬NHS Norfolk And Waveney CCG¬01328701568¬¬http://www.litchamhealthcentre.co.uk¬01328 700632
5850¬D82050¬GP¬UNKNOWN¬Visible¬True¬True¬Theatre Royal Surgery¬27 Theatre Street¬¬¬Dereham¬Norfolk¬NR19 2EN¬52.683765411376953¬0.94239747524261475¬26A¬NHS Norfolk And Waveney CCG¬01362852800¬¬http://www.theatresurgery.com/¬01362 852819
5851¬D82051¬GP¬UNKNOWN¬Visible¬True¬True¬St James Medical Practice¬County Court Road¬¬¬Kings Lynn¬Norfolk¬PE30 5SY¬52.751991271972656¬0.40151757001876831¬26A¬NHS Norfolk And Waveney CCG¬01553774221¬¬http://www.stjamesmp.co.uk/¬01553 692181
5852¬D82053¬GP¬UNKNOWN¬Visible¬True¬True¬Mundesley Medical Centre¬Munhaven Close¬Mundesley¬¬Norwich¬Norfolk¬NR11 8AR¬52.876018524169922¬1.4320451021194458¬26A¬NHS Norfolk And Waveney CCG¬01263724500¬mundesley.medicalcentre@nhs.net¬http://www.mundesleymedical.co.uk/¬01263 720165
5853¬D82053001¬GP¬UNKNOWN¬Visible¬True¬True¬Bacton Surgery¬Coast Road¬Bacton¬Mundesley¬Norwich¬Norfolk¬NR12 0EW¬52.852916717529297¬1.4775315523147583¬26A¬NHS Norfolk And Waveney CCG¬01263724500¬mundesley.medicalcentre@nhs.net¬¬01263 720165
5854¬D82054001¬GP¬UNKNOWN¬Visible¬True¬True¬Fakenham Medical Practice - Branch Surgery¬Cleaves Drive¬Little Walsingham¬¬Walsingham¬Norfolk¬NR22 6EQ¬52.896865844726563¬0.87368202209472656¬26A¬NHS Norfolk And Waveney CCG¬01328 851321¬¬https://www.fakenham-medical-practice.nhs.uk/¬
5855¬D82054¬GP¬UNKNOWN¬Visible¬True¬True¬Fakenham Medical Practice¬Meditrina House¬Trinity Road¬¬Fakenham¬Norfolk¬NR21 8SY¬52.839328765869141¬0.86760753393173218¬26A¬NHS Norfolk And Waveney CCG¬01328 851321¬¬https://www.fakenham-medical-practice.nhs.uk/¬
5857¬D82056¬GP¬UNKNOWN¬Visible¬True¬True¬Elmham Surgery¬59 Holt Road¬Elmham¬North Elmham¬Dereham¬Norfolk¬NR20 5JS¬52.752285003662109¬0.94301366806030273¬26A¬NHS Norfolk And Waveney CCG¬01362668215¬¬http://www.elmhamsurgery.com¬01362 668625
5858¬D82057¬GP¬UNKNOWN¬Visible¬True¬True¬The Campingland Surgery¬Campingland¬¬¬Swaffham¬Norfolk¬PE37 7RD¬52.64599609375¬0.69099265336990356¬26A¬NHS Norfolk And Waveney CCG¬01760721211¬¬http://www.campinglandsurgery.co.uk/¬01760 726009
5859¬D82058003¬GP¬UNKNOWN¬Visible¬True¬True¬North Caister Medical Centre ¬Branford Road¬Caister-on-Sea¬¬Great Yarmouth¬Norfolk¬NR30 5NE¬52.656562805175781¬1.7240685224533081¬26A¬NHS Norfolk And Waveney CCG¬01493 720 618¬¬http://www.coastaldoctors.co.uk/caister¬
5860¬D82058¬GP¬UNKNOWN¬Visible¬True¬True¬Coastal Villages Practice¬Pippin Close¬Ormesby St Margaret¬¬Great Yarmouth¬Norfolk¬NR29 3RW¬52.674655914306641¬1.6856405735015869¬26A¬NHS Norfolk And Waveney CCG¬01493 730 205¬¬http://www.coastaldoctors.co.uk/ormesby¬
5861¬D82058002¬GP¬UNKNOWN¬Visible¬True¬True¬Martham Health Centre¬Hemsby Road¬Martham¬¬Great Yarmouth¬Norfolk¬NR29 4QG¬52.7037353515625¬1.6390808820724487¬26A¬NHS Norfolk And Waveney CCG¬01493 748 833¬¬http://www.coastaldoctors.co.uk/martham¬
5862¬D82058001¬GP¬UNKNOWN¬Visible¬True¬True¬Hemsby Medical Centre¬1 Kings Court¬Hemsby¬¬Great Yarmouth¬Norfolk¬NR29 4EW¬52.698574066162109¬1.6913293600082397¬26A¬NHS Norfolk And Waveney CCG¬01493 730 449¬¬http://www.coastaldoctors.co.uk/hemsby¬
5863¬D82059¬GP¬UNKNOWN¬Visible¬True¬True¬Birchwood Medical Practice¬Park Lane¬¬¬North Walsham¬Norfolk¬NR28 0BQ¬52.820034027099609¬1.3833335638046265¬26A¬NHS Norfolk And Waveney CCG¬01692402035¬birchwood.surgery@fsmail.net¬¬01692 409609
5864¬D82060¬GP¬UNKNOWN¬Visible¬True¬True¬Bacon Road Medical Centre¬16 Bacon Road¬¬¬Norwich¬Norfolk¬NR2 3QX¬52.626239776611328¬1.2611565589904785¬26A¬NHS Norfolk And Waveney CCG¬01603457973¬¬https://baconroadmedicalcentre.nhs.uk¬01603 458793
5865¬D82062001¬GP¬UNKNOWN¬Visible¬True¬True¬Spixworth Medical Practice¬Spixworth Medical Practice¬20 St Peters Way¬Spixworth¬Norwich¬Norfolk¬NR10 3NS¬52.686820983886719¬1.3235700130462646¬26A¬NHS Norfolk And Waveney CCG¬01603898583¬¬http://www.coltishallsurgery.nhs.uk/¬
5866¬D82062¬GP¬UNKNOWN¬Visible¬True¬True¬Coltishall Medical Practice¬St Johns Close¬Rectory Road¬Coltishall¬Norwich¬Norfolk¬NR12 7HA¬52.731113433837891¬1.363351583480835¬26A¬NHS Norfolk And Waveney CCG¬01603 737593¬coltishallmedicalpractice@nhs.net¬http://www.coltishallsurgery.nhs.uk/¬
5867¬D82063¬GP¬UNKNOWN¬Visible¬True¬True¬Watton Medical Practice¬24 Gregor Shanks Way¬Watton¬¬Thetford¬Norfolk¬IP25 6FA¬52.570449829101562¬0.82683753967285156¬26A¬NHS Norfolk And Waveney CCG¬01953881247¬¬http://www.wattonmedicalpractice.co.uk¬01953 885167
5868¬D82064003¬GP¬UNKNOWN¬Visible¬True¬True¬The Humbleyard Practice¬The Common¬Mulbarton¬¬Norwich¬Norfolk¬NR14 8JG¬52.559326171875¬1.2359708547592163¬26A¬NHS Norfolk And Waveney CCG¬01603 977 477¬¬http://www.mulbartonsurgery.co.uk¬01508 570042
5869¬D82064002¬GP¬UNKNOWN¬Visible¬True¬True¬The Humbleyard Practice¬Great Melton Road¬Hethersett¬¬Norwich¬Norfolk¬NR9 3AB¬52.600898742675781¬1.1757440567016602¬26A¬NHS Norfolk And Waveney CCG¬01603 977 477¬¬http://www.hethersettsurgery.co.uk¬01603 812402
5870¬D82064¬GP¬UNKNOWN¬Visible¬True¬True¬Humbleyard Practice¬Cantley Lane¬Cringleford¬¬Norwich¬Norfolk¬NR4 6TA¬52.602535247802734¬1.2365868091583252¬26A¬NHS Norfolk And Waveney CCG¬01603977477¬¬http://www.cringlefordsurgery.co.uk¬01603 458287
5871¬D82065001¬GP¬UNKNOWN¬Visible¬True¬True¬Oak Farm Surgery¬North Pickenham Road¬Necton¬¬Swaffham¬Norfolk¬PE37 8EF¬52.647048950195312¬0.77404296398162842¬26A¬NHS Norfolk And Waveney CCG¬01760 726703¬westnorfolkccg.manorfarmpatient@nhs.net¬http://www.swaffham-doctors.co.uk/¬
5872¬D82065002¬GP¬UNKNOWN¬Visible¬True¬True¬Narborough Surgery¬Main Road¬Narborough¬Swaffham¬King's Lynn¬Norfolk¬PE32 1TE¬52.688259124755859¬0.58359658718109131¬26A¬NHS Norfolk And Waveney CCG¬01760 726704¬westnorfolkccg.manorfarmpatient@nhs.net¬http://www.swaffham-doctors.co.uk¬
5873¬D82065¬GP¬UNKNOWN¬Visible¬True¬True¬Manor Farm Medical Centre¬Mangate Street¬¬Swaffham¬Swaffham¬Norfolk¬PE37 7QN¬52.648544311523438¬0.69052809476852417¬26A¬NHS Norfolk And Waveney CCG¬01760721786¬westnorfolkccg.manorfarmpatient@nhs.net¬http://www.swaffham-doctors.co.uk¬
5874¬D82066¬GP¬UNKNOWN¬Visible¬True¬True¬Paston Surgery¬9-11 Park Lane¬¬¬North Walsham¬Norfolk¬NR28 0BQ¬52.820034027099609¬1.3833335638046265¬26A¬NHS Norfolk And Waveney CCG¬01692403015¬¬http://www.pastonsurgery.nhs.uk/¬01692 500619
5875¬D82067¬GP¬UNKNOWN¬Visible¬True¬True¬The Park Surgery¬4 Alexandra Road¬¬¬Great Yarmouth¬Norfolk¬NR30 2HW¬52.606216430664062¬1.7292909622192383¬26A¬NHS Norfolk And Waveney CCG¬01493855672¬¬http://www.parksurgerygreatyarmouth.nhs.uk/¬
5876¬D82068¬GP¬UNKNOWN¬Visible¬True¬True¬Howdale Surgery¬48 Howdale Road¬¬¬Downham Market¬Norfolk¬PE38 9AF¬52.601024627685547¬0.38218796253204346¬26A¬NHS Norfolk And Waveney CCG¬01366383405¬darren.martin@nhs.net¬www.howdalesurgery.co.uk¬01366 383433
5877¬D82068001¬GP¬UNKNOWN¬Visible¬True¬True¬Marham Surgery¬The Street¬¬¬Marham¬Norfolk¬PE33 9HP¬52.659572601318359¬0.52492481470108032¬26A¬NHS Norfolk And Waveney CCG¬01760337394¬darren.martin@nhs.net¬www.howdalesurgery.co.uk¬01760 338319
5879¬D82070001¬GP¬UNKNOWN¬Visible¬True¬True¬Bayfield Surgery¬High Street¬Docking¬¬King's Lynn¬Norfolk¬PE31 8NH¬52.899337768554688¬0.63301777839660645¬26A¬NHS Norfolk And Waveney CCG¬01485521135¬¬http://www.massingham-dockingsurgeries.co.uk¬01485 518725
5881¬D82070¬GP¬UNKNOWN¬Visible¬True¬True¬Great Massingham Surgery¬Station Road¬Great Massingham¬¬Kings Lynn¬Norfolk¬PE32 2JQ¬52.778648376464844¬0.66230720281600952¬26A¬NHS Norfolk And Waveney CCG¬01485520521¬¬¬01485 520072
5882¬D82071¬GP¬UNKNOWN¬Visible¬True¬True¬East Norwich Medical Partnership¬St Williams Way¬¬¬Norwich¬Norfolk¬NR7 0AJ¬52.637252807617188¬1.3371492624282837¬26A¬NHS Norfolk And Waveney CCG¬01603778277¬¬¬01603 701942
5883¬D82071001¬GP¬UNKNOWN¬Visible¬True¬True¬Dr Bastable & Partners¬Aslake Close¬¬¬Norwich¬Norfolk¬NR7 8DG¬52.661247253417969¬1.3282396793365479¬26A¬NHS Norfolk And Waveney CCG¬01603778277¬¬¬01603 482139
5884¬D82072¬GP¬UNKNOWN¬Visible¬True¬True¬Burnham Surgery¬Church Walk¬¬¬Burnham Market¬Norfolk¬PE31 8DH¬52.943870544433594¬0.71976602077484131¬26A¬NHS Norfolk And Waveney CCG¬01328737000¬burnham.surgery@nhs.net¬¬01328 730104
5885¬D82073¬GP¬UNKNOWN¬Visible¬True¬True¬Lionwood Medical Practice¬30A Wellesley Avenue North¬¬¬Norwich¬Norfolk¬NR1 4NU¬52.632404327392578¬1.3199729919433594¬26A¬NHS Norfolk And Waveney CCG¬01603437559¬¬http://www.lionwoodmedicalpractice.nhs.uk¬01603 701773
5887¬D82076¬GP¬UNKNOWN¬Visible¬True¬True¬Lawson Road Surgery¬Lawson Road¬¬¬Norwich¬Norfolk¬NR3 4LE¬52.643596649169922¬1.2994712591171265¬26A¬NHS Norfolk And Waveney CCG¬01603427096¬¬¬01603 403074
5888¬D82078¬GP¬UNKNOWN¬Visible¬True¬True¬Heathgate Medical Practice¬The Street¬Poringland¬¬Norwich¬Norfolk¬NR14 7JT¬52.572513580322266¬1.3435642719268799¬26A¬NHS Norfolk And Waveney CCG¬01508494343¬mail.heathgate@nhs.net¬www.heathgatemedicalpractice.co.uk¬01508 495423
5889¬D82078001¬GP¬UNKNOWN¬Visible¬True¬True¬Heathgate Medical Practice¬The Street¬Rockland St Mary¬¬Norwich¬Norfolk¬NR14 7AH¬52.588077545166016¬1.4180237054824829¬26A¬NHS Norfolk And Waveney CCG¬01508538750¬mail.heathgate@nhs.net¬www.heathgatemedicalpractice.co.uk¬01508 537026
5891¬D82079¬GP¬UNKNOWN¬Visible¬True¬False¬Feltwell Surgery¬Old Brandon Road¬¬¬Thetford¬Norfolk¬IP26 4AY¬52.482662200927734¬0.52704775333404541¬26A¬NHS Norfolk And Waveney CCG¬01842828481¬feltwell.surgery@nhs.net¬http://www.feltwellsurgery.co.uk/¬01842 828172
5892¬D82080¬GP¬UNKNOWN¬Visible¬True¬True¬Blofield Surgery¬Blofield Surgery¬Plantation Road¬Blofield¬Norwich¬Norfolk¬NR13 4PL¬52.637523651123047¬1.4497923851013184¬26A¬NHS Norfolk And Waveney CCG¬01603 712337¬blofield.reception@nhs.net¬http://www.blofieldsurgery.nhs.uk¬
5893¬D82019001¬GP¬UNKNOWN¬Visible¬True¬True¬Falkland Surgery¬Falkland Way¬Bradwell¬¬Great Yarmouth¬Norfolk¬NR31 8RW¬52.573318481445312¬1.7024166584014893¬26A¬NHS Norfolk And Waveney CCG¬01493442233¬falkland.surgery@nhs.net¬¬01493 442672
5895¬D82084¬GP¬UNKNOWN¬Visible¬True¬False¬Harleston Medical Practice¬Bullock Fair Close¬¬¬Harleston¬Norfolk¬IP20 9AT¬52.403125762939453¬1.29970383644104¬26A¬NHS Norfolk And Waveney CCG¬01379853217¬harleston.reception@nhs.net¬http://www.harlestonsurgery.co.uk¬
5896¬D82085¬GP¬UNKNOWN¬Visible¬True¬True¬Hingham Surgery¬Hardingham Street¬Hingham¬¬Norwich¬Norfolk¬NR9 4JB¬52.581459045410156¬0.98744463920593262¬26A¬NHS Norfolk And Waveney CCG¬01953850237¬hinghamsurgery@nhs.net¬http://www.hinghamsurgery.co.uk¬
5897¬D82044006¬GP¬UNKNOWN¬Visible¬True¬True¬Fairstead Surgery¬Centre Point¬Fairstead Estate¬¬King's Lynn¬Norfolk¬PE30 4SR¬52.7525634765625¬0.43791559338569641¬26A¬NHS Norfolk And Waveney CCG¬01553605740¬¬http://www.vidahealthcare.nhs.uk/¬
5898¬D82044004¬GP¬UNKNOWN¬Visible¬True¬True¬St Augustine's Healthy Living Centre¬Columbia Way¬¬¬Kings Lynn¬Norfolk¬PE30 2LB¬52.761150360107422¬0.40923997759819031¬26A¬NHS Norfolk And Waveney CCG¬01553769614¬¬¬01553 769694
5899¬D82087¬GP¬UNKNOWN¬Visible¬True¬True¬Prospect Medical Practice¬95 Aylsham Road¬¬¬Norwich¬Norfolk¬NR3 2HW¬52.643917083740234¬1.2856709957122803¬26A¬NHS Norfolk And Waveney CCG¬01603488477¬prospect.prescriptions@nhs.net¬http://478.mymedspace.co.uk/home¬
5900¬D82088¬GP¬UNKNOWN¬Visible¬True¬True¬UEA Medical Centre¬University Of East Anglia¬Earlham Road¬¬Norwich¬Norfolk¬NR4 7TJ¬52.623359680175781¬1.247313380241394¬26A¬NHS Norfolk And Waveney CCG¬01603251600¬umsuea@nhs.net¬http://www.umsuea.co.uk¬01603 506579
5901¬D82008¬GP¬UNKNOWN¬Visible¬True¬True¬St. Stephens Gate Medical Practice¬55 Wessex Street¬¬¬Norwich¬Norfolk¬NR2 2TJ¬52.623966217041016¬1.2868499755859375¬26A¬NHS Norfolk And Waveney CCG¬01603228686¬ststephensgate@nhs.net¬http://www.ststephensgate.com¬
5903¬D82096¬GP¬UNKNOWN¬Visible¬True¬True¬Woodcock Rd Surgery¬29 Woodcock Road¬¬¬Norwich¬Norfolk¬NR3 3UA¬52.652530670166016¬1.2810080051422119¬26A¬NHS Norfolk And Waveney CCG¬01603425989¬¬http://www.woodcockroadsurgery.nhs.uk¬01603 488315
5905¬D82099¬GP¬UNKNOWN¬Visible¬True¬True¬Southgates Medical and Surgical Centre¬41 Goodwins Road¬Kings Lynn¬¬Norfolk¬England¬PE30 5QX¬52.747539520263672¬0.40601429343223572¬26A¬NHS Norfolk And Waveney CCG¬01553819477¬emma.batchelor@nhs.uk¬www.southgates.org.uk¬01553 819466
5906¬D82100¬GP¬UNKNOWN¬Visible¬True¬True¬Shipdham Surgery¬The Green¬Shipdham¬¬Thetford¬Norfolk¬IP25 7LA¬52.628849029541016¬0.89447623491287231¬26A¬NHS Norfolk And Waveney CCG¬01362820225¬snccg.shipdhamsurgery@nhs.net¬http://www.shipdhamsurgery.nhs.uk/¬01362 821189
5909¬D82104001¬GP¬UNKNOWN¬Visible¬True¬True¬Dr Timms & Partners¬24 The Hills¬Reedham¬¬Norwich¬Norfolk¬NR13 3AR¬52.559944152832031¬1.5669709444046021¬26A¬NHS Norfolk And Waveney CCG¬01493717796¬¬http://www.aclemedicalcentre.co.uk¬
5910¬D82104¬GP¬UNKNOWN¬Visible¬True¬True¬Acle Medical Partnership¬Bridewell Lane¬Acle¬¬Norwich¬Norfolk¬NR13 3RA¬52.640964508056641¬1.5486819744110107¬26A¬NHS Norfolk And Waveney CCG¬01493717796¬t.randall@nhs.net¬http://www.aclemedicalcentre.co.uk/¬08444 773993
5913¬D82105002¬GP¬UNKNOWN¬Visible¬True¬True¬Clenchwarton Surgery¬Clenchwarton¬¬¬Kings Lynn¬Norfolk¬PE34 4AH¬52.757976531982422¬0.35182586312294006¬26A¬NHS Norfolk And Waveney CCG¬01553828475¬¬¬
5914¬D82105¬GP¬UNKNOWN¬Visible¬True¬True¬St Clements Surgery¬Churchgate Way¬Terrington St. Clement¬King's Lynn¬Terrington St Clement¬Norfolk¬PE34 4LZ¬52.759700775146484¬0.29704940319061279¬26A¬NHS Norfolk And Waveney CCG¬01553828475¬n/a¬¬01553 827051
5915¬D82106¬GP¬UNKNOWN¬Visible¬True¬True¬West Pottergate Medical Practice¬West Pottergate¬¬¬Norwich¬Norfolk¬NR2 4BX¬52.631027221679688¬1.2806541919708252¬26A¬NHS Norfolk And Waveney CCG¬01603513333¬west.pottergate@nhs.net¬https://www.westpottergate.co.uk¬01603 306949
5916¬D82600¬GP¬UNKNOWN¬Visible¬True¬True¬Dr Gary Rogers¬Mill Lane¬Fleggburgh¬¬Great Yarmouth¬Norfolk¬NR29 3AW¬52.67279052734375¬1.6136746406555176¬26A¬NHS Norfolk And Waveney CCG¬01493369232¬¬¬01493 369022
5917¬D82604¬GP¬UNKNOWN¬Visible¬True¬True¬Boughton Surgery¬Chapel Road¬Boughton¬¬Kings Lynn¬Norfolk¬PE33 9AG¬52.589031219482422¬0.50912892818450928¬26A¬NHS Norfolk And Waveney CCG¬01366500331¬¬https://www.boughtonsurgery-norfolk.nhs.uk/¬01366 501375
5919¬D82003002¬GP¬UNKNOWN¬Visible¬True¬True¬The Beaches Medical Centre - Hopton Branch¬Station Road¬Hopton-On-Sea¬¬Great Yarmouth¬Norfolk¬NR31 9BE¬52.539413452148438¬1.7245941162109375¬26A¬NHS Norfolk And Waveney CCG¬01493 414141¬thebeaches.mc@nhs.net¬https://www.thebeachesmedicalcentre.co.uk¬
5920¬D82003004¬GP¬UNKNOWN¬Visible¬True¬True¬The Beaches Medical Centre - Magdalen Way Branch¬C/O Shrublands Health Centre¬Magdalen Way¬Gorleston¬Great Yarmouth¬Norfolk¬NR31 7BP¬52.5765380859375¬1.714809775352478¬26A¬NHS Norfolk And Waveney CCG¬01493 414141¬thebeaches.mc@nhs.net¬https://www.thebeachesmedicalcentre.co.uk¬
5923¬D82618¬GP¬UNKNOWN¬Visible¬True¬True¬The Woottons Surgery¬Priory Lane¬North Wootton¬¬Kings Lynn¬Norfolk¬PE30 3PT¬52.79034423828125¬0.43715059757232666¬26A¬NHS Norfolk And Waveney CCG¬01553631469¬¬http://www.woottonsurgery.co.uk/¬01553 631011
5925¬D82621¬GP¬UNKNOWN¬Visible¬True¬True¬Plowright Medical Centre¬1 Jack Boddy Way¬Swaffham¬Norfolk¬Swaffham¬Norfolk¬PE37 7HJ¬52.655055999755859¬0.68678784370422363¬26A¬NHS Norfolk And Waveney CCG¬01760722797¬plowright.medical@nhs.net¬http://www.plowrightmedicalcentre.co.uk/¬01760 720025
5926¬D82621001¬GP¬UNKNOWN¬Visible¬True¬True¬Plowright Surgery¬North Pickenham Road¬Necton¬¬Swaffham¬Norfolk¬PE37 8EF¬52.647048950195312¬0.77404296398162842¬26A¬NHS Norfolk And Waveney CCG¬01760441344¬plowright.medical@nhs.net¬http://www.plowrightmedicalcentre.co.uk/¬01760 441511
5927¬D82624¬GP¬UNKNOWN¬Visible¬True¬True¬Dr Yvonne Watts¬London Road¬¬¬Wymondham¬Norfolk¬NR18 0AF¬52.567920684814453¬1.1138938665390015¬26A¬NHS Norfolk And Waveney CCG¬01953 607 607¬windmill.surgery@gp-d82624.nhs.uk¬¬
5928¬D82628¬GP¬UNKNOWN¬Visible¬True¬True¬Aldborough Surgery¬Chapel Road¬Aldborough¬¬Norwich¬Norfolk¬NR11 7NP¬52.862377166748047¬1.2475405931472778¬26A¬NHS Norfolk And Waveney CCG¬01263768602¬aldborough.surgery@nhs.net¬https://www.aldboroughsurgery.co.uk/¬01263 761340
5929¬Y05291¬GP¬UNKNOWN¬Visible¬True¬True¬Toftwood Medical Centre¬2 Chapel Lane¬¬¬Dereham¬Norfolk¬NR19 1LD¬52.666118621826172¬0.94070827960968018¬26A¬NHS Norfolk And Waveney CCG¬01362691196¬¬¬01362 698091
5931¬Y03595001¬GP¬UNKNOWN¬Visible¬True¬True¬Old Palace Medical Practice¬148 Old Palace Road¬¬¬Norwich¬Norfolk¬NR2 4JA¬52.637203216552734¬1.2787809371948242¬26A¬NHS Norfolk And Waveney CCG¬01603 663 363¬¬http://www.coastaldoctors.co.uk/oldpalace¬
5932¬D83001001¬GP¬UNKNOWN¬Visible¬True¬True¬Capel St Mary¬36 The Street¬Capel St. Mary¬¬Ipswich¬Suffolk¬IP9 2EE¬52.003311157226562¬1.0509933233261108¬06L¬NHS Ipswich And East Suffolk CCG¬01473310203¬¬http://www.constablecountrymedicalpractice.co.uk¬01473 311722
5933¬D83001¬GP¬UNKNOWN¬Visible¬True¬True¬Constable Country Rural Medical Practice¬Heath Road¬East Bergholt¬¬Colchester¬Essex¬CO7 6RT¬51.977176666259766¬1.0262057781219482¬06L¬NHS Ipswich And East Suffolk CCG¬01206298272¬¬¬01206 299010
5934¬D83002¬GP¬UNKNOWN¬Visible¬True¬True¬Alexandra & Crestview Surgeries¬Alexandra Road¬¬¬Lowestoft¬Suffolk¬NR32 1PL¬52.480228424072266¬1.7527350187301636¬26A¬NHS Norfolk And Waveney CCG¬01502526060¬¬http://www.alexandracrestviewsurgeries.co.uk¬01502 531526
5935¬D83002001¬GP¬UNKNOWN¬Visible¬True¬True¬Crestview Medical Centre¬141 Crestview Drive¬¬¬Lowestoft¬Suffolk¬NR32 4TW¬52.493255615234375¬1.7316077947616577¬26A¬NHS Norfolk And Waveney CCG¬01502526060¬¬http://alexandracrestviewsurgeries.co.uk¬01502 519071
5936¬D83003¬GP¬UNKNOWN¬Visible¬True¬False¬Wickhambrook Surgery¬Boyden Close¬Nunnery Green¬Wickhambrook¬Newmarket¬Suffolk¬CB8 8XU¬52.171291351318359¬0.54750245809555054¬07K¬NHS West Suffolk CCG¬01440820140¬¬¬
5937¬D83004¬GP¬UNKNOWN¬Visible¬True¬True¬Dr Badcock & Partners¬235 Felixstowe Road¬¬¬Ipswich¬Suffolk¬IP3 9BN¬52.047252655029297¬1.1842902898788452¬06L¬NHS Ipswich And East Suffolk CCG¬01473719112¬¬¬01473 270148
5938¬D83005¬GP¬UNKNOWN¬Visible¬True¬True¬Angel Hill Surgery¬1 Angel Hill¬¬¬Bury St Edmunds¬Suffolk¬IP33 1LU¬52.244197845458984¬0.71575558185577393¬07K¬NHS West Suffolk CCG¬01284753008¬¬www.angelhillsurgery.co.uk¬01284 724744
5939¬D83006¬GP¬UNKNOWN¬Visible¬True¬True¬Bildeston Health Centre¬High Street¬Bildeston¬¬Ipswich¬Suffolk¬IP7 7EX¬52.10430908203125¬0.90954446792602539¬06L¬NHS Ipswich And East Suffolk CCG¬01449740254¬¬http://www.bildestonhealthcentre.co.uk¬01449 740903
5940¬D83007¬GP¬UNKNOWN¬Visible¬True¬False¬Ixworth Surgery¬Peddars Close¬Thetford Road¬Ixworth¬Bury St Edmunds¬Suffolk¬IP31 2HD¬52.303310394287109¬0.83086305856704712¬06L¬NHS Ipswich And East Suffolk CCG¬01359230252¬iesccg.enquiries-ixworthsurgery@nhs.net¬http://www.ixworthsurgery.co.uk¬
5941¬D83007001¬GP¬UNKNOWN¬Visible¬True¬False¬Stanton Health Centre¬12 The Chase¬Stanton¬Bury St Edmunds¬Bury St. Edmunds¬Suffolk¬IP31 2XA¬52.325263977050781¬0.88282829523086548¬06L¬NHS Ipswich And East Suffolk CCG¬01359230252¬¬¬
5942¬D83008¬GP¬UNKNOWN¬Visible¬True¬True¬Burlington Primary Care¬14 Burlington Road¬¬¬Ipswich¬Suffolk¬IP1 2EU¬52.05902099609375¬1.1442738771438599¬06L¬NHS Ipswich And East Suffolk CCG¬01473211661¬¬http://www.burlingtonprimarycare.co.uk/¬01473 289187
5943¬D83009¬GP¬UNKNOWN¬Visible¬True¬True¬Beccles Medical Centre¬St Mary's Road¬¬¬Beccles¬Suffolk¬NR34 9NX¬52.453285217285156¬1.5629009008407593¬26A¬NHS Norfolk And Waveney CCG¬01502712662¬¬https://www.becclesmedical.co.uk/¬
5944¬D83010005¬GP¬UNKNOWN¬Visible¬True¬True¬Longshore Surgeries - Wrentham¬58 Southwold Road¬Wrentham¬¬Beccles¬Suffolk¬NR34 7JF¬52.381584167480469¬1.6708735227584839¬26A¬NHS Norfolk And Waveney CCG¬01502675203¬¬http://www.longshoresurgeries.co.uk¬
5945¬D83010¬GP¬UNKNOWN¬Visible¬True¬True¬Longshore Surgeries¬Field Lane¬¬¬Lowestoft¬Suffolk¬NR33 7QA¬52.420768737792969¬1.7178559303283691¬26A¬NHS Norfolk And Waveney CCG¬01502740203¬¬http://www.longshoresurgeries.co.uk¬01502 742368
5946¬D83010002¬GP¬UNKNOWN¬Visible¬True¬True¬Longshore Surgeries - Wangford¬Church Street¬Wangford¬¬Beccles¬Suffolk¬NR34 8RN¬52.353096008300781¬1.6226053237915039¬26A¬NHS Norfolk And Waveney CCG¬01502578257¬¬http://www.longshoresurgeries.co.uk¬
5947¬D83011¬GP¬UNKNOWN¬Visible¬True¬True¬Bridge Road Surgery¬1A Bridge Road¬Oulton Broad¬¬Lowestoft¬Suffolk¬NR32 3LJ¬52.478069305419922¬1.7151918411254883¬26A¬NHS Norfolk And Waveney CCG¬01502565936¬gywccg.bridgeroadsurgery@nhs.net¬http://www.bridgeroadsurgery.nhs.uk¬01502 567359
5948¬D83012003¬GP¬UNKNOWN¬Visible¬True¬True¬Clements Surgery¬Greenfields Way¬¬¬Haverhill¬Suffolk¬CB9 8LU¬52.076370239257813¬0.42703169584274292¬07K¬NHS West Suffolk CCG¬01440 841300¬wsccg.christmas-clements@nhs.net¬http://www.christmasandclements.co.uk/index.aspx¬
5949¬D83012002¬GP¬UNKNOWN¬Visible¬True¬True¬Kedington Surgery¬School Road¬Kedington¬¬Haverhill¬Suffolk¬CB9 7NG¬52.092216491699219¬0.48480021953582764¬07K¬NHS West Suffolk CCG¬01440 841300¬wsccg.christmas-clements@nhs.net¬http://www.christmasandclements.co.uk/¬
5950¬D83012¬GP¬UNKNOWN¬Visible¬True¬True¬Clements And Christmas Maltings Surgery¬Camps Road¬¬¬Haverhill¬Suffolk¬CB9 8HF¬52.082542419433594¬0.43428519368171692¬07K¬NHS West Suffolk CCG¬01440 841300¬wsccg.christmas-clements@nhs.net¬http://christmasandclements.co.uk/¬
5951¬D83013¬GP¬UNKNOWN¬Visible¬True¬True¬The Guildhall and Barrow Surgery¬Lower Baxter Street¬Bury St. Edmunds¬¬Bury St Edmunds¬Suffolk¬IP33 1ET¬52.245391845703125¬0.71503746509552002¬07K¬NHS West Suffolk CCG¬01284701601¬¬www.theguildhallsurgery.co.uk¬01284 702943
5952¬D83013001¬GP¬UNKNOWN¬Visible¬True¬True¬Barrow Surgery¬Barrow Hill¬Barrow¬¬Bury St. Edmunds¬Suffolk¬IP29 5DX¬52.2386474609375¬0.58584022521972656¬07K¬NHS West Suffolk CCG¬01284812510¬¬https://www.theguildhallsurgery.co.uk¬01284 811388
5953¬D83014001¬GP¬UNKNOWN¬Visible¬True¬True¬The Long Melford Practice (Lavenham)¬36 Church Street¬Lavenham¬¬Sudbury¬Suffolk¬CO10 9SA¬52.105781555175781¬0.79262524843215942¬07K¬NHS West Suffolk CCG¬01787378226¬¬www.longmelfordpractice.org.uk¬01787 311287
5954¬D83014¬GP¬UNKNOWN¬Visible¬True¬True¬The Long Melford Practice¬Cordell Road¬Long Melford¬¬Sudbury¬Suffolk¬CO10 9EP¬52.076457977294922¬0.72070819139480591¬07K¬NHS West Suffolk CCG¬01787378226¬¬www.longmelfordpractice.org.uk¬01787 311287
5955¬D83015¬GP¬UNKNOWN¬Visible¬True¬True¬Howard House Surgery¬31 Orwell Road¬¬¬Felixstowe¬Suffolk¬IP11 7DD¬51.96148681640625¬1.349639892578125¬06L¬NHS Ipswich And East Suffolk CCG¬01394282706¬¬www.howardhousesurgery.co.uk¬01394 278955
5956¬D83016¬GP¬UNKNOWN¬Visible¬True¬True¬Victoria Road Surgery¬82 Victoria Road¬Oulton Broad¬¬Lowestoft¬Suffolk¬NR33 9LU¬52.471019744873047¬1.7165123224258423¬26A¬NHS Norfolk And Waveney CCG¬01502572369¬¬www.victoriaroadsurgery.nhs.uk¬01502 537035
5957¬D83017¬GP¬UNKNOWN¬Visible¬True¬True¬Needham Market Country Practice¬Barking Road¬Needham Market¬¬Ipswich¬Suffolk¬IP6 8EZ¬52.146190643310547¬1.0535060167312622¬06L¬NHS Ipswich And East Suffolk CCG¬01449720666¬wsccg.needhammarketpractice@nhs.net¬¬01449 720030
5958¬D83018¬GP¬UNKNOWN¬Visible¬True¬True¬Market Cross Surgery¬7 Market Place¬Mildenhall¬¬Bury St Edmunds¬Suffolk¬IP28 7EG¬52.343505859375¬0.51016092300415039¬07K¬NHS West Suffolk CCG¬01638713109¬wsccg.marketcrossenquiriesmcenq@nhs.net¬https://www.marketcross-surgery.co.uk¬
5959¬D83019001¬GP¬UNKNOWN¬Visible¬True¬True¬Manor Farm Surgery¬Church Road¬Bacton¬¬Stowmarket¬Suffolk¬IP14 4LJ¬52.264339447021484¬1.0040909051895142¬06L¬NHS Ipswich And East Suffolk CCG¬01449781777¬iesccg.bacton@nhs.net¬http://www.mendleshamhealthcentre.co.uk¬01449 780371
5960¬D83019¬GP¬UNKNOWN¬Visible¬True¬True¬Mendlesham Health Centre¬Chapel Road¬Mendlesham¬¬Stowmarket¬Suffolk¬IP14 5SQ¬52.251678466796875¬1.081865668296814¬06L¬NHS Ipswich And East Suffolk CCG¬01449767722¬iesccg.mendlesham@nhs.net¬https://www.mendleshamhealthcentre.co.uk¬01449 766183
5961¬D83020002¬GP¬UNKNOWN¬Visible¬True¬True¬The Holbrook and Shotley Practice¬Kingsland¬Shotley¬¬Ipswich¬Suffolk¬IP9 1ND¬51.967319488525391¬1.2495291233062744¬06L¬NHS Ipswich And East Suffolk CCG¬01473787435¬¬¬01473 788386
5962¬D83020¬GP¬UNKNOWN¬Visible¬True¬True¬The Holbrook And Shotley Practice¬The Street, Holbrook¬Holbrook¬¬Ipswich¬Suffolk¬IP9 2QS¬51.983814239501953¬1.1583296060562134¬06L¬NHS Ipswich And East Suffolk CCG¬01473328263¬¬¬01473 327185
5963¬D83021¬GP¬UNKNOWN¬Visible¬True¬True¬Haverhill Family Practice¬Camps Road¬¬¬Haverhill¬Suffolk¬CB9 8HF¬52.082542419433594¬0.43428519368171692¬07K¬NHS West Suffolk CCG¬01440702010¬wsccg.hfp-correspondence@nhs.net¬http://www.haverhillfamilypractice.co.uk/¬
5966¬D83022¬GP¬UNKNOWN¬Visible¬True¬True¬Dr Castle & Partners, Sole Bay Health Centre¬Sole Bay Health Centre¬Teal Close¬¬Southwold¬Suffolk¬IP18 6GY¬52.336322784423828¬1.6664887666702271¬26A¬NHS Norfolk And Waveney CCG¬01502722326¬¬http://www.solebayhealthcentre.co.uk¬01502 724708
5967¬D83023¬GP¬UNKNOWN¬Visible¬True¬True¬High Street Surgery¬High Street¬¬¬Lowestoft¬Suffolk¬NR32 1JE¬52.486621856689453¬1.7551214694976807¬26A¬NHS Norfolk And Waveney CCG¬01502589151¬¬http://www.highstreetsurgerylowestoft.nhs.uk¬
5968¬D83024¬GP¬UNKNOWN¬Visible¬True¬True¬Ivry Street Medical Practice¬5 Ivry Street¬Ipswich¬¬Ipswich¬Suffolk¬IP1 3QW¬52.064002990722656¬1.1486078500747681¬06L¬NHS Ipswich And East Suffolk CCG¬01473254718¬ivry.street@nhs.net¬http://www.ivrystreet.co.uk/¬01473 287790
5970¬D83026¬GP¬UNKNOWN¬Visible¬True¬True¬Framlingham Surgery¬Pembroke Road¬Framlingham¬¬Woodbridge¬Suffolk¬IP13 9HA¬52.227031707763672¬1.3327615261077881¬06L¬NHS Ipswich And East Suffolk CCG¬01728723627¬¬¬01728 621064
5971¬D83026002¬GP¬UNKNOWN¬Visible¬True¬True¬EARL SOHAM branch surgery ¬Earl Soham¬¬¬Woodbridge¬Suffolk¬IP13 7SF¬52.223648071289063¬1.2732927799224854¬06L¬NHS Ipswich And East Suffolk CCG¬01728685325¬¬¬01728 685853
5972¬D83027¬GP¬UNKNOWN¬Visible¬True¬True¬Dr T R S Bailey & Partners¬Fred Archer Way¬¬¬Newmarket¬Suffolk¬CB8 8NU¬52.246025085449219¬0.40586918592453003¬07K¬NHS West Suffolk CCG¬01638666887¬wsccg.orchardhouse@nhs.net¬http://www.orchardhousesurgery.co.uk/¬
5973¬D83028001¬GP¬UNKNOWN¬Visible¬True¬True¬Yoxford Branch Surgery¬Park View¬High Street¬¬Yoxford¬Suffolk¬IP17 3EU¬52.266384124755859¬1.5095897912979126¬06L¬NHS Ipswich And East Suffolk CCG¬01728830526¬¬http://www.leistonsurgery.com¬
5974¬D83028¬GP¬UNKNOWN¬Visible¬True¬True¬The Leiston Surgery¬Main Street¬¬¬Leiston¬Suffolk¬IP16 4ES¬52.207706451416016¬1.5759674310684204¬06L¬NHS Ipswich And East Suffolk CCG¬01728830526¬¬http://www.leistonsurgery.com¬
5975¬D83029¬GP¬UNKNOWN¬Visible¬True¬True¬The Rookery Medical Centre¬Rookery House¬The Rookery¬¬Newmarket¬Suffolk¬CB8 8NW¬52.245159149169922¬0.40558791160583496¬07K¬NHS West Suffolk CCG¬01638665711¬¬http://www.rookerymedicalcentre.co.uk/¬01638 561280
5976¬D83030¬GP¬UNKNOWN¬Visible¬True¬True¬Kirkley Mill Health Centre¬Clifton Road¬¬¬Lowestoft¬Suffolk¬NR33 0HF¬52.467720031738281¬1.7435839176177979¬26A¬NHS Norfolk And Waveney CCG¬01502 532599¬gywccg.kirkleymillhealthcentre@nhs.net¬http://www.kirkleymillsurgery.co.uk/¬01502 532598
5977¬D83033¬GP¬UNKNOWN¬Visible¬True¬False¬Botesdale Health Centre¬Back Hills¬Botesdale¬¬Diss¬Norfolk¬IP22 1DW¬52.344295501708984¬1.006045937538147¬07K¬NHS West Suffolk CCG¬01379898295¬¬https://www.botesdalehealthcentre.nhs.uk¬01379 890477
5978¬D83034¬GP¬UNKNOWN¬Visible¬True¬True¬Bungay Medical Centre¬28 St. Johns Road¬¬¬Bungay¬Suffolk¬NR35 1LP¬52.44970703125¬1.4429885149002075¬26A¬NHS Norfolk And Waveney CCG¬01986892055¬gywccg.bmp@nhs.net¬http://www.bungaymedicalpractice.co.uk¬01986 895519
5979¬D83035¬GP¬UNKNOWN¬Visible¬True¬True¬Cutlers Hill Surgery¬Bungay Road¬¬¬Halesworth¬Suffolk¬IP19 8SG¬52.347522735595703¬1.5084404945373535¬26A¬NHS Norfolk And Waveney CCG¬01986874618¬¬http://www.cutlershillsurgery.co.uk¬01986 874908
5980¬D83036¬GP¬UNKNOWN¬Visible¬True¬True¬Church Farm Surgery¬¬Victoria Road¬¬Aldeburgh¬Suffolk¬IP15 5BR¬52.155563354492188¬1.5984681844711304¬06L¬NHS Ipswich And East Suffolk CCG¬01728452027¬aldeburghsurgery@nhs.net¬http://www.churchfarmsurgery.nhs.uk¬
5981¬D83037001¬GP¬UNKNOWN¬Visible¬True¬True¬The Mill Surgery¬Church Street¬Boxford¬¬Colchester¬Suffolk¬CO10 5DU¬52.028026580810547¬0.85888034105300903¬06L¬NHS Ipswich And East Suffolk CCG¬01473822961¬iesccg.hadleighsecretaries@nhs.net¬¬
5982¬D83037¬GP¬UNKNOWN¬Visible¬True¬True¬Hadleigh Boxford Group Practice¬Market Place¬¬¬Hadleigh¬Suffolk¬IP7 5DN¬52.043006896972656¬0.95311981439590454¬06L¬NHS Ipswich And East Suffolk CCG¬01473822961¬iesccg.hadleighsecretaries@nhs.net¬http://www.hadleighhealth.co.uk/¬01473 824895
5983¬D83038¬GP¬UNKNOWN¬Visible¬True¬True¬Mount Farm Surgery¬Lawson Place¬¬¬Bury St Edmunds¬Suffolk¬IP32 7EW¬52.245197296142578¬0.74262672662734985¬07K¬NHS West Suffolk CCG¬01284769643¬wsccg.mountfarmadmin@nhs.net¬http://www.mountfarm.com¬01284 700833
5984¬D83039¬GP¬UNKNOWN¬Visible¬True¬True¬The Chesterfield Drive Practice¬29 Chesterfield Drive¬¬¬Ipswich¬Suffolk¬IP1 6DW¬52.076229095458984¬1.1320260763168335¬06L¬NHS Ipswich And East Suffolk CCG¬01473741349¬iesccg.adminchesterfield@nhs.net¬http://www.chesterfielddrivesurgery.co.uk¬01473 744492
5985¬D83040¬GP¬UNKNOWN¬Visible¬True¬True¬Victoria Surgery¬Victoria Street¬¬¬Bury St Edmunds¬Suffolk¬IP33 3BB¬52.246139526367188¬0.7040218710899353¬07K¬NHS West Suffolk CCG¬01284725550¬¬http://www.victoriasurgery.co.uk¬01284 725551
5986¬D83041002¬GP¬UNKNOWN¬Visible¬True¬True¬Otley (Debenham Group Practice)¬Chapel Road¬Otley¬¬Ipswich¬Suffolk¬IP6 9NT¬52.152805328369141¬1.222557544708252¬06L¬NHS Ipswich And East Suffolk CCG¬01473890341¬iesccg.debenham-group@nhs.net¬http://www.debenhamgroupractice.co.uk¬
5987¬D83041001¬GP¬UNKNOWN¬Visible¬True¬True¬Grundisburgh (Debenham Group Practice)¬20 Charles Avenue¬Grundisburgh¬¬Woodbridge¬Suffolk¬IP13 6TH¬52.108860015869141¬1.2449042797088623¬06L¬NHS Ipswich And East Suffolk CCG¬01473738121¬iesccg.debenham-group@nhs.net¬http://www.debenhamgrouppractice.co.uk¬
5988¬D83041¬GP¬UNKNOWN¬Visible¬True¬True¬Debenham Group Practice¬20 Low Road¬Debenham¬¬Stowmarket¬Suffolk¬IP14 6QU¬52.221954345703125¬1.1810256242752075¬06L¬NHS Ipswich And East Suffolk CCG¬01728860248¬iesccg.debenham-group@nhs.net¬http://www.debenhamgrouppractice.co.uk/¬
5989¬D83043¬GP¬UNKNOWN¬Visible¬True¬True¬Eye Health Centre¬Castleton Way¬¬¬Eye¬Suffolk¬IP23 7DD¬52.323249816894531¬1.1402221918106079¬06L¬NHS Ipswich And East Suffolk CCG¬01379870689¬¬http://eyehealthcentre.co.uk/¬01379 871182
5990¬D83044¬GP¬UNKNOWN¬Visible¬True¬True¬Stowhealth¬Violet Hill House¬Violet Hill Road¬¬Stowmarket¬Suffolk¬IP14 1NL¬52.194667816162109¬0.99040228128433228¬06L¬NHS Ipswich And East Suffolk CCG¬01449776000¬¬http://www.stowhealth.com/¬01449 776005
5992¬D83045¬GP¬UNKNOWN¬Visible¬True¬True¬Lakenheath Surgery¬135 High Street¬Lakenheath¬¬Brandon¬Suffolk¬IP27 9EP¬52.411922454833984¬0.52341258525848389¬07K¬NHS West Suffolk CCG¬01842860400¬¬https://lakenheathsurgery.co.uk¬
5993¬D83046¬GP¬UNKNOWN¬Visible¬True¬True¬Two Rivers Medical Centre¬30 Woodbridge Road East¬¬¬Ipswich¬Suffolk¬IP4 5PB¬52.060249328613281¬1.1955021619796753¬06L¬NHS Ipswich And East Suffolk CCG¬01473907788¬¬http://www.tworiversmedicalcentre.co.uk¬
5994¬D83047¬GP¬UNKNOWN¬Visible¬True¬True¬Rosedale Surgery¬Ashburnham Way¬Carlton Colivlle¬¬Lowestoft¬Suffolk¬NR33 8LG¬52.457183837890625¬1.7060104608535767¬26A¬NHS Norfolk And Waveney CCG¬01502505100¬gywccg.rosedaleadmin@nhs.net¬https://www.rosedalesurgery.co.uk¬01502 531533
5995¬D83048¬GP¬UNKNOWN¬Visible¬True¬True¬Grove Medical Centre¬Grove Road¬¬¬Felixstowe¬Suffolk¬IP11 9GA¬51.971851348876953¬1.3504467010498047¬06L¬NHS Ipswich And East Suffolk CCG¬01394283197¬¬http://www.grovemcfelixstowe.nhs.uk¬01394 270304
5996¬D83049¬GP¬UNKNOWN¬Visible¬True¬True¬Little St John's Surgery¬7 Little St Johns Street¬¬¬Woodbridge¬Suffolk¬IP12 1EE¬52.094017028808594¬1.3193067312240601¬06L¬NHS Ipswich And East Suffolk CCG¬01394 382046¬woodbridgesurgery@nhs.net¬https://www.woodbridgedoctors.nhs.uk¬
5997¬D83050¬GP¬UNKNOWN¬Visible¬True¬True¬Deben Road Surgery¬2 Deben Road¬¬¬Ipswich¬Suffolk¬IP1 5EN¬52.071903228759766¬1.131022572517395¬06L¬NHS Ipswich And East Suffolk CCG¬01473 741152¬¬¬01473 743237
5998¬D83051¬GP¬UNKNOWN¬Visible¬True¬True¬The Derby Road Practice¬52 Derby Road¬¬¬Ipswich¬Suffolk¬IP3 8DN¬52.049098968505859¬1.1814897060394287¬06L¬NHS Ipswich And East Suffolk CCG¬01473728121¬¬http://www.derbyroadpractice.co.uk¬01473 718810
5999¬D83051001¬GP¬UNKNOWN¬Visible¬True¬True¬Pinewood Surgery, Ipswich¬Shepherd Drive¬Pinewood¬¬Ipswich¬Suffolk¬IP8 3SL¬52.042411804199219¬1.108948826789856¬06L¬NHS Ipswich And East Suffolk CCG¬01473682614¬¬http://www.derbyroadpractice.co.uk¬
6001¬D83053¬GP¬UNKNOWN¬Visible¬True¬True¬Saxmundham Health Centre¬Lambsale Meadow¬¬¬Saxmundham¬Suffolk¬IP17 1DY¬52.218238830566406¬1.4919066429138184¬06L¬NHS Ipswich And East Suffolk CCG¬01728602022¬¬https://www.saxmundhamhealth@nhs.net¬
6002¬D83054002¬GP¬UNKNOWN¬Visible¬True¬True¬Orford Surgery¬The Peninsula Practice¬Chapman House, Rectory Road¬Orford¬Woodbridge¬Suffolk¬IP12 2NN¬52.096668243408203¬1.5365625619888306¬06L¬NHS Ipswich And East Suffolk CCG¬01394450315¬¬http://www.thepeninsulapractice.co.uk¬
6003¬D83054¬GP¬UNKNOWN¬Visible¬True¬True¬The Peninsula Practice¬Mill Hoo, Alderton¬¬¬Woodbridge¬Suffolk¬IP12 3DA¬52.024196624755859¬1.4168908596038818¬06L¬NHS Ipswich And East Suffolk CCG¬01394411641¬¬http://www.thepeninsulapractice.co.uk¬
6004¬D83054006¬GP¬UNKNOWN¬Visible¬True¬True¬Hollesley Village Hall Branch Surgery¬The Peninsula Practice¬Hollesley Village Hall¬¬Woodbridge¬Suffolk¬IP12 3RQ¬52.047569274902344¬1.4275590181350708¬06L¬NHS Ipswich And East Suffolk CCG¬01394411641¬¬www.thepeninsulapractice.co.uk¬01394 410 183
6006¬D83055¬GP¬UNKNOWN¬Visible¬True¬False¬Woolpit Health Centre¬Heath Road¬Woolpit¬¬Bury St Edmunds¬Suffolk¬IP30 9QU¬52.222877502441406¬0.89539647102355957¬07K¬NHS West Suffolk CCG¬01359240298¬¬http://www.woolpithealthcentre.co.uk/index.html¬
6007¬D83056¬GP¬UNKNOWN¬Visible¬True¬True¬Hawthorn Drive Surgery¬206 Hawthorn Drive¬¬¬Ipswich¬Suffolk¬IP2 0QQ¬52.046394348144531¬1.1219738721847534¬06L¬NHS Ipswich And East Suffolk CCG¬01473556767¬¬¬01473 688707
6008¬D83057¬GP¬UNKNOWN¬Visible¬True¬True¬Framfield House Surgery¬Ipswich Road¬¬¬Woodbridge¬Suffolk¬IP12 4FD¬52.090190887451172¬1.3081884384155273¬06L¬NHS Ipswich And East Suffolk CCG¬01394615500¬iesccg.framfieldhouse@nhs.net¬http://www.framfieldhouse.com¬01394 387632
6009¬D83058¬GP¬UNKNOWN¬Visible¬True¬True¬The Norwich Road Surgery¬199 Norwich Road¬¬¬Ipswich¬Suffolk¬IP1 4BX¬52.065357208251953¬1.1392909288406372¬06L¬NHS Ipswich And East Suffolk CCG¬01473288100¬¬www.norwichroadsurgery.nhs.uk¬01473 289545
6010¬D83059001¬GP¬UNKNOWN¬Visible¬True¬True¬Stoke Park Medical Centre¬76 Lanercost Way¬¬¬Ipswich¬Suffolk¬IP2 9DP¬52.037094116210938¬1.137556791305542¬06L¬NHS Ipswich And East Suffolk CCG¬01473686439¬¬www.stokeparksurgery.co.uk¬01473 686477
6011¬D83059¬GP¬UNKNOWN¬Visible¬True¬True¬Barrack Lane Medical Centre¬1 Barrack Lane¬¬¬Ipswich¬Suffolk¬IP1 3NQ¬52.060379028320313¬1.1463245153427124¬06L¬NHS Ipswich And East Suffolk CCG¬01473252827¬¬www.barracklane.co.uk¬01473 250463
6012¬D83060003¬GP¬UNKNOWN¬Visible¬True¬True¬Meadow Lane Surgery¬Meadow Lane¬¬¬Sudbury¬Suffolk¬CO10 2TD¬52.036285400390625¬0.730399489402771¬07K¬NHS West Suffolk CCG¬01787310000¬wsccg.sudbury-admin@nhs.net¬¬
6013¬D83060004¬GP¬UNKNOWN¬Visible¬True¬True¬Great Cornard Surgery¬67 Pot Kiln Road Gt Cornard¬¬¬Sudbury¬Suffolk¬CO10 0DH¬52.0322265625¬0.75176060199737549¬07K¬NHS West Suffolk CCG¬01787880337¬wsccg.sudbury-admin@nhs.net¬¬01787 373573
6014¬D83060002¬GP¬UNKNOWN¬Visible¬True¬True¬Church Square¬Bures¬¬¬Colchester¬Suffolk¬CO8 5BS¬51.971858978271484¬0.77563762664794922¬07K¬NHS West Suffolk CCG¬01787227529¬wsccg.sudbury-admin@nhs.net¬¬
6015¬D83060001¬GP¬UNKNOWN¬Visible¬True¬True¬Stonehall Surgery¬Nethergate Street Clare¬¬¬Sudbury¬Suffolk¬CO10 8NP¬52.076656341552734¬0.5794568657875061¬07K¬NHS West Suffolk CCG¬01787278999¬wsccg.sudbury-admin@nhs.net¬¬
6016¬D83060¬GP¬UNKNOWN¬Visible¬True¬True¬Hardwicke House Group Practice¬Stour Street¬¬¬Sudbury¬Suffolk¬CO10 2AY¬52.038200378417969¬0.72580605745315552¬07K¬NHS West Suffolk CCG¬01787370011¬wsccg.sudbury-admin@nhs.net¬http://www.hardwickehousesurgery.co.uk¬
6017¬D83061001¬GP¬UNKNOWN¬Visible¬True¬True¬Rendlesham Surgery¬6 Acer Road¬Rendlesham¬¬Woodbridge¬Suffolk¬IP12 2GA¬52.128952026367188¬1.4167664051055908¬06L¬NHS Ipswich And East Suffolk CCG¬01728747101¬iesccg.wichammarketreception@nhs.net¬https://www.wickhammarketmc.nhs.uk¬
6018¬D83061¬GP¬UNKNOWN¬Visible¬True¬True¬Wickham Market Medical Centre¬Chapel Lane¬Wickham Market¬¬Woodbridge¬Suffolk¬IP13 0SB¬52.151840209960938¬1.3636879920959473¬06L¬NHS Ipswich And East Suffolk CCG¬01728747101¬iesccg.wichammarketreception@nhs.net¬https://www.wickhammarketmc.nhs.uk¬
6019¬D83062¬GP¬UNKNOWN¬Visible¬True¬True¬Forest Surgery¬Bury Road¬¬¬Brandon¬Suffolk¬IP27 0BU¬52.445991516113281¬0.62438762187957764¬07K¬NHS West Suffolk CCG¬01842810206¬admin.forestsurgery@nhs.net¬http://www.forestsurgery.org.uk¬01842 815221
6020¬D83062001¬GP¬UNKNOWN¬Visible¬True¬True¬Forest Group Practice - Mundford Branch¬Mundford Village Hall¬St Leonards Street¬Mundford¬Thetford¬Norfolk¬IP26 5DW¬52.512454986572266¬0.65331542491912842¬07K¬NHS West Suffolk CCG¬01842810206¬admin.forestsurgery@nhs.net¬http://www.swansurgery.org.uk/forest_group_practice¬
6021¬D83064004¬GP¬UNKNOWN¬Visible¬True¬True¬Glemsford Surgery¬The Surgery¬Lion Road¬¬Glemsford¬Suffolk¬CO10 7RF¬52.102802276611328¬0.66693556308746338¬07K¬NHS West Suffolk CCG¬01787 280484¬¬http://www.glemsfordsurgery.co.uk¬
6022¬D83064¬GP¬UNKNOWN¬Visible¬True¬True¬Glemsford Surgery¬Lion Road¬Glemsford¬¬Sudbury¬Suffolk¬CO10 7RF¬52.102802276611328¬0.66693556308746338¬07K¬NHS West Suffolk CCG¬01787280484¬¬http://www.glemsfordsurgery.co.uk¬01787 281711
6023¬D83067¬GP¬UNKNOWN¬Visible¬True¬True¬Oakfield Surgery¬Newmarket Community Hospital¬56 Exning Road¬¬Newmarket¬Suffolk¬CB8 7JG¬52.250892639160156¬0.40000835061073303¬07K¬NHS West Suffolk CCG¬01638662018¬¬http://www.oakfieldsurgery.org¬
6025¬D83069¬GP¬UNKNOWN¬Visible¬True¬True¬Fressingfield Medical Centre¬New Street¬Fressingfield¬¬Eye¬Suffolk¬IP21 5PJ¬52.347194671630859¬1.3107926845550537¬06L¬NHS Ipswich And East Suffolk CCG¬01379586227¬¬http://www.fressingfieldmedicalcentre.co.uk/¬01379 588265
6026¬D83069001¬GP¬UNKNOWN¬Visible¬True¬True¬Stradbroke Surgery¬Wilby Road¬Stradbroke¬¬Eye¬Suffolk¬IP21 5JN¬52.314395904541016¬1.270817756652832¬06L¬NHS Ipswich And East Suffolk CCG¬01379 388313¬info@gp-d83069.nhs.uk¬www.fressingfieldmedicalcentre.co.uk¬
6027¬D83070¬GP¬UNKNOWN¬Visible¬True¬True¬Stanton Surgery¬10 The Chase¬Stanton¬¬Bury St Edmunds¬Suffolk¬IP31 2XA¬52.325263977050781¬0.88282829523086548¬07K¬NHS West Suffolk CCG¬01359251192¬wsccg.avicenna@nhs.net¬http://www.stantonsurgery.co.uk¬01359 252328
6031¬D83073¬GP¬UNKNOWN¬Visible¬True¬True¬Dr Solway & Dr Mallick Practice¬Orchard Street¬¬¬Ipswich¬Suffolk¬IP4 2PU¬52.057254791259766¬1.1618475914001465¬06L¬NHS Ipswich And East Suffolk CCG¬01473927544¬¬http://www.drsolwayandwhale.co.uk/¬
6032¬D83074¬GP¬UNKNOWN¬Visible¬True¬True¬Orchard Street Medical Practice - White¬Orchard Street Medical Centre¬Orchard Street¬¬Ipswich¬Suffolk¬IP4 2PZ¬52.057338714599609¬1.1623642444610596¬06L¬NHS Ipswich And East Suffolk CCG¬01473213261¬nmh-tr.ompadmin@nhs.net¬http://www.orchardmedicalpractice.nhs.uk¬01473 289405
6033¬D83075¬GP¬UNKNOWN¬Visible¬True¬True¬Siam Surgery¬Sudbury Community Health Centre¬¬¬Sudbury¬Suffolk¬CO10 2DZ¬52.04864501953125¬0.74886053800582886¬07K¬NHS West Suffolk CCG¬01787886444¬¬¬01787 886445
6034¬D83076¬GP¬UNKNOWN¬Visible¬True¬True¬Clare Guildhall Surgery¬High Street¬Clare¬¬Sudbury¬Suffolk¬CO10 8NY¬52.0782470703125¬0.58045333623886108¬07K¬NHS West Suffolk CCG¬01787277523¬¬www.guildhallsurgery.co.uk¬01787 278628
6035¬D83078¬GP¬UNKNOWN¬Visible¬True¬True¬Reynard Surgery¬Turnpike Road¬Red Lodge¬¬Bury St Edmunds¬Suffolk¬IP28 8LB¬52.302684783935547¬0.4840434193611145¬07K¬NHS West Suffolk CCG¬01638552211¬¬¬
6036¬D83078001¬GP¬UNKNOWN¬Visible¬True¬True¬The White House Surgery¬10-10A Market Place¬Mildenhall¬Bury St Edmunds¬Bury St. Edmunds¬Suffolk¬IP28 7EF¬52.343280792236328¬0.51057398319244385¬07K¬NHS West Suffolk CCG¬01638718177¬¬http://www.reynardsurgery.co.uk/¬01638 718901
6037¬D83079¬GP¬UNKNOWN¬Visible¬True¬True¬Combs Ford Surgery¬Combs Lane¬¬¬Stowmarket¬Suffolk¬IP14 2SY¬52.180179595947266¬0.99601322412490845¬06L¬NHS Ipswich And East Suffolk CCG¬01449678333¬¬http://www.combsfordsurgery.org.uk/¬01449 614535
6038¬D83080¬GP¬UNKNOWN¬Visible¬True¬True¬Martlesham Heath Surgery¬23 The Square¬Martlesham Heath¬¬Ipswich¬Suffolk¬IP5 3SL¬52.061313629150391¬1.2720823287963867¬06L¬NHS Ipswich And East Suffolk CCG¬01473610028¬¬http://www.mhdoctors.co.uk¬01473 610791
6039¬D83081¬GP¬UNKNOWN¬Visible¬True¬True¬Haven Health¬Grange Farm Avenue¬¬¬Felixstowe¬Suffolk¬IP11 2XD¬51.965358734130859¬1.3270536661148071¬06L¬NHS Ipswich And East Suffolk CCG¬01394670107¬haven.health@nhs.net¬http://www.havenhealth.nhs.uk¬01394 282872
6041¬D83084¬GP¬UNKNOWN¬Visible¬True¬True¬The Birches Medical Centre¬Twelve Acre Approach¬Kesgrave¬¬Ipswich¬Suffolk¬IP5 1JF¬52.062191009521484¬1.2360167503356934¬06L¬NHS Ipswich And East Suffolk CCG¬01473624800¬¬http://www.thebircheskesgrave.co.uk/¬
6042¬D83608¬GP¬UNKNOWN¬Visible¬True¬True¬Andaman Surgery¬303 Long Road¬¬¬Lowestoft¬Suffolk¬NR33 9DF¬52.456912994384766¬1.7154995203018188¬26A¬NHS Norfolk And Waveney CCG¬01502517346¬¬¬01502 531450
6043¬D83610¬GP¬UNKNOWN¬Visible¬True¬True¬Swan Surgery¬Northgate Business Park¬Bury St. Edmunds¬¬Bury St Edmunds¬Suffolk¬IP33 1AE¬52.248424530029297¬0.71772801876068115¬07K¬NHS West Suffolk CCG¬01284750011¬admin.swansurgery@nhs.net¬http://www.swansurgery.org.uk/¬01284 770465
6045¬D83615¬GP¬UNKNOWN¬Visible¬True¬True¬The Barham & Claydon Surgery¬Norwich Road¬¬¬Ipswich¬Suffolk¬IP6 0DJ¬52.110172271728516¬1.1098804473876953¬06L¬NHS Ipswich And East Suffolk CCG¬01473832832¬wsccg.gippingvalley@nhs.net¬http://www.thebarhamandclaydonsurgery.co.uk¬01473 830200
11404¬E81001¬GP¬UNKNOWN¬Visible¬True¬True¬Wenlock Surgery¬40 Wenlock Street¬¬¬Luton¬Bedfordshire¬LU2 0NN¬51.885246276855469¬-0.41225111484527588¬06P¬NHS Luton CCG¬01582343347¬regina.saleh@nhs.net¬https://www.wenlocksurgery.co.uk¬0844 576 9786
11405¬E81002¬GP¬UNKNOWN¬Visible¬True¬True¬Greensand Surgery (Ampthill)¬The Health Centre¬Oliver Street¬Ampthill¬Bedford¬Bedfordshire¬MK45 2SB¬52.026191711425781¬-0.49326214194297791¬06F¬NHS Bedfordshire CCG¬01525631390¬¬http://www.greensandsurgery.co.uk¬01525 631393
11406¬E81003¬GP¬UNKNOWN¬Visible¬True¬True¬Dr Jl Henderson & Partners¬29 Bassett Road¬¬¬Leighton Buzzard¬Bedfordshire¬LU7 1AR¬51.919124603271484¬-0.66463750600814819¬06F¬NHS Bedfordshire CCG¬01525373111¬¬https://www.bassettroadsurgery.co.uk¬01525 853767
11407¬E81004¬GP¬UNKNOWN¬Visible¬True¬True¬Salisbury House Surgery¬Lake Street¬¬¬Leighton Buzzard¬Bedfordshire¬LU7 1RS¬51.916275024414063¬-0.66005468368530273¬06F¬NHS Bedfordshire CCG¬01525243890¬salisburyhouse@nhs.net¬http://www.salisburyhousesurgery.co.uk¬01525 381814
11408¬E81005¬GP¬UNKNOWN¬Visible¬True¬True¬Bell House Medical Centre¬163 Dunstable Road¬¬¬Luton¬Bedfordshire¬LU1 1BW¬51.884029388427734¬-0.42727437615394592¬06P¬NHS Luton CCG¬01582349889¬¬http://www.bellhousedoctor.co.uk¬01582 487686
11409¬E81006¬GP¬UNKNOWN¬Visible¬True¬True¬Stopsley Village Practice¬26 Ashcroft Road¬Stopsley¬¬Luton¬Bedfordshire¬LU2 9AU¬51.901130676269531¬-0.39413231611251831¬06P¬NHS Luton CCG¬01582722555¬¬http://www.stopsleyvillagepractice.co.uk/¬01582 418145
11410¬E81007¬GP¬UNKNOWN¬Visible¬True¬False¬Harrold Medical Practice¬Peachs Close¬¬¬Bedford¬Bedfordshire¬MK43 7DX¬52.202556610107422¬-0.6052057147026062¬06F¬NHS Bedfordshire CCG¬01234720225¬¬¬01234 720603
11411¬E81008¬GP¬UNKNOWN¬Visible¬True¬True¬Wheatfield Surgery¬60 Wheatfield Road¬Lewsey Farm¬¬Luton¬Bedfordshire¬LU4 0TR¬51.904445648193359¬-0.49512967467308044¬06F¬NHS Bedfordshire CCG¬01582601116¬¬www.wheatfieldsurgery.co.uk¬01582 666421
11412¬E81009¬GP¬UNKNOWN¬Visible¬True¬True¬West Street Surgery¬89 West Street¬¬¬Dunstable¬Bedfordshire¬LU6 1SF¬51.884639739990234¬-0.52583914995193481¬06F¬NHS Bedfordshire CCG¬01582664401¬¬http://www.weststreetsurgery.org.uk/¬01582 475766
11413¬E81010¬GP¬UNKNOWN¬Visible¬True¬True¬Leagrave Surgery¬37A Linden Road¬¬¬Luton¬Bedfordshire¬LU4 9QZ¬51.902019500732422¬-0.45772343873977661¬06P¬NHS Luton CCG¬01582572817¬leagrave.surgery@nhs.net¬http://www.leagravesurgery.co.uk¬01582 494675
11414¬E81037004¬GP¬UNKNOWN¬Visible¬True¬True¬The De Parys Group – Goldington Branch¬2 Goldington Road¬¬¬Bedford¬Bedfordshire¬MK40 3NG¬52.139926910400391¬-0.46135568618774414¬06F¬NHS Bedfordshire CCG¬01234 351341¬thedeparysgroup@nhs.net¬http://www.thedeparysgroup.co.uk¬
11415¬E81012¬GP¬UNKNOWN¬Visible¬True¬True¬Greensands (Potton)¬Brook End¬Sandy¬¬Potton¬Bedfordshire¬SG19 2QS¬52.127185821533203¬-0.21279795467853546¬06F¬NHS Bedfordshire CCG¬01767260340¬¬¬01767 261777
11416¬E81012001¬GP¬UNKNOWN¬Visible¬True¬True¬Dr Heslop & Partners¬The Medical Centre¬Stocks Lane¬¬Gamlingay¬Bedfordshire¬SG19 3JR¬52.152854919433594¬-0.19028206169605255¬06F¬NHS Bedfordshire CCG¬01767651544¬¬http://www.greensands.org.uk/¬
11417¬E81013¬GP¬UNKNOWN¬Visible¬True¬True¬Castle Street Surgery¬Castle Medical Practice¬27 Castle Street¬¬Luton¬Bedfordshire¬LU1 3AG¬51.876239776611328¬-0.41518449783325195¬06P¬NHS Luton CCG¬01582729242¬¬http://www.castlestreetsurgeryluton.co.uk/¬01582 725192
11418¬E81014¬GP¬UNKNOWN¬Visible¬True¬True¬Priory Gardens Surgery¬¬Church Street¬¬Dunstable¬Bedfordshire¬LU6 3SU¬51.885662078857422¬-0.51929610967636108¬06F¬NHS Bedfordshire CCG¬01582 699 622¬priory.gardens@nhs.net¬https://www.priorygardenssurgery.co.uk¬
11419¬E81015¬GP¬UNKNOWN¬Visible¬True¬True¬Flitwick Surgery¬Highlands¬¬¬Flitwick¬Bedfordshire¬MK45 1DW¬52.005165100097656¬-0.49275919795036316¬06F¬NHS Bedfordshire CCG¬01525715300¬¬http://www.flitwicksurgery.co.uk/¬
11420¬E81016¬GP¬UNKNOWN¬Visible¬True¬True¬Lister House Surgery¬473-475 Dunstable Road¬¬¬Luton¬Bedfordshire¬LU4 8DG¬51.891921997070312¬-0.45148599147796631¬06P¬NHS Luton CCG¬01582578989¬l.house@nhs.net¬¬01582 582074
11421¬E81037006¬GP¬UNKNOWN¬Visible¬True¬True¬The De Parys Group – Pemberley branch¬32 Pemberley Avenue¬¬¬Bedford¬Bedfordshire¬MK40 2LA¬52.145587921142578¬-0.46314817667007446¬06F¬NHS Bedfordshire CCG¬01234 351341¬thedeparysgroup@nhs.net¬http://www.thedeparysgroup.co.uk¬
11422¬E81018¬GP¬UNKNOWN¬Visible¬True¬True¬Dr Jk Marsden's Practice¬30 Woodland Avenue¬¬¬Luton¬Bedfordshire¬LU3 1RW¬51.895011901855469¬-0.43645390868186951¬06P¬NHS Luton CCG¬01582 572239¬¬https://www.woodlandavenuepractice.nhs.uk/¬01582 494227
11423¬E81019001¬GP¬UNKNOWN¬Visible¬True¬True¬London Road Surgery¬Elstow Medical Centre¬Abbeyfields¬Elstow¬Bedford¬Bedfordshire¬MK42 9GP¬52.114879608154297¬-0.44850426912307739¬06F¬NHS Bedfordshire CCG¬01234266851¬¬http://www.londonroadsurgery.co.uk¬01234 363998
11424¬E81019¬GP¬UNKNOWN¬Visible¬True¬True¬London Road Health Centre¬84-86 London Road¬¬¬Bedford¬Bedfordshire¬MK42 0NT¬52.126693725585938¬-0.45957633852958679¬06F¬NHS Bedfordshire CCG¬01234266851¬¬www.londonroadsurgery.co.uk¬01234 363998
11426¬E81021¬GP¬UNKNOWN¬Visible¬True¬True¬Queens Park Surgery¬23C Carlisle Road¬Queens Park¬¬Bedford¬Bedfordshire¬MK40 4HR¬52.133152008056641¬-0.4930606484413147¬06F¬NHS Bedfordshire CCG¬01234 351661¬¬http://www.queensparksurgery.co.uk¬01234 364884
11427¬E81021001¬GP¬UNKNOWN¬Visible¬True¬True¬The Medical Centre¬8 Honeysuckle Way¬Goldington¬¬Bedford¬Bedfordshire¬MK41 0TF¬52.139705657958984¬-0.42490482330322266¬06F¬NHS Bedfordshire CCG¬01234 213300¬¬http://www.queensparksurgery.co.uk¬01234 213345
11428¬E81022¬GP¬UNKNOWN¬Visible¬True¬True¬Larksfield Surgery Medical Partnership¬Arlesey Road¬Stotfold¬¬Hitchin¬Hertfordshire¬SG5 4HB¬52.017131805419922¬-0.23509806394577026¬06F¬NHS Bedfordshire CCG¬01462732200¬¬http://www.larksfieldsurgery.gpsurgery.net/Webdesk/netblast/pages/index.html¬01462 832715
11429¬E81023¬GP¬UNKNOWN¬Visible¬True¬True¬Cater Street Surgery¬1 Cater Street¬Kempston¬¬Bedford¬Bedfordshire¬MK42 8DR¬52.120094299316406¬-0.4895058274269104¬06F¬NHS Bedfordshire CCG¬01234849090¬caterstreet.surgery@nhs.net¬http://www.caterstreetsurgery.nhs.uk¬0844 815 1223
11430¬E81024¬GP¬UNKNOWN¬Visible¬True¬True¬Sharnbrook Surgery¬Templars Way¬Sharnbrook¬¬Bedford¬Bedfordshire¬MK44 1PZ¬52.224521636962891¬-0.53454464673995972¬06F¬NHS Bedfordshire CCG¬01234781392¬¬http://www.sharnbrooksurgery.co.uk¬01234 781468
11431¬E81025¬GP¬UNKNOWN¬Visible¬True¬True¬The Oakley Surgery¬Addington Way¬Off Oakley Road¬¬Luton¬Bedfordshire¬LU4 9FJ¬51.899497985839844¬-0.46647247672080994¬06P¬NHS Luton CCG¬01582496050¬¬¬01582 561808
11433¬E81026¬GP¬UNKNOWN¬Visible¬True¬True¬Larkside Practice¬Churchfield Medical Centre¬322 Crawley Green Road¬¬Luton¬Bedfordshire¬LU2 9SB¬51.892490386962891¬-0.36924070119857788¬06P¬NHS Luton CCG¬01582722143¬larkside.practice@nhs.net¬https://larksidepractice.co.uk/¬01582 436098
11434¬E81027¬GP¬UNKNOWN¬Visible¬True¬True¬Dr Jinmi & Partners¬Houghton Regis Med.Ctr.¬Peel St, Houghton Regis¬Nr.Dunstable¬Houghton Regis¬Bedfordshire¬LU5 5EZ¬51.905788421630859¬-0.51885241270065308¬06F¬NHS Bedfordshire CCG¬01582866161¬¬¬01582 865483
11435¬E81028¬GP¬UNKNOWN¬Visible¬True¬True¬Dr R Khanchandani's Practice¬9 Blenheim Crescent¬¬¬Luton¬Bedfordshire¬LU3 1HA¬51.892353057861328¬-0.4278411865234375¬06P¬NHS Luton CCG¬01582404012¬practice.enquiries@nhs.net¬¬01582 420780
11437¬E81028001¬GP¬UNKNOWN¬Visible¬True¬True¬Dr Khanchandani¬10 Wetherne Link Hockwell Ring¬10 Wetherne Link¬Hockwell Ring¬Luton¬Bedfordshire¬LU4 9PE¬51.906829833984375¬-0.47293898463249207¬06P¬NHS Luton CCG¬01582420788¬¬¬01582 539779
11438¬E81029¬GP¬UNKNOWN¬Visible¬True¬True¬Putnoe Medical Centre Partnership¬93 Queens Drive¬Putnoe¬¬Bedford¬Bedfordshire¬MK41 9JE¬52.147941589355469¬-0.43829366564750671¬06F¬NHS Bedfordshire CCG¬01234319992¬¬http://www.putnoemedicalcentre.co.uk¬01234 319994
11439¬E81030¬GP¬UNKNOWN¬Visible¬True¬True¬Cauldwell Medical Centre¬Weller Wing, Bedford Hospital¬Kempston Road¬¬Bedford¬Bedfordshire¬MK42 9DJ¬52.128265380859375¬-0.47248050570487976¬06F¬NHS Bedfordshire CCG¬01234673710¬info.cauldwell@nhs.net¬http://www.cauldwellmedicalcentre.com/¬01234 673711
11440¬E81031¬GP¬UNKNOWN¬Visible¬True¬True¬Great Barford Surgery¬26 Silver Street¬Great Barford¬¬Bedford¬Bedfordshire¬MK44 3HX¬52.156169891357422¬-0.35139140486717224¬06F¬NHS Bedfordshire CCG¬01234 870 325¬¬https://www.greatbarfordsurgery.co.uk/¬01234 871 323
11441¬E81032001¬GP¬UNKNOWN¬Visible¬True¬True¬Lea Vale Medical Group ¬Bushmead Medical Centre¬131 Bushmead Road¬Bushmead¬Luton¬Bedfordshire¬LU2 7YT¬51.906356811523438¬-0.41333854198455811¬06P¬NHS Luton CCG¬01582722525¬¬¬01582 421602
11442¬E81032¬GP¬UNKNOWN¬Visible¬True¬True¬Lea Vale Medical Group¬Liverpool Road Health Centre¬9 Mersey Place¬Liverpool Road¬Luton¬Bedfordshire¬LU1 1HH¬51.881626129150391¬-0.4230140745639801¬06P¬NHS Luton CCG¬01582722525¬¬http://www.leavale.nhs.uk/home,28565.htm¬01582 421602
11443¬E81032002¬GP¬UNKNOWN¬Visible¬True¬True¬Lea Vale Medical Group¬Whipperley Medical Centre¬Farley Hill¬¬311 Whipperley Ring, Luton¬Bedfordshire¬LU1 5QY¬51.876380920410156¬-0.43830609321594238¬06P¬NHS Luton CCG¬01582722525¬¬¬01582 421602
11444¬E81033¬GP¬UNKNOWN¬Visible¬True¬True¬Shefford Health Centre¬Robert Lucas Drive¬Hitchin Road¬¬Shefford¬Bedfordshire¬SG17 5FS¬52.0347900390625¬-0.32162895798683167¬06F¬NHS Bedfordshire CCG¬01462818620¬katie.dearman@nhs.net¬http://www.sheffordhealthcentre.gpsurgery.net¬01462 818642
11445¬E81034¬GP¬UNKNOWN¬Visible¬True¬True¬Toddington Medical Centre¬Luton Road¬Toddington¬¬Dunstable¬Bedfordshire¬LU5 6DE¬51.945858001708984¬-0.53046762943267822¬06F¬NHS Bedfordshire CCG¬01525872222¬¬¬01525 876711
11446¬E81035¬GP¬UNKNOWN¬Visible¬True¬True¬Sandy Health Centre¬Northcroft¬¬¬Sandy¬Bedfordshire¬SG19 1JQ¬52.130008697509766¬-0.28718209266662598¬06F¬NHS Bedfordshire CCG¬01767682525¬¬http://www.sandyhealthcentre.nhs.uk¬01767 681600
11447¬E81036¬GP¬UNKNOWN¬Visible¬True¬True¬Ivel Medical Centre¬Chestnut Avenue¬¬¬Biggleswade¬Bedfordshire¬SG18 0RA¬52.088584899902344¬-0.25954654812812805¬06F¬NHS Bedfordshire CCG¬01767312441¬¬http://www.ivelmedicalcentre.co.uk¬01767 603707
11448¬E81037¬GP¬UNKNOWN¬Visible¬True¬True¬The De Parys Group - De Parys Branch¬23 De Parys Avenue¬¬¬Bedford¬Bedfordshire¬MK40 2TX¬52.140514373779297¬-0.46642082929611206¬06F¬NHS Bedfordshire CCG¬01234 351341¬thedeparysgroup@nhs.net¬http://www.thedeparysgroup.co.uk/¬
11450¬E81037003¬GP¬UNKNOWN¬Visible¬True¬True¬The De Parys Group – Bromham Branch¬Molivers Lane¬Bromham¬¬Bedford¬Bedfordshire¬MK43 8JT¬52.1522216796875¬-0.52856457233428955¬06F¬NHS Bedfordshire CCG¬01234 351341¬thedeparysgroup@nhs.net¬https://www.thedeparysgroup.co.uk¬
11451¬E81038¬GP¬UNKNOWN¬Visible¬True¬True¬King Street Surgery¬273 Bedford Road¬Kempston¬¬Bedford¬Bedfordshire¬MK42 8QD¬52.118732452392578¬-0.49553331732749939¬06F¬NHS Bedfordshire CCG¬01234852222¬¬http://www.kingstreetsurgery.co.uk¬01234 843558
11453¬E81040¬GP¬UNKNOWN¬Visible¬True¬True¬Sundon Medical Centre¬142/144 Sundon Park Road¬¬¬Luton¬Bedfordshire¬LU3 3AH¬51.914875030517578¬-0.46933645009994507¬06P¬NHS Luton CCG¬01582571130¬¬http://www.sundonmedicalcentre.nhs.uk/¬01582 564452
11454¬E81041001¬GP¬UNKNOWN¬Visible¬True¬True¬Gardenia & Marsh Farm Practice¬The Purley Centre¬¬¬Luton¬Bedfordshire¬LU3 3SR¬51.917041778564453¬-0.45408254861831665¬06P¬NHS Luton CCG¬01582346259¬office.gardeniasurgery@nhs.net¬http://www.gardeniasurgery.nhs.uk¬01582 491590
11455¬E81041¬GP¬UNKNOWN¬Visible¬True¬True¬Gardenia & Marsh Farm Practice¬2A Gardenia Avenue¬¬¬Luton¬Bedfordshire¬LU3 2NS¬51.900871276855469¬-0.44620725512504578¬06P¬NHS Luton CCG¬01582346259¬office.gardeniasurgery@nhs.net¬http://www.gardeniasurgery.nhs.uk¬01582 494553
11456¬E81043002¬GP¬UNKNOWN¬Visible¬True¬True¬The Medical Centre¬Cranfield University Medical Centre¬Wharley End¬Cranfield¬Bedford¬Bedfordshire¬MK43 0AL¬52.069808959960938¬-0.63080734014511108¬06F¬NHS Bedfordshire CCG¬01234750111 ext 3333¬¬www.cranfieldandmarstonsurgery.co.uk¬
11457¬E81043¬GP¬UNKNOWN¬Visible¬True¬True¬Cranfield Surgery¬137 High Street¬Cranfield¬¬Bedford¬Bedfordshire¬MK43 0HZ¬52.0704345703125¬-0.60748791694641113¬06F¬NHS Bedfordshire CCG¬01234750234¬¬www.cranfieldandmarstonsurgery.co.uk¬01234 750588
11458¬E81043001¬GP¬UNKNOWN¬Visible¬True¬True¬Marston Surgery - Cranfield and Marston Surgery¬59 Bedford Road¬Marston Moretaine¬¬Bedford¬Bedfordshire¬MK43 0LA¬52.063724517822266¬-0.54775482416152954¬06F¬NHS Bedfordshire CCG¬01234766551¬¬www.cranfieldandmarstonsurgery.co.uk¬01234 768027
11459¬E81044¬GP¬UNKNOWN¬Visible¬True¬True¬Leighton Road Surgery¬1 Leighton Road¬¬¬Leighton Buzzard¬Bedfordshire¬LU7 1LB¬51.915779113769531¬-0.66793543100357056¬06F¬NHS Bedfordshire CCG¬01525372571¬leightonroadsurgery@nhs.net¬http://www.leightonroadsurgery.co.uk¬01525 850414
11460¬E81045¬GP¬UNKNOWN¬Visible¬True¬True¬Kingsbury Court Surgery¬Church Street¬¬¬Dunstable¬Bedfordshire¬LU5 4RS¬51.886844635009766¬-0.51810938119888306¬06F¬NHS Bedfordshire CCG¬01582663218¬kingsburycourt.admin@nhs.net¬https://www.kingsburycourtsurgery.nhs.uk/¬
11461¬E81046¬GP¬UNKNOWN¬Visible¬True¬True¬Dr Hughes & Partners¬Hexton Road¬Barton-Le-Clay¬¬Bedford¬Bedfordshire¬MK45 4TA¬51.964168548583984¬-0.42450001835823059¬06F¬NHS Bedfordshire CCG¬01582528701¬¬http://www.bartongroupsurgeries.co.uk/¬01582 528714
11462¬E81046001¬GP¬UNKNOWN¬Visible¬True¬True¬Dr SP Hughes and Partners¬The Health Centre¬Gooseberry Hill¬¬Luton¬Bedfordshire¬LU3 2LB¬51.914020538330078¬-0.4336128830909729¬06F¬NHS Bedfordshire CCG¬01582528721¬¬http://www.bartongroupsurgeries.co.uk/¬01582 528719
11463¬E81047¬GP¬UNKNOWN¬Visible¬True¬True¬Goldington Avenue Surgery¬85 Goldington Avenue¬¬¬Bedford¬Bedfordshire¬MK40 3DB¬52.143512725830078¬-0.45578098297119141¬06F¬NHS Bedfordshire CCG¬01234349531¬goldingtonavdrs@nhs.net¬http://goldingtonavenuesurgery.co.uk¬01234 267455
11464¬E81048¬GP¬UNKNOWN¬Visible¬True¬True¬Bute House Medical Centre¬Grove Road¬¬¬Luton¬Bedfordshire¬LU1 1RW¬51.880161285400391¬-0.42395147681236267¬06P¬NHS Luton CCG¬01582729428¬¬http://www.butehousemedicalcentre.co.uk¬01582 417762
11465¬E81049¬GP¬UNKNOWN¬Visible¬True¬True¬Priory Medical Centre¬48 The Glebe¬Clapham¬¬Bedford¬Bedfordshire¬MK41 6GA¬52.167182922363281¬-0.50565582513809204¬06F¬NHS Bedfordshire CCG¬01234262040¬¬www.priorymedicalpractice.co.uk¬01234 219288
11466¬E81050¬GP¬UNKNOWN¬Visible¬True¬True¬Asplands Medical Centre¬Asplands Close¬¬¬Milton Keynes¬Buckinghamshire¬MK17 8QP¬52.012619018554688¬-0.64980584383010864¬06F¬NHS Bedfordshire CCG¬01908582069¬¬https://www.asplandsmedicalcentre.co.uk/¬01908 281597
11467¬E81050001¬GP¬UNKNOWN¬Visible¬True¬True¬Woburn Surgery¬Eleanor Close¬¬¬Woburn¬Bedfordshire¬MK17 9QU¬51.991607666015625¬-0.61905163526535034¬06F¬NHS Bedfordshire CCG¬01525290214¬¬¬01525 290197
11468¬E81052¬GP¬UNKNOWN¬Visible¬True¬True¬Kirby Road Surgery¬58 Kirby Road¬¬¬Dunstable¬Bedfordshire¬LU6 3JH¬51.883228302001953¬-0.52662628889083862¬06F¬NHS Bedfordshire CCG¬01582609121¬¬¬01582 472002
11470¬E81056¬GP¬UNKNOWN¬Visible¬True¬True¬St John's Street Surgery¬16 St.John's Street¬Kempston¬¬Bedford¬Bedfordshire¬MK42 8EP¬52.115135192871094¬-0.49952477216720581¬06F¬NHS Bedfordshire CCG¬01234851323¬¬www.stjohnsurgerykempston.co.uk¬01234 843293
11471¬E81057001¬GP¬UNKNOWN¬Visible¬True¬True¬Dr Kirkham & Partners¬111 Church Street¬Biggleswade¬¬Langford¬Bedfordshire¬SG18 9QA¬52.059967041015625¬-0.27075347304344177¬06F¬NHS Bedfordshire CCG¬01767316346¬reception.biggleswade@nhs.net¬https://www.saffronhealthpartnership.nhs.uk/¬01767 312568
11472¬E81057¬GP¬UNKNOWN¬Visible¬True¬True¬Saffron Road Surgery¬Biggleswade Health Centre¬Saffron Road¬¬Biggleswade¬Bedfordshire¬SG18 8DJ¬52.084232330322266¬-0.26444467902183533¬06F¬NHS Bedfordshire CCG¬01767316346¬reception.biggleswade@nhs.net¬https://www.saffronhealthpartnership.nhs.uk/¬01767 312568
11474¬E81060001¬GP¬UNKNOWN¬Visible¬True¬True¬Dr S Kanungo¬Avoca House¬Molivers Lane Bromham¬Bedford¬Bromham¬Bedfordshire¬MK43 8JT¬52.1522216796875¬-0.52856457233428955¬06F¬NHS Bedfordshire CCG¬01234824110¬¬¬
11475¬E81060¬GP¬UNKNOWN¬Visible¬True¬True¬Linden Road Surgery¬13 Linden Road¬¬¬Bedford¬Bedfordshire¬MK40 2DQ¬52.143611907958984¬-0.47923338413238525¬06F¬NHS Bedfordshire CCG¬01234273272¬¬¬01234 340339
11476¬E81060002¬GP¬UNKNOWN¬Visible¬True¬True¬Dr KANUNGO¬13 Linden Road¬Brickhill¬¬Bedford¬Bedfordshire¬MK40 2DQ¬52.143611907958984¬-0.47923338413238525¬06F¬NHS Bedfordshire CCG¬01234273272¬¬¬01234 340399
11477¬E81061¬GP¬UNKNOWN¬Visible¬True¬True¬The Hawthorns¬109 Station Road¬Lower Stondon¬¬Henlow¬Bedfordshire¬SG16 6JJ¬52.006603240966797¬-0.31175631284713745¬06F¬NHS Bedfordshire CCG¬01462850305¬lower.stondon@nhs.net¬¬01462 851858
11479¬E81063¬GP¬UNKNOWN¬Visible¬True¬True¬Dr K Prasad's Practice¬49 Westbourne Road¬¬¬Luton¬Bedfordshire¬LU4 8JD¬51.887798309326172¬-0.43352195620536804¬06P¬NHS Luton CCG¬01582429953¬¬http://www.conwaymedicalcentre.nhs.uk¬01582 487500
11480¬E81064¬GP¬UNKNOWN¬Visible¬True¬True¬Bramingham Park Medical Centre ¬Lucas Gardens¬Barton Hills¬¬Luton¬Bedfordshire¬LU3 4BG¬51.918018341064453¬-0.43540766835212708¬06P¬NHS Luton CCG¬01582597737¬bramingham.pmc@nhs.net¬http://www.braminghamparkmedicalcentre.com¬08452265602
11482¬E81065¬GP¬UNKNOWN¬Visible¬True¬True¬Medina Medical Centre ¬¬Kingsway Health Centre¬385 Dunstable Road¬Luton¬Bedfordshire¬LU4 8BY¬51.889720916748047¬-0.44160735607147217¬06P¬NHS Luton CCG¬01582722475¬medina.mc@nhs.net¬http://www.medinamedicalcentre.org.uk¬
11483¬E81069¬GP¬UNKNOWN¬Visible¬True¬True¬Caddington Surgery¬33 Manor Road¬Caddington¬¬Luton¬Bedfordshire¬LU1 4EE¬51.864501953125¬-0.45816445350646973¬06F¬NHS Bedfordshire CCG¬01582725673¬¬¬01582 726672
11485¬E81073¬GP¬UNKNOWN¬Visible¬True¬True¬The Medici Medical Practice¬3 Windsor Street¬¬¬Luton¬Bedfordshire¬LU1 3UA¬51.874496459960938¬-0.41836798191070557¬06P¬NHS Luton CCG¬01582343220¬¬http://www.medicipractice.co.uk¬01582 748896
11486¬E81074¬GP¬UNKNOWN¬Visible¬True¬True¬Houghton Close Surgery¬1 Houghton Close¬Ampthill¬¬Bedford¬Bedfordshire¬MK45 2TG¬52.025577545166016¬-0.49421572685241699¬06F¬NHS Bedfordshire CCG¬01525300898¬¬http://www.houghtonclosesurgery.co.uk¬01525 406939
11488¬E81076¬GP¬UNKNOWN¬Visible¬True¬True¬Dr Dipak Vidhu Shahs Practice¬Pastures Way Surgery¬Pastures Way¬Lewsey Farm¬Luton¬Bedfordshire¬LU4 0PF¬51.900222778320312¬-0.48623004555702209¬06P¬NHS Luton CCG¬01582667017¬¬¬01582 660525
11489¬E81077001¬GP¬UNKNOWN¬Visible¬True¬True¬Wilstead Branch Surgery¬Wilstead Methodist Church¬Whitworth Way¬Wilstead¬Bedford¬Bedfordshire¬MK45 3DB¬52.080593109130859¬-0.44359323382377625¬06F¬NHS Bedfordshire CCG¬01525631395¬prescriptions@oliverstreetsurgery.co.uk¬www.oliverstreetsurgery.co.uk¬01525 631398
11490¬E81077¬GP¬UNKNOWN¬Visible¬True¬True¬Oliver Street Surgery¬The Health Centre¬57 Oliver Street¬Ampthill¬Bedford¬Bedfordshire¬MK45 2SB¬52.026191711425781¬-0.49326214194297791¬06F¬NHS Bedfordshire CCG¬01525631395¬prescriptions@oliverstreetsurgery.co.uk¬www.oliverstreetsurgery.co.uk¬01525 631398
11494¬E81611¬GP¬UNKNOWN¬Visible¬True¬True¬Rothesay Surgery¬14 Rothsay Place¬¬¬Bedford¬Bedfordshire¬MK40 3PX¬52.137840270996094¬-0.4578767716884613¬06F¬NHS Bedfordshire CCG¬01234271800¬e81611.hood@nhs.net¬http://www.rothesaysurgery.co.uk/¬01234 353722
11496¬E81612¬GP¬UNKNOWN¬Visible¬True¬True¬Drs Mirza, Sukhani And Partners¬30 The Green¬Hockwell Ring¬¬Luton¬Bedfordshire¬LU4 9NN¬51.904891967773437¬-0.47200164198875427¬06P¬NHS Luton CCG¬01582505355¬¬¬01582 493126
11497¬E81615¬GP¬UNKNOWN¬Visible¬True¬True¬Ashburnham Road Surgery¬8 Ashburnham Road¬¬¬Bedford¬Bedfordshire¬MK40 1DS¬52.136035919189453¬-0.47820553183555603¬06F¬NHS Bedfordshire CCG¬01234358411¬ashburnham.surgery@nhs.net¬¬01234 273202
11498¬E81615001¬GP¬UNKNOWN¬Visible¬True¬True¬Dr Basra, Ampthill Road¬178 Ampthill Road¬Bedford¬¬Bedford¬Bedfordshire¬MK42 9PU¬52.121746063232422¬-0.47325664758682251¬06F¬NHS Bedfordshire CCG¬01234354652¬ashburnham.surgery@nhs.net¬¬01234 273202
11499¬E81617¬GP¬UNKNOWN¬Visible¬True¬True¬Dr Pritpal Bath¬49 Ashcroft Road¬Stopsley¬¬Luton¬Bedfordshire¬LU2 9AU¬51.901130676269531¬-0.39413231611251831¬06P¬NHS Luton CCG¬01582391831¬theashcroft.practice@nhs.net¬¬01582 817 117
11504¬E81631¬GP¬UNKNOWN¬Visible¬True¬True¬Malzeard Road Medical Centre¬2a Malzeard Road¬¬¬Luton¬Bedfordshire¬LU3 1BD¬51.887966156005859¬-0.42468112707138062¬06P¬NHS Luton CCG¬01582481700¬¬¬01582 723340
11505¬E81632¬GP¬UNKNOWN¬Visible¬True¬True¬Barton Hills Medical Group¬Whitehorse Vale¬Barton Hills¬¬Luton¬Bedfordshire¬LU3 4AD¬51.920001983642578¬-0.43805786967277527¬06P¬NHS Luton CCG¬01582490087¬¬www.bhmg.gpsurgery.net¬01582 499640
11506¬E81633¬GP¬UNKNOWN¬Visible¬True¬True¬Dr Sajid Mehmood¬5 Neville Road¬¬¬Luton¬Bedfordshire¬LU3 2JG¬51.906421661376953¬-0.44302108883857727¬06P¬NHS Luton CCG¬01582563373¬¬http://www.nevilleroadsurgery.co.uk¬01582 705035
11507¬E81635¬GP¬UNKNOWN¬Visible¬True¬True¬Eastgate Surgery¬Eastgate House¬28-34 Church Street¬¬Dunstable¬Bedfordshire¬LU5 4RU¬51.886138916015625¬-0.51984715461730957¬06F¬NHS Bedfordshire CCG¬01582670050¬eastgatesurgery@nhs.net¬¬
11509¬E82001001¬GP¬UNKNOWN¬Visible¬True¬True¬Pitstone Surgery, part of Rothschild House Group¬71 Marsworth Road¬Pitstone¬Leighton Buzzard¬Rothschild¬Bedfordshire¬LU7 9AX¬51.833740234375¬-0.63941484689712524¬06N¬NHS Herts Valleys CCG¬01296662800¬¬http://www.rothschildhousesurgery.co.uk¬01296 668647
11510¬E82001¬GP¬UNKNOWN¬Visible¬True¬True¬ROTHSCHILD HOUSE SURGERY¬Chapel Street¬¬¬Tring¬Hertfordshire¬HP23 6PU¬51.790809631347656¬-0.6689375638961792¬06N¬NHS Herts Valleys CCG¬01442822468¬¬www.rothschildhousesurgery.co.uk¬01442 825889
11511¬E82002¬GP¬UNKNOWN¬Visible¬True¬True¬Wrafton House Surgery¬9-11 Wellfield Road¬¬¬Hatfield¬Hertfordshire¬AL10 0BS¬51.766262054443359¬-0.22703048586845398¬06K¬NHS East And North Hertfordshire CCG¬01707265454¬¬http://wraftonhousesurgery.co.uk/¬01707 272033
11512¬E82002001¬GP¬UNKNOWN¬Visible¬True¬True¬Northdown Road Surgery¬2 Northdown Road¬¬¬Hatfield¬Hertfordshire¬AL10 8JZ¬51.747161865234375¬-0.2335294634103775¬06K¬NHS East And North Hertfordshire CCG¬01707263608¬¬http://wraftonhousesurgery.co.uk/¬
11513¬E82004¬GP¬UNKNOWN¬Visible¬True¬True¬Hatfield Road Surgery¬Ellis House¬2 The Parade¬Charrington Place¬St Albans¬Hertfordshire¬AL1 3FY¬51.747463226318359¬-0.32650503516197205¬06N¬NHS Herts Valleys CCG¬01727853079¬¬¬
11514¬E82005¬GP¬UNKNOWN¬Visible¬True¬True¬Stanmore Medical Group¬5 Stanmore Road¬¬¬Stevenage¬Hertfordshire¬SG1 3QA¬51.913272857666016¬-0.20459781587123871¬06K¬NHS East And North Hertfordshire CCG¬01438313223¬stanmoremedicalgroup@nhs.net¬¬01438 749734
11515¬E82005001¬GP¬UNKNOWN¬Visible¬True¬True¬The Poplars Surgery¬Magpie Crescent¬¬¬Stevenage¬Hertfordshire¬SG2 9QQ¬51.895515441894531¬-0.15865157544612885¬06K¬NHS East And North Hertfordshire CCG¬01438351359¬stanmoremedicalgroup@nhs.net¬¬01438 749545
11516¬E82006¬GP¬UNKNOWN¬Visible¬True¬True¬The Limes Surgery¬Unit 8 - 14¬Limes Court¬Conduit Lane¬Hoddesdon¬Hertfordshire¬EN11 8EP¬51.759414672851563¬-1.0827073827385902E-2¬06K¬NHS East And North Hertfordshire CCG¬01992464533¬¬www.thelimessurgery.co.uk¬
11517¬E82007¬GP¬UNKNOWN¬Visible¬True¬True¬Hanscombe House Surgery¬52A St Andrew Street¬¬¬Hertford¬Hertfordshire¬SG14 1JA¬51.796722412109375¬-8.2321479916572571E-2¬06K¬NHS East And North Hertfordshire CCG¬01992582025¬¬https://www.hanscombehousesurgery.nhs.uk¬
11518¬E82008¬GP¬UNKNOWN¬Visible¬True¬True¬The Nevells Road Surgery¬Nevells Road¬Letchworth¬¬Letchworth Garden City¬Hertfordshire¬SG6 4TS¬51.980873107910156¬-0.22943210601806641¬06K¬NHS East And North Hertfordshire CCG¬01462 414 839¬¬http://www.nevellsroadsurgery.co.uk¬0844 4771797
11519¬E82009¬GP¬UNKNOWN¬Visible¬True¬True¬Lincoln House Surgery¬163 London Road¬Apsley¬¬Hemel Hempstead¬Hertfordshire¬HP3 9SQ¬51.737377166748047¬-0.46918588876724243¬06N¬NHS Herts Valleys CCG¬01442 254366¬¬http://www.lincolnhousesurgery.co.uk¬01442 244554
11522¬E82012¬GP¬UNKNOWN¬Visible¬True¬True¬FAIRBROOK MEDICAL CENTRE¬4 Fairway Avenue¬¬¬Borehamwood¬Hertfordshire¬WD6 1PR¬51.659778594970703¬-0.27216467261314392¬06N¬NHS Herts Valleys CCG¬02089537666¬¬https://www.fairbrookmedical.co.uk/¬
11523¬E82013001¬GP¬UNKNOWN¬Visible¬True¬True¬North Approach Surgery¬95 North Approach¬Kingswood¬¬Watford¬Hertfordshire¬WD25 0EL¬51.691131591796875¬-0.40089502930641174¬06N¬NHS Herts Valleys CCG¬01923680305¬¬http://www.bridgewatersurgeries.nhs.uk/¬
11524¬E82013¬GP¬UNKNOWN¬Visible¬True¬True¬Bridgewater Surgeries¬Bridgewater House¬7 Printers Avenue¬¬Watford¬Hertfordshire¬WD18 7QR¬51.65130615234375¬-0.42237526178359985¬06N¬NHS Herts Valleys CCG¬01923202600¬e82013.bridgewatersurgeries@nhs.net¬http://www.bridgewatersurgeries.nhs.uk¬
11525¬E82014¬GP¬UNKNOWN¬Visible¬True¬True¬The Lodge Health Partnership¬Normandy Road¬¬¬St Albans¬Hertfordshire¬AL3 5NP¬51.759807586669922¬-0.34155312180519104¬06N¬NHS Herts Valleys CCG¬01727853107¬¬www.lodgesurgery.co.uk¬01727 862657
11526¬E82014002¬GP¬UNKNOWN¬Visible¬True¬True¬The Lodge Health Partnership¬1 Jacob Court¬61 Russet Drive¬St Albans¬St. Albans¬Hertfordshire¬AL4 0AY¬51.744663238525391¬-0.30107098817825317¬06N¬NHS Herts Valleys CCG¬01727853107¬¬www.lodgesurgery.co.uk¬01727 862657
11527¬E82015¬GP¬UNKNOWN¬Visible¬True¬True¬SUTHERGREY HOUSE MEDICAL CENTRE¬37A St Johns Road¬¬¬Watford¬Hertfordshire¬WD17 1LS¬51.660755157470703¬-0.40022951364517212¬06N¬NHS Herts Valleys CCG¬01923224424¬¬www.suthergrey.com¬01923 204240
11528¬E82017¬GP¬UNKNOWN¬Visible¬True¬True¬Garston Medical Centre¬6A North Western Avenue¬¬¬Watford¬Hertfordshire¬WD25 9GP¬51.682353973388672¬-0.39091947674751282¬06N¬NHS Herts Valleys CCG¬01923672086¬¬https://www.garstonmedicalcentre.co.uk/¬
11529¬E82018¬GP¬UNKNOWN¬Visible¬True¬True¬Lister House Surgery¬The Common¬Hatfield¬¬Hatfield¬Hertfordshire¬AL10 0NL¬51.764575958251953¬-0.22711116075515747¬06K¬NHS East And North Hertfordshire CCG¬01707283450¬¬http://www.listerhouse.nhs.uk/¬01707 270186
11530¬E82019001¬GP¬UNKNOWN¬Visible¬True¬True¬The Kimpton Surgery¬9 High Street¬Kimpton¬¬Hitchin¬Hertfordshire¬SG4 8RA¬51.851219177246094¬-0.29328605532646179¬06K¬NHS East And North Hertfordshire CCG¬01438833699¬general.bridgecottagesurgery@nhs.net¬¬
11531¬E82019¬GP¬UNKNOWN¬Visible¬True¬True¬BRIDGE COTTAGE SURGERY¬41 High Street¬Welwyn¬Herts¬Welwyn Garden City¬Hertfordshire¬AL6 9EF¬51.830001831054688¬-0.21598044037818909¬06K¬NHS East And North Hertfordshire CCG¬01438715044¬general.bridgecottagesurgery@nhs.net¬http://www.bridgecottagesurgery.nhs.uk¬01438 841149
11532¬E82020¬GP¬UNKNOWN¬Visible¬True¬True¬The Consulting Rooms¬Oxhey Drive¬¬¬Watford¬Hertfordshire¬WD19 7RU¬51.625747680664062¬-0.39019230008125305¬06N¬NHS Herts Valleys CCG¬02084282292¬¬www.theconsultingroomssouthoxhey.co.uk¬020 8421 1431
11533¬E82021¬GP¬UNKNOWN¬Visible¬True¬True¬Much Hadham Health Centre¬Ash Meadow¬¬¬Much Hadham¬Hertfordshire¬SG10 6DE¬51.848728179931641¬7.0816338062286377E-2¬06K¬NHS East And North Hertfordshire CCG¬01279842242¬¬http://www.muchhadhamhealthcentre.co.uk¬
11534¬E82022¬GP¬UNKNOWN¬Visible¬True¬True¬Fernville Surgery¬Midland Road¬¬¬Hemel Hempstead¬Hertfordshire¬HP2 5BL¬51.754638671875¬-0.47181868553161621¬06N¬NHS Herts Valleys CCG¬01442213919¬contact.fernville@nhs.net¬http://fernvillesurgery.org/¬01442 216433
11535¬E82023¬GP¬UNKNOWN¬Visible¬True¬True¬Burvill House Surgery¬52-54 Dellfield Road¬¬¬Hatfield¬Hertfordshire¬AL10 8HP¬51.761302947998047¬-0.2271958589553833¬06K¬NHS East And North Hertfordshire CCG¬01707269091¬¬http://www.burvillhousesurgery.org.uk¬
11537¬E82024¬GP¬UNKNOWN¬Visible¬True¬True¬Wallace House¬Wallace House Surgery¬5-11 St Andrew Street¬¬Hertford¬Hertfordshire¬SG14 1HZ¬51.796318054199219¬-8.1686109304428101E-2¬06K¬NHS East And North Hertfordshire CCG¬01992 550 541¬admin.wallacehousehertford@nhs.net¬http://www.wallacehousesurgery.co.uk/¬01992 557 600
11538¬E82024001¬GP¬UNKNOWN¬Visible¬True¬True¬Carlton Court Surgery¬19 Calton Court¬Windsor Drive¬¬Hertford¬Hertfordshire¬SG14 2EG¬51.799736022949219¬-0.10241125524044037¬06K¬NHS East And North Hertfordshire CCG¬01992550541¬admin.wallacehousehertford@nhs.net¬http://www.wallacehousesurgery.co.uk¬
11539¬E82013002¬GP¬UNKNOWN¬Visible¬True¬True¬Meridan Surgery¬Harvest End¬¬¬Watford¬Hertfordshire¬WD25 9UB¬51.681404113769531¬-0.38464641571044922¬06N¬NHS Herts Valleys CCG¬01923892030¬mscripts.parkendsurgery@nhs.net¬¬01923 662535
11541¬E82027¬GP¬UNKNOWN¬Visible¬True¬True¬Parkfield Medical Centre¬The Walk¬¬¬Potters Bar¬Hertfordshire¬EN6 1QH¬51.69512939453125¬-0.17957314848899841¬06N¬NHS Herts Valleys CCG¬01707291041¬admin.parkfield@nhs.net¬http://www.parkfieldmedicalcentre.co.uk/¬
11542¬E82028¬GP¬UNKNOWN¬Visible¬True¬True¬Berkhamsted Group Practice (Milton)¬Doctors Commons Road¬¬¬Berkhamsted¬Hertfordshire¬HP4 3BY¬51.759334564208984¬-0.56901448965072632¬06N¬NHS Herts Valleys CCG¬01442874784¬¬http://www.berkhamstedgp.co.uk¬
11543¬E82031¬GP¬UNKNOWN¬Visible¬True¬True¬The Maltings Surgery¬8-10 Victoria Street¬¬¬St Albans¬Hertfordshire¬AL1 3JB¬51.751850128173828¬-0.33790391683578491¬06N¬NHS Herts Valleys CCG¬01727855500¬¬www.maltingssurgery.co.uk¬01727 898164
11544¬E82032¬GP¬UNKNOWN¬Visible¬True¬True¬Bennetts End Surgery¬Gatecroft¬Bennetts End¬¬Hemel Hempstead¬Hertfordshire¬HP3 9LY¬51.740921020507813¬-0.45004883408546448¬06N¬NHS Herts Valleys CCG¬01442263511¬¬www.besteam.co.uk¬01442 235419
11545¬E82034¬GP¬UNKNOWN¬Visible¬True¬True¬Attenborough Surgery-Tudor Branch¬137-139 Bushey Mill Lane¬¬¬Watford¬Hertfordshire¬WD24 7PH¬51.674007415771484¬-0.38619676232337952¬06N¬NHS Herts Valleys CCG¬01923223724¬¬http://www.thetudorsurgery.co.uk¬01923 237327
11546¬E82035001¬GP¬UNKNOWN¬Visible¬True¬True¬Marymead Medical Practice¬18 Spring Drive¬¬¬Stevenage¬Hertfordshire¬SG2 8AZ¬51.880622863769531¬-0.17928148806095123¬06K¬NHS East And North Hertfordshire CCG¬01438218000¬knebworth.surgery@nhs.net¬http://www.knebworthandmarymeaddrs.co.uk¬
11547¬E82035¬GP¬UNKNOWN¬Visible¬True¬True¬Knebworth And Marymead Medical Practice¬¬7 St Martins Road¬¬Knebworth¬Hertfordshire¬SG3 6ER¬51.865779876708984¬-0.18054910004138947¬06K¬NHS East And North Hertfordshire CCG¬01438812494¬knebworth.surgery@nhs.net¬http://www.knebworthandmarymeaddrs.co.uk¬
11548¬E82037¬GP¬UNKNOWN¬Visible¬True¬True¬The Village Surgery¬Amenbury Lane¬¬¬Harpenden¬Hertfordshire¬AL5 2BT¬51.814178466796875¬-0.35735857486724854¬06N¬NHS Herts Valleys CCG¬01582712021¬¬¬
11549¬E82037001¬GP¬UNKNOWN¬Visible¬True¬True¬Village Surgery¬Marford Road¬St. Albans¬¬Wheathampstead¬Hertfordshire¬AL4 8BT¬51.811084747314453¬-0.28921762108802795¬06N¬NHS Herts Valleys CCG¬01582833446¬¬http://www.thevillagesurgeries.co.uk/¬
11550¬E82038¬GP¬UNKNOWN¬Visible¬True¬True¬Puckeridge & Standon Surgery¬Station Road¬Puckeridge¬¬Ware¬Hertfordshire¬SG11 1TF¬51.888286590576172¬1.9359616562724113E-2¬06K¬NHS East And North Hertfordshire CCG¬01920823860¬¬¬01920 318996
11551¬E82005004¬GP¬UNKNOWN¬Visible¬True¬True¬St Nicholas Health Centre¬Canterbury Way¬¬¬Stevenage¬Hertfordshire¬SG1 4QH¬51.92462158203125¬-0.18337711691856384¬06K¬NHS East And North Hertfordshire CCG¬01438747064¬¬¬01438 720523
11552¬E82040002¬GP¬UNKNOWN¬Visible¬True¬True¬Hollybush Lane Surgery ¬141 Hollybush Lane¬¬¬Welwyn Garden City¬Hertfordshire¬AL7 4JS¬51.785560607910156¬-0.19510205090045929¬06K¬NHS East And North Hertfordshire CCG¬01707328323¬¬http://www.peartreegp.co.uk¬
11553¬E82040001¬GP¬UNKNOWN¬Visible¬True¬True¬Moors Walk Surgery¬123 Moorswalk¬¬¬Welwyn Garden City¬Hertfordshire¬AL7 2BQ¬51.801193237304688¬-0.17221461236476898¬06K¬NHS East And North Hertfordshire CCG¬01707335151¬¬http://www.peartreegp.co.uk¬01707339438
11554¬E82040¬GP¬UNKNOWN¬Visible¬True¬True¬Peartree Lane Surgery¬110 Peartree Lane¬¬¬Welwyn Garden City¬Hertfordshire¬AL7 3UJ¬51.797042846679688¬-0.1979646235704422¬06K¬NHS East And North Hertfordshire CCG¬01707329292¬peartree.general@nhs.net¬http://www.peartreegp.co.uk¬01707 391299
11555¬E82041¬GP¬UNKNOWN¬Visible¬True¬True¬Garden City Practice¬¬Birdcroft Road¬¬Welwyn Garden City¬Hertfordshire¬AL8 6EH¬51.797153472900391¬-0.20927205681800842¬06K¬NHS East And North Hertfordshire CCG¬01707321500¬¬http://www.gardencitypractice.nhs.uk¬01707 391 911
11558¬E82042¬GP¬UNKNOWN¬Visible¬True¬True¬Abbey Road Surgery¬63 Abbey Road¬¬¬Waltham Cross¬Hertfordshire¬EN8 7LJ¬51.684417724609375¬-3.0087228864431381E-2¬06K¬NHS East And North Hertfordshire CCG¬01992654004¬¬http://www.abbeyroadsurgery.org.uk¬01992 717746
11559¬E82043¬GP¬UNKNOWN¬Visible¬True¬True¬Schopwick Surgery¬Everett Court¬Romeland¬Elstree¬Borehamwood¬Hertfordshire¬WD6 3BJ¬51.645362854003906¬-0.29927852749824524¬06N¬NHS Herts Valleys CCG¬0203 667 1850¬¬http://www.schopwicksurgery.co.uk/¬0208 731 3761
11560¬E82043001¬GP¬UNKNOWN¬Visible¬True¬True¬Bushey Surgery¬Windmill Street¬Windmill Street¬¬Bushey¬Hertfordshire¬WD23 1NB¬51.63653564453125¬-0.33706524968147278¬06N¬NHS Herts Valleys CCG¬02036671850¬¬http://www.schopwicksurgery.co.uk/¬0844 477 2409
11561¬E82044¬GP¬UNKNOWN¬Visible¬True¬True¬The Portmill Surgery¬114 Queen Street¬¬¬Hitchin¬Hertfordshire¬SG4 9TH¬51.948814392089844¬-0.27469763159751892¬06K¬NHS East And North Hertfordshire CCG¬01462 434 246¬¬https://www.portmillhealth.co.uk/¬
11562¬E82045¬GP¬UNKNOWN¬Visible¬True¬True¬Watford Health Centre¬Colne House¬21 Upton Road¬¬Watford¬Hertfordshire¬WD18 0JP¬51.656452178955078¬-0.40086519718170166¬06N¬NHS Herts Valleys CCG¬01923226266¬watfordhealthcentre@nhs.net¬https://www.watfordhealthcentre.co.uk/¬
11563¬E82046¬GP¬UNKNOWN¬Visible¬True¬True¬Vine House Health Centre¬87-89 High Street¬¬¬Abbots Langley¬Hertfordshire¬WD5 0AJ¬51.704769134521484¬-0.41876515746116638¬06N¬NHS Herts Valleys CCG¬01923262363¬confidential.vinehouse@nhs.net¬http://www.vinehouse.org¬01923 267374
11564¬E82048¬GP¬UNKNOWN¬Visible¬True¬True¬Theobald Medical Centre¬119-121 Theobald Street¬¬¬Borehamwood¬Hertfordshire¬WD6 4PT¬51.661376953125¬-0.28559383749961853¬06N¬NHS Herts Valleys CCG¬02089533355¬¬¬
11565¬E82049¬GP¬UNKNOWN¬Visible¬True¬True¬BALDWINS LANE SURGERY¬266 Baldwins Lane¬Croxley Green¬¬Rickmansworth¬Hertfordshire¬WD3 3LG¬51.654075622558594¬-0.44869056344032288¬06N¬NHS Herts Valleys CCG¬01923774732¬pm.baldwinslanesurgery@nhs.net¬https://www.baldwinslanesurgery.co.uk¬01923 711933
11566¬E82050¬GP¬UNKNOWN¬Visible¬True¬True¬Grove Hill Medical Centre¬Kilbride Court¬¬¬Hemel Hempstead¬Hertfordshire¬HP2 6AD¬51.772308349609375¬-0.45736581087112427¬06N¬NHS Herts Valleys CCG¬01442 212038¬¬http://www.grovehillmedicalcentre.nhs.uk/¬01442 248514
11567¬E82051¬GP¬UNKNOWN¬Visible¬True¬True¬Everest House Surgery¬Everest House¬Everest Way¬¬Hemel Hempstead¬Hertfordshire¬HP2 4HY¬51.755435943603516¬-0.44885650277137756¬06N¬NHS Herts Valleys CCG¬01442500164¬everesthouse@nhs.net¬¬01442 235 045
11568¬E82053¬GP¬UNKNOWN¬Visible¬True¬True¬Bancroft Medical Centre - Courtenay House¬Bancroft Court¬30 - 35 Bancroft¬¬Hitchin¬Hertfordshire¬SG5 1LH¬51.951530456542969¬-0.27702367305755615¬06K¬NHS East And North Hertfordshire CCG¬01462 654040¬bancroft.medicalcentre1@nhs.net¬https://bancroftmedicalcentre.co.uk¬01462 437539
11569¬E82073001¬GP¬UNKNOWN¬Visible¬True¬True¬Manor View Practice at Callowland¬141A Leavesden Road¬¬¬Watford¬Hertfordshire¬WD24 5DG¬51.671474456787109¬-0.40168851613998413¬06N¬NHS Herts Valleys CCG¬01923 225 128¬¬http://www.callowlandsurgery.co.uk¬01923 819047
11570¬E82055¬GP¬UNKNOWN¬Visible¬True¬True¬Midway Surgery¬93 Watford Road¬¬¬St Albans¬Hertfordshire¬AL2 3JX¬51.733852386474609¬-0.35540661215782166¬06N¬NHS Herts Valleys CCG¬01727832125¬¬http://www.midwaysurgery.co.uk¬01727 836384
11571¬E82056¬GP¬UNKNOWN¬Visible¬True¬True¬Shephall Health Centre¬29 Shephall Way¬¬¬Stevenage¬Hertfordshire¬SG2 9QZ¬51.890792846679688¬-0.16765139997005463¬06K¬NHS East And North Hertfordshire CCG¬01438312097¬¬http://www.shephallwaysurgery.co.uk¬01438 723682
11573¬E82058001¬GP¬UNKNOWN¬Visible¬True¬True¬Uni Of Herts Medical Centre¬College Lane¬¬¬Hatfield¬Hertfordshire¬AL10 9AB¬51.752876281738281¬-0.24218770861625671¬06K¬NHS East And North Hertfordshire CCG¬01707284444¬¬¬
11574¬E82058¬GP¬UNKNOWN¬Visible¬True¬True¬Potterells Medical Centre¬Station Road¬North Mymms¬¬Hatfield¬Hertfordshire¬AL9 7SN¬51.726921081542969¬-0.20858803391456604¬06K¬NHS East And North Hertfordshire CCG¬01707273338¬¬¬01707 263564
11575¬E82059¬GP¬UNKNOWN¬Visible¬True¬True¬Grange Street Surgery¬2 Grange Street¬St. Albans¬¬St Albans¬Hertfordshire¬AL3 5NF¬51.757297515869141¬-0.33586379885673523¬06N¬NHS Herts Valleys CCG¬01727833550¬www.grange.surgery@gp-e82059.nhs.uk¬http://www.grangestreetsurgery.co.uk/¬01727 847961
11576¬E82060¬GP¬UNKNOWN¬Visible¬True¬True¬Parkbury House Surgery¬St. Peters Street¬St. Albans¬Herts¬St Albans¬Hertfordshire¬AL1 3HD¬51.756759643554688¬-0.33407241106033325¬06N¬NHS Herts Valleys CCG¬01727851589¬¬http://www.parkburyhouse.nhs.uk¬
11577¬E82061¬GP¬UNKNOWN¬Visible¬True¬True¬Amwell Surgery¬Medical Centre¬Fawkon Walk¬¬Hoddesdon¬Hertfordshire¬EN11 8FG¬51.759902954101563¬-1.3297883793711662E-2¬06K¬NHS East And North Hertfordshire CCG¬01992464147¬¬http://www.amwellsurgery.co.uk¬01992 708698
11578¬E82062¬GP¬UNKNOWN¬Visible¬True¬True¬Hall Grove Practice¬4 Hall Grove¬¬¬Welwyn Garden City¬Hertfordshire¬AL7 4PL¬51.789321899414063¬-0.18178609013557434¬06K¬NHS East And North Hertfordshire CCG¬01707328528¬¬http://www.hallgrovesurgery.co.uk¬
11579¬E82062001¬GP¬UNKNOWN¬Visible¬True¬True¬Parkway Surgery¬20 Parkway¬¬¬Welwyn Garden City¬Hertfordshire¬AL8 6HG¬51.803508758544922¬-0.20861406624317169¬06K¬NHS East And North Hertfordshire CCG¬01707332233¬¬http://www.hallgrovesurgery.co.uk¬01707 372628
11580¬E82063¬GP¬UNKNOWN¬Visible¬True¬True¬The Maples Health Centre¬Vancouver Road¬¬¬Broxbourne¬Hertfordshire¬EN10 6FD¬51.723258972167969¬-3.0310478061437607E-2¬06K¬NHS East And North Hertfordshire CCG¬01992450040¬¬http://www.themapleshealthcentre.co.uk/¬01992 456739
11581¬E82064¬GP¬UNKNOWN¬Visible¬True¬True¬Chorleywood Health Centre¬15 Lower Road¬Chorleywood¬¬Rickmansworth¬Hertfordshire¬WD3 5EA¬51.654716491699219¬-0.5204010009765625¬06N¬NHS Herts Valleys CCG¬01923287100¬¬https://www.chorleywoodhealthcentre@nhs.uk¬
11582¬E82066¬GP¬UNKNOWN¬Visible¬True¬True¬Haverfield Surgery¬34 High Street¬¬¬Kings Langley¬Hertfordshire¬WD4 9HT¬51.711929321289063¬-0.449809730052948¬06N¬NHS Herts Valleys CCG¬01923262514¬haverfieldsurgery@nhs.net¬¬01923 267233
11583¬E82067002¬GP¬UNKNOWN¬Visible¬True¬True¬Haymeads Lane Medical Centre, Bishops Stortford¬Cavell Drive¬Bishop's Stortford¬Herts¬Bishops Stortford¬Hertfordshire¬CM23 5JH¬51.865482330322266¬0.17433547973632813¬06K¬NHS East And North Hertfordshire CCG¬01279657636¬¬http://www.churchstsurgery.co.uk/¬
11584¬E82067001¬GP¬UNKNOWN¬Visible¬True¬True¬Thorley Health Centre¬Villiers-Sur-Marne¬Thorley Park¬Bishops Stortford¬Bishop's Stortford¬Hertfordshire¬CM23 4EG¬51.858638763427734¬0.1444079726934433¬06K¬NHS East And North Hertfordshire CCG¬01279657636¬¬http://www.churchstsurgery.co.uk¬01279 505464
11585¬E82067¬GP¬UNKNOWN¬Visible¬True¬True¬Church Street Partnership¬30A Church Street¬¬¬Bishops Stortford¬Hertfordshire¬CM23 2LY¬51.870223999023438¬0.15858495235443115¬06K¬NHS East And North Hertfordshire CCG¬01279657636¬¬http://www.churchstsurgery.co.uk/¬
11586¬E82068001¬GP¬UNKNOWN¬Visible¬True¬True¬Whitton House Surgery¬Witton House¬Lower Road¬¬Chorleywood¬Hertfordshire¬WD3 5LB¬51.652584075927734¬-0.51828759908676147¬06N¬NHS Herts Valleys CCG¬01923283900¬¬¬
11587¬E82068¬GP¬UNKNOWN¬Visible¬True¬True¬Gade Surgery¬Gade House 99B¬Uxbridge Road¬¬Rickmansworth¬Hertfordshire¬WD3 7DJ¬51.636737823486328¬-0.4813915491104126¬06N¬NHS Herts Valleys CCG¬01923775291¬¬¬01923 711790
11588¬E82069¬GP¬UNKNOWN¬Visible¬True¬True¬The Elms Surgery/ Dr A Ahmad¬38 The Avenue¬¬¬Watford¬Hertfordshire¬WD17 4NT¬51.661636352539063¬-0.4042324423789978¬06N¬NHS Herts Valleys CCG¬01923224203¬¬http://www.theelmssurgery.co.uk¬01923 247341
11589¬E82070¬GP¬UNKNOWN¬Visible¬True¬True¬Woodhall Farm Medical Ctr¬Valley Green¬Woodhall Farm¬¬Hemel Hempstead¬Hertfordshire¬HP2 7RJ¬51.780891418457031¬-0.43750584125518799¬06N¬NHS Herts Valleys CCG¬01442261805¬woodhallfarm.medicalcentre@nhs.net¬https://www.woodhallfarmmedicalcentre.co.uk/¬01442 261750
11590¬E82071¬GP¬UNKNOWN¬Visible¬True¬True¬THE ELMS MEDICAL PRACTICE¬5 Stewart Road¬¬¬Harpenden¬Hertfordshire¬AL5 4QA¬51.818897247314453¬-0.35199278593063354¬06N¬NHS Herts Valleys CCG¬01582767444¬¬www.elmsmedicalpractice.co.uk¬01582 461735
11591¬E82072¬GP¬UNKNOWN¬Visible¬True¬True¬The Health Centre Practice¬Melbourn Street¬¬¬Royston¬Hertfordshire¬SG8 7BS¬52.048755645751953¬-0.02072402648627758¬06H¬NHS Cambridgeshire And Peterborough CCG¬01763242981¬enquiries.roystonhc@nhs.net¬www.roystonhealthcentre.co.uk¬01763 249197
11592¬E82073¬GP¬UNKNOWN¬Visible¬True¬True¬Manor View Practice¬Bushey Medical Centre¬Manor View Practice¬¬Bushey¬Hertfordshire¬WD23 2NN¬51.645988464355469¬-0.37457370758056641¬06N¬NHS Herts Valleys CCG¬01923247446¬manorview@nhs.net¬http://www.manorviewpractice.co.uk¬
11593¬E82074¬GP¬UNKNOWN¬Visible¬True¬True¬South Street Surgery¬83 South Street¬Bishop's Stortford¬¬Bishops Stortford¬Hertfordshire¬CM23 3AP¬51.86676025390625¬0.16101923584938049¬06K¬NHS East And North Hertfordshire CCG¬01279465700¬¬http://www.southstreetsurgery.co.uk¬01279 464751
11594¬E82074001¬GP¬UNKNOWN¬Visible¬True¬True¬Bishop's Park Health Centre¬Lancaster Way¬¬¬Bishops Stortford¬Hertfordshire¬CM23 4DA¬51.874797821044922¬0.13614025712013245¬06K¬NHS East And North Hertfordshire CCG¬01279465700¬¬http://www.southstreetsurgery.co.uk¬01279 712329
11595¬E82075¬GP¬UNKNOWN¬Visible¬True¬True¬Regal Chambers Surgery¬50 Bancroft¬Herts¬¬Hitchin¬Hertfordshire¬SG5 1LL¬51.952835083007813¬-0.27596947550773621¬06K¬NHS East And North Hertfordshire CCG¬01462453232¬e82075.regalchamberssurgery@nhs.net¬http://www.regalchambers.co.uk¬
11597¬E82077¬GP¬UNKNOWN¬Visible¬True¬True¬Davenport House Surgery¬Bowers Way¬¬¬Harpenden¬Hertfordshire¬AL5 4HX¬51.816169738769531¬-0.3545585572719574¬06N¬NHS Herts Valleys CCG¬01582767821¬¬http://www.davenportsurgery.co.uk/¬01582 769285
11598¬E82078¬GP¬UNKNOWN¬Visible¬True¬True¬Highview Medical Centre¬The Elms¬High Street¬¬Potters Bar¬Hertfordshire¬EN6 5DA¬51.6982421875¬-0.17458395659923553¬06N¬NHS Herts Valleys CCG¬01707871980¬¬http://www.highviewsurgery.co.uk/¬01707 871999
11599¬E82079002¬GP¬UNKNOWN¬Visible¬True¬True¬Wormley Medical Centre¬27 High Road¬Wormley¬¬Broxbourne¬Hertfordshire¬EN10 6HT¬51.733497619628906¬-2.3188963532447815E-2¬06K¬NHS East And North Hertfordshire CCG¬01992440877¬¬https://www.cromwellandwormleymedicalcentres.nhs.uk¬01992451441
11600¬E82079¬GP¬UNKNOWN¬Visible¬True¬True¬Cromwell Medical Centre¬11-11A Cromwell Avenue¬¬¬Waltham Cross¬Hertfordshire¬EN7 5DL¬51.701953887939453¬-5.0064235925674438E-2¬06K¬NHS East And North Hertfordshire CCG¬01992624732¬¬https://www.cromwellandwormleymedicalcentres.nhs.uk¬01992 625401
11601¬E82053001¬GP¬UNKNOWN¬Visible¬True¬True¬Bancroft Medical Centre - Orford Lodge¬Orford Lodge¬100 Bancroft¬¬Hitchin¬Hertfordshire¬SG5 1ND¬51.950618743896484¬-0.27621456980705261¬06K¬NHS East And North Hertfordshire CCG¬01462654040¬¬https://bancroftmedicalcentre.co.uk/¬01462 436505
11602¬E82081001¬GP¬UNKNOWN¬Visible¬True¬True¬Valley View Health Centre¬Valley View¬Goffs Oak¬¬Waltham Cross¬Hertfordshire¬EN7 5ET¬51.710132598876953¬-8.5957132279872894E-2¬06K¬NHS East And North Hertfordshire CCG¬01707875223¬¬https://www.cuffleyvillagesurgery.co.uk/¬
11603¬E82081¬GP¬UNKNOWN¬Visible¬True¬True¬Cuffley And Goffs Oak Medical Practice¬Maynard Place¬Cuffley¬¬Potters Bar¬Hertfordshire¬EN6 4JA¬51.708171844482422¬-0.11309190094470978¬06K¬NHS East And North Hertfordshire CCG¬01707875201¬¬¬
11604¬E82082¬GP¬UNKNOWN¬Visible¬True¬True¬Birchwood Surgery¬232-240 Nevells Road¬Letchworth¬¬Letchworth Garden City¬Hertfordshire¬SG6 4UB¬51.982490539550781¬-0.22510167956352234¬06K¬NHS East And North Hertfordshire CCG¬01462 705040¬¬https://www.birchwoodsurgery.co.uk/¬01462 705041
11605¬E82083¬GP¬UNKNOWN¬Visible¬True¬True¬The Colne Practice¬99A Uxbridge Road¬¬¬Rickmansworth¬Hertfordshire¬WD3 7DJ¬51.636737823486328¬-0.4813915491104126¬06N¬NHS Herts Valleys CCG¬01923776295¬¬¬01923 777744
11606¬E82084001¬GP¬UNKNOWN¬Visible¬True¬True¬Jersey Farm Surgery¬2 St Brelades Place¬St Albans¬Herts¬St. Albans¬Hertfordshire¬AL4 9RG¬51.769702911376953¬-0.29786995053291321¬06N¬NHS Herts Valleys CCG¬01727831888¬¬http://www.jerseyfarmsurgery.co.uk¬
11607¬E82084¬GP¬UNKNOWN¬Visible¬True¬True¬Harvey Group Practice¬13-15 Russell Avenue¬¬¬St Albans¬Hertfordshire¬AL3 5HB¬51.754150390625¬-0.34013769030570984¬06N¬NHS Herts Valleys CCG¬01727831888¬¬www.harveyhousesurgery.co.uk¬
11608¬E82085002¬GP¬UNKNOWN¬Visible¬True¬True¬Park Street Surgery¬10 Withy Place¬Park Street¬¬St Albans¬Hertfordshire¬AL2 2SN¬51.716835021972656¬-0.35113108158111572¬06N¬NHS Herts Valleys CCG¬01727876076¬redhousegroup@nhs.net¬http://www.theredhousegroup.com¬01727 874322
11609¬E82085005¬GP¬UNKNOWN¬Visible¬True¬True¬Gateways Gp Surgery¬Andrew Close¬Porters Park Drive Shenley¬¬Radlett¬Hertfordshire¬WD7 9LP¬51.694309234619141¬-0.28517445921897888¬06N¬NHS Herts Valleys CCG¬01923857146¬redhousegroup@nhs.net¬http://www.theredhousegroup.com¬01923 854108
11610¬E82085¬GP¬UNKNOWN¬Visible¬True¬True¬The Red House¬124 Watling Street¬¬¬Radlett¬Hertfordshire¬WD7 7JQ¬51.682731628417969¬-0.31713232398033142¬06N¬NHS Herts Valleys CCG¬01923855606¬redhousegroup@nhs.net¬http://www.theredhousegroup.com¬01923 853577
11611¬E82086¬GP¬UNKNOWN¬Visible¬True¬True¬King George Surgery¬135 High Street¬¬¬Stevenage¬Hertfordshire¬SG1 3HT¬51.907417297363281¬-0.20608168840408325¬06K¬NHS East And North Hertfordshire CCG¬01438361111¬¬http://www.kinggeorgesurgery.co.uk¬
11612¬E82086001¬GP¬UNKNOWN¬Visible¬True¬True¬Walkern Branch Surgery¬80A High Street¬Walkern¬¬Stevenage¬Hertfordshire¬SG2 7PG¬51.920814514160156¬-0.12694689631462097¬06K¬NHS East And North Hertfordshire CCG¬01438361111¬¬http://www.kinggeorgesurgery.co.uk¬
11613¬E82088¬GP¬UNKNOWN¬Visible¬True¬True¬Hailey View Surgery¬39 Christian Close¬¬¬Hoddesdon¬Hertfordshire¬EN11 9FF¬51.776844024658203¬-1.5844531357288361E-2¬06K¬NHS East And North Hertfordshire CCG¬01992463363¬¬http://www.hailey-viewsurgery.co.uk¬
11614¬E82089¬GP¬UNKNOWN¬Visible¬True¬True¬Chells Surgery¬265 Chells Way¬¬¬Stevenage¬Hertfordshire¬SG2 0HN¬51.911575317382813¬-0.17721553146839142¬06K¬NHS East And North Hertfordshire CCG¬01438313001¬¬http://www.chellssurgery.co.uk/¬01438 362322
11615¬E82090¬GP¬UNKNOWN¬Visible¬True¬True¬Park Lane Surgery¬8 Park Lane¬¬¬Broxbourne¬Hertfordshire¬EN10 7NQ¬51.746513366699219¬-2.1230107173323631E-2¬06K¬NHS East And North Hertfordshire CCG¬01992465555¬¬¬01992 471160
11616¬E82091¬GP¬UNKNOWN¬Visible¬True¬True¬PARKWOOD SURGERY¬Parkwood Drive¬Warners End¬¬Hemel Hempstead¬Hertfordshire¬HP1 2LD¬51.755985260009766¬-0.49595481157302856¬06N¬NHS Herts Valleys CCG¬01442250117¬¬http://www.parkwoodsurgery.nhs.uk¬01442 256185
11617¬E82091001¬GP¬UNKNOWN¬Visible¬True¬True¬Parkwood Surgery - Gadebridge¬300 Galley Hill¬¬¬Hemel Hempstead¬Hertfordshire¬HP1 3LE¬51.764846801757813¬-0.48857402801513672¬06N¬NHS Herts Valleys CCG¬01442250117¬¬https://www.parkwoodsurgery.nhs.uk¬
11618¬E82091002¬GP¬UNKNOWN¬Visible¬True¬True¬Boxmoor Doctors Surgery¬105 St Johns Road¬¬¬Hemel Hempstead¬Hertfordshire¬HP1 1QG¬51.746425628662109¬-0.48947858810424805¬06N¬NHS Herts Valleys CCG¬01442250117¬¬https://www.parkwoodsurgery.nhs.uk¬01442 256185
11619¬E82092001¬GP¬UNKNOWN¬Visible¬True¬True¬Sheffield House Surgery¬21 High Street¬Ware¬¬Stanstead Abbotts¬Hertfordshire¬SG12 8AA¬51.788887023925781¬7.840561680495739E-3¬06K¬NHS East And North Hertfordshire CCG¬01920468777¬¬¬
11620¬E82092¬GP¬UNKNOWN¬Visible¬True¬True¬Dolphin House Surgery¬6-7 East Street¬¬¬Ware¬Hertfordshire¬SG12 9HJ¬51.810791015625¬-2.9803873971104622E-2¬06K¬NHS East And North Hertfordshire CCG¬01920468777¬dhs.generalenquiry@nhs.net¬http://www.dolphinhousesurgery.co.uk¬01920 484892
11621¬E82093¬GP¬UNKNOWN¬Visible¬True¬True¬Bedwell Medical Centre¬Sinfield Close¬Bedwell Crescent¬¬Stevenage¬Hertfordshire¬SG1 1LQ¬51.904193878173828¬-0.1830965131521225¬06K¬NHS East And North Hertfordshire CCG¬01438311130¬¬http://www.bedwellandroebucksurgery.com/¬01438 749704
11622¬E82093001¬GP¬UNKNOWN¬Visible¬True¬True¬Broadwater Surgery¬114 Broadwater Crescent¬¬¬Stevenage¬Hertfordshire¬SG2 8HW¬51.884529113769531¬-0.18769662082195282¬06K¬NHS East And North Hertfordshire CCG¬01438314519¬¬¬01438 311880
11623¬E82094¬GP¬UNKNOWN¬Visible¬True¬True¬The Manor Street Surgery¬Manor Street¬¬¬Berkhamsted¬Hertfordshire¬HP4 2DL¬51.759769439697266¬-0.55893212556838989¬06N¬NHS Herts Valleys CCG¬01442875935¬¬www.manorstreetsurgery.org¬01442 875936
11624¬E82014003¬GP¬UNKNOWN¬Visible¬True¬True¬The Lodge Health Partnership¬1 Hawkes Drive¬Redbourn¬¬St Albans¬Hertfordshire¬AL3 7BL¬51.798583984375¬-0.39642933011054993¬06N¬NHS Herts Valleys CCG¬01727853107¬lodgesurgery@nhs.net¬https://www.lodgesurgery.co.uk¬
11625¬E82096¬GP¬UNKNOWN¬Visible¬True¬True¬Sheepcot Medical Centre¬6 Cunningham Way¬¬¬Watford¬Hertfordshire¬WD25 7NL¬51.695186614990234¬-0.41290631890296936¬06N¬NHS Herts Valleys CCG¬01923672451¬¬https://www.sheepcotmedicalcentre.co.uk¬01923 681404
11626¬E82098¬GP¬UNKNOWN¬Visible¬True¬True¬Annandale Medical Centre¬The Elms¬High Street¬¬Potters Bar¬Hertfordshire¬EN6 5DA¬51.698570251464844¬-0.17419660091400146¬06N¬NHS Herts Valleys CCG¬01707644451¬¬http://www.annandalesurgery.co.uk¬01707 655583
11627¬E82099¬GP¬UNKNOWN¬Visible¬True¬True¬BALDOCK SURGERY¬Astonia House¬High Street¬¬Baldock¬Hertfordshire¬SG7 6BP¬51.985282897949219¬-0.18357397615909576¬06K¬NHS East And North Hertfordshire CCG¬01462892458¬¬http://www.baldocksurgery.co.uk¬01462 490821
11628¬E82100¬GP¬UNKNOWN¬Visible¬True¬True¬Central Surgery¬Bell Street¬¬¬Sawbridgeworth¬Hertfordshire¬CM21 9AQ¬51.812545776367188¬0.14776097238063812¬06K¬NHS East And North Hertfordshire CCG¬01279603180¬centralsurgery@nhs.net¬¬01279 603189
11629¬E82102¬GP¬UNKNOWN¬Visible¬True¬True¬Church Street Surgery¬2 St Mary's Courtyard¬¬¬Ware¬Hertfordshire¬SG12 9EF¬51.812553405761719¬-3.3643998205661774E-2¬06K¬NHS East And North Hertfordshire CCG¬01920468941¬admin.churchstreetware@nhs.net¬http://www.churchstware.org¬01920 465531
11630¬E82104¬GP¬UNKNOWN¬Visible¬True¬True¬The Sollershott Surgery¬44 Sollershott East¬¬¬Letchworth Garden City¬Hertfordshire¬SG6 3JW¬51.972263336181641¬-0.22602860629558563¬06K¬NHS East And North Hertfordshire CCG¬01462 683637¬¬https://thesollershottsurgery.nhs.uk/¬01462 481348
11631¬E82105¬GP¬UNKNOWN¬Visible¬True¬True¬Abbotswood Medical Centre¬12 Katherine Place¬College Road¬¬Abbots Langley¬Hertfordshire¬WD5 0BT¬51.700927734375¬-0.40384915471076965¬06N¬NHS Herts Valleys CCG¬01923 673 060¬¬http://www.abbotswoodmc.co.uk¬01923 681 643
11632¬E82106001¬GP¬UNKNOWN¬Visible¬True¬True¬Dr. Corp And Partners¬4 Church Lane¬Sarratt¬¬Croxley Green¬Hertfordshire¬WD3 6HL¬51.680389404296875¬-0.49374529719352722¬06N¬NHS Herts Valleys CCG¬01923264444¬¬www.newroadsurgery.info¬
11633¬E82106¬GP¬UNKNOWN¬Visible¬True¬True¬NEW ROAD SURGERY¬166 New Road¬Croxley Green¬¬Rickmansworth¬Hertfordshire¬WD3 3HD¬51.648033142089844¬-0.44713348150253296¬06N¬NHS Herts Valleys CCG¬01923604884¬¬http://www.newroadsurgery.info/¬01923 778757
11634¬E82107001¬GP¬UNKNOWN¬Visible¬True¬True¬Lattimore and Village Surgery ¬283 High Street¬London Colney¬St Albans¬London Colney¬Hertfordshire¬AL2 1EU¬51.726245880126953¬-0.29853257536888123¬06N¬NHS Herts Valleys CCG¬01727823245¬¬¬01727 827568
11635¬E82107¬GP¬UNKNOWN¬Visible¬True¬True¬Lattimore  & Village  Surgery¬The Village Surgery¬283The High Street¬London Colney¬St Albans¬Hertfordshire¬AL2 1EU¬51.726402282714844¬-0.29840782284736633¬06N¬NHS Herts Valleys CCG¬01727855160¬¬https://www.lattimoresurgery.co.uk¬01727 863594
11636¬E82109¬GP¬UNKNOWN¬Visible¬True¬True¬Castlegate Surgery¬42 Castle Street¬¬¬Hertford¬Hertfordshire¬SG14 1HH¬51.794334411621094¬-7.9812496900558472E-2¬06K¬NHS East And North Hertfordshire CCG¬01992 676454¬¬http://www.castlegatesurgery.co.uk/¬01992 501430
11637¬E82111¬GP¬UNKNOWN¬Visible¬True¬True¬The Symonds Green Health Centre¬Filey Close¬¬¬Stevenage¬Hertfordshire¬SG1 2JW¬51.913021087646484¬-0.22157572209835052¬06K¬NHS East And North Hertfordshire CCG¬01438364488¬¬¬
11638¬E82113001¬GP¬UNKNOWN¬Visible¬True¬True¬Bricket Wood Surgery¬St. Lukes's Church, The Crescent¬Bricket Wood¬¬St. Albans¬Hertfordshire¬AL2 3NF¬51.705986022949219¬-0.36433401703834534¬06N¬NHS Herts Valleys CCG¬01923671746¬¬http://www.verulammedicalgroup.co.uk¬
11639¬E82113¬GP¬UNKNOWN¬Visible¬True¬True¬Verulam Medical Group¬45-47 Kings Road¬¬¬London Colney¬Hertfordshire¬AL2 1ES¬51.724887847900391¬-0.30220332741737366¬06N¬NHS Herts Valleys CCG¬01727822138¬¬http://www.verulammedicalgroup.co.uk¬01727 822130
11640¬E82115¬GP¬UNKNOWN¬Visible¬True¬True¬STOCKWELL LODGE MEDICAL CENTRE¬Rosedale Way¬Cheshunt¬¬Waltham Cross¬Hertfordshire¬EN7 6HL¬51.713790893554687¬-5.5273007601499557E-2¬06K¬NHS East And North Hertfordshire CCG¬01992624408¬slmc.rec@nhs.net¬http://www.stockwelllodge.org.uk¬01992 789619
11641¬E82117¬GP¬UNKNOWN¬Visible¬True¬True¬The Grove Medical Centre¬Borehamwood Shopping Park¬¬¬Borehamwood¬Hertfordshire¬WD6 4PR¬51.656764984130859¬-0.27777117490768433¬06N¬NHS Herts Valleys CCG¬020 3538 3959¬¬http://www.grovemedicalcentre.co.uk¬
11642¬E82121¬GP¬UNKNOWN¬Visible¬True¬True¬Watton Place Clinic¬60 High Street¬Watton-At-Stone¬¬Hertford¬Hertfordshire¬SG14 3SY¬51.859298706054687¬-0.11576458066701889¬06K¬NHS East And North Hertfordshire CCG¬01920830232¬¬¬
11643¬E82121002¬GP¬UNKNOWN¬Visible¬True¬True¬Oak Tree Close Surgery¬Watton Place Clinic¬60 High St¬¬Watton at Stone¬Hertfordshire¬SG14 3SY¬51.859298706054687¬-0.11576458066701889¬06K¬NHS East And North Hertfordshire CCG¬01920830232¬¬¬
11644¬E82123¬GP¬UNKNOWN¬Visible¬True¬True¬Warden Lodge Medical Practice¬Glen Luce, Turners Hill¬Cheshunt¬¬Waltham Cross¬Hertfordshire¬EN8 8NW¬51.700096130371094¬-3.5817187279462814E-2¬06K¬NHS East And North Hertfordshire CCG¬01992622324¬¬http://www.wardenlodge.co.uk/¬01992 636900
11645¬E82124¬GP¬UNKNOWN¬Visible¬True¬True¬Attenborough Surgery¬Bushey Medical Centre¬¬¬Bushey¬Hertfordshire¬WD23 2NN¬51.645576477050781¬-0.37324205040931702¬06N¬NHS Herts Valleys CCG¬01923231633¬¬http://www.attenboroughsurgery.co.uk¬01923 818594
11646¬E82124001¬GP¬UNKNOWN¬Visible¬True¬True¬The Attenborough Surgery-Carpenders Park Branch¬Carpenders Park Surgery¬Off Harrow Way¬Carpenders Park¬Watford¬Hertfordshire¬WD19 5EU¬51.626888275146484¬-0.38292810320854187¬06N¬NHS Herts Valleys CCG¬02084280355¬¬http://www.attenboroughsurgery.co.uk¬0208 428 9269
11648¬E82129001¬GP¬UNKNOWN¬Visible¬True¬True¬Longmeadow Surgery¬16 High Street¬¬¬Bovingdon¬Hertfordshire¬HP3 0HG¬51.723899841308594¬-0.53409874439239502¬06N¬NHS Herts Valleys CCG¬01442833295¬longmeadow.surgery@nhs.net¬¬01442 834545
11649¬E82129¬GP¬UNKNOWN¬Visible¬True¬True¬Kings Langley Surgery¬The Nap¬¬¬Kings Langley¬Hertfordshire¬WD4 8ET¬51.713294982910156¬-0.44844576716423035¬06N¬NHS Herts Valleys CCG¬01923261035¬kingslangleysurgery@nhs.net¬http://www.klbsurgeries.co.uk¬01923 269629
11650¬E82130¬GP¬UNKNOWN¬Visible¬True¬True¬The Medical Centre Buntingford¬White Hart Close¬¬¬Buntingford¬Hertfordshire¬SG9 9DQ¬51.949020385742188¬-2.1815631538629532E-2¬06K¬NHS East And North Hertfordshire CCG¬01763271362¬¬http://www.mysurgerywebsite.co.uk/index.aspx?p=E82130¬01763 273535
11651¬E82131¬GP¬UNKNOWN¬Visible¬True¬True¬The New Surgery¬St Peters House¬Church Yard¬¬Tring¬Hertfordshire¬HP23 5AE¬51.794471740722656¬-0.66047734022140503¬06N¬NHS Herts Valleys CCG¬01442890661¬¬http://rothschildhousesurgery.co.uk¬01442 824874
11652¬E82132¬GP¬UNKNOWN¬Visible¬True¬True¬Roysia Surgery¬Burns Road¬¬¬Royston¬Hertfordshire¬SG8 5PT¬52.058509826660156¬-2.1518290042877197E-2¬06H¬NHS Cambridgeshire And Peterborough CCG¬01763243166¬¬¬01763 242553
11654¬E82133¬GP¬UNKNOWN¬Visible¬True¬True¬High Street Surgery¬13-15 High Street¬Cheshunt¬¬Waltham cross¬Hertfordshire¬EN8 0BX¬51.708469390869141¬-3.7495363503694534E-2¬06K¬NHS East And North Hertfordshire CCG¬01992642446¬¬http://www.highstsurgerycheshunt.co.uk/¬
11660¬E82626¬GP¬UNKNOWN¬Visible¬True¬False¬Dr Rajpreet Millan¬60 High Street¬Whitwell¬¬Hitchin¬Hertfordshire¬SG4 8AG¬51.875839233398438¬-0.27901780605316162¬06K¬NHS East And North Hertfordshire CCG¬01438871398¬¬¬01438 871505
11663¬E82638¬GP¬UNKNOWN¬Visible¬True¬True¬Dr Mohammed Hossain¬Stanhope Surgery¬Stanhope Road¬¬Waltham Cross¬Hertfordshire¬EN8 7DJ¬51.688003540039063¬-3.2058347016572952E-2¬06K¬NHS East And North Hertfordshire CCG¬01992 635300¬stanhope.surgery@nhs.net¬http://www.stanhopesurgery.nhs.uk¬01992 624292
11664¬E82640¬GP¬UNKNOWN¬Visible¬True¬True¬Highfield Surgery¬Cambrian Way¬Jupiter Drive¬¬Hemel Hempstead¬Hertfordshire¬HP2 5TA¬51.766433715820312¬-0.45921814441680908¬06N¬NHS Herts Valleys CCG¬01442265322¬¬¬01442 256641
11665¬E82641¬GP¬UNKNOWN¬Visible¬True¬True¬Manor House Surgery¬Emperors Gate¬¬¬Stevenage¬Hertfordshire¬SG2 7QX¬51.916084289550781¬-0.16121268272399902¬06K¬NHS East And North Hertfordshire CCG¬01438742639¬¬www.manorhouse-surgery.org.uk¬01438 746201
11666¬E82643¬GP¬UNKNOWN¬Visible¬True¬True¬ARCHWAY SURGERY ¬52 High Street¬Bovingdon¬¬Hemel Hempstead¬Hertfordshire¬HP3 0HJ¬51.722751617431641¬-0.53215241432189941¬06N¬NHS Herts Valleys CCG¬01442833380¬archwaysurgery@nhs.net¬http://www.archwaysurgery.co.uk¬01442 832093
11667¬E82644¬GP¬UNKNOWN¬Visible¬True¬True¬Dr Nirvisha Kedia¬2 Coleridge Crescent¬¬¬Hemel Hempstead¬Hertfordshire¬HP2 7PQ¬51.779129028320313¬-0.43853476643562317¬06N¬NHS Herts Valleys CCG¬01442234220¬¬¬01442 242511
11668¬E82652¬GP¬UNKNOWN¬Visible¬True¬True¬Gossoms End Surgery¬Victory Road¬¬¬Berkhamsted¬Hertfordshire¬HP4 1DL¬51.764186859130859¬-0.57780379056930542¬06N¬NHS Herts Valleys CCG¬01442866148¬gossomsendsurgery@nhs.net¬http://www.gossomsendsurgery.co.uk/¬
11670¬E82654¬GP¬UNKNOWN¬Visible¬True¬True¬PARSONAGE SURGERY¬Herts & Essex Community Hospital¬Cavell Drive¬Haymeads Lane¬Bishops Stortford¬Hertfordshire¬CM23 5JH¬51.865482330322266¬0.17433547973632813¬06K¬NHS East And North Hertfordshire CCG¬01279 827608¬parsonageadmin@nhs.net¬http://www.parsonagesurgery.co.uk/¬01279 827513
11671¬E82655¬GP¬UNKNOWN¬Visible¬True¬True¬South Oxhey Surgery¬Oxhey Drive¬South Oxhey¬¬Watford¬Hertfordshire¬WD19 7SF¬51.625747680664062¬-0.39019230008125305¬06N¬NHS Herts Valleys CCG¬02084215224¬¬¬0208 421 4786
11673¬E82657¬GP¬UNKNOWN¬Visible¬True¬True¬Little Bushey Surgery¬California Lane¬¬¬Bushey¬Hertfordshire¬WD23 1EZ¬51.634677886962891¬-0.34389576315879822¬06N¬NHS Herts Valleys CCG¬02083868888¬¬http://www.littlebusheysurgery.co.uk¬020 8386 8898
11675¬E82661¬GP¬UNKNOWN¬Visible¬True¬True¬The Garden City Surgery¬59 Station Road¬¬¬Letchworth Garden City¬Hertfordshire¬SG6 3BJ¬51.98040771484375¬-0.22532960772514343¬06K¬NHS East And North Hertfordshire CCG¬01462624000¬e82661.gardencitysurgery@nhs.net¬https://www.gardencitysurgery.co.uk¬
11676¬E82001002¬GP¬UNKNOWN¬Visible¬True¬True¬Markyate Surgery, part of Rothschild House Group¬Markyate Surgery¬1 Hicks Road¬Markyate¬St Albans¬Hertfordshire¬AL3 8LJ¬51.836448669433594¬-0.45877453684806824¬06N¬NHS Herts Valleys CCG¬01582841559¬e82663.markyatesurgery@nhs.net¬http://www.markyatesurgery99.co.uk/¬01582 840083
11677¬E83003¬GP¬UNKNOWN¬Visible¬True¬True¬Oakleigh Road Health Centre¬280 Oakleigh Road North¬¬¬London¬Greater London¬N20 0DH¬51.625213623046875¬-0.15885248780250549¬93C¬NHS North Central London CCG¬02083613638¬¬http://www.oakleighroadclinic.nhs.uk¬
11678¬E83005¬GP¬UNKNOWN¬Visible¬True¬True¬Lichfield Grove Surgery¬64 Lichfield Grove¬¬¬London¬Greater London¬N3 2JP¬51.599601745605469¬-0.19330121576786041¬93C¬NHS North Central London CCG¬02083463123¬¬http://www.lichfieldgrovesurgery.nhs.uk¬020 8343 4919
11679¬E83006¬GP¬UNKNOWN¬Visible¬True¬True¬Greenfield Medical Centre¬143-145 Cricklewood Lane¬¬¬London¬Greater London¬NW2 1HS¬51.561023712158203¬-0.20570847392082214¬93C¬NHS North Central London CCG¬02084505454¬greenfieldmc@nhs.net¬¬02084500837
11680¬E83007¬GP¬UNKNOWN¬Visible¬True¬True¬Squires Lane Medical Practice¬2 Squires Lane¬Finchley¬¬London¬Greater London¬N3 2AU¬51.602493286132812¬-0.17496293783187866¬93C¬NHS North Central London CCG¬020 8346 1516¬squireslanemedicalpractice@nhs.net¬https://www.squireslanemedicalpractice.co.uk/¬
11681¬E83008¬GP¬UNKNOWN¬Visible¬True¬True¬Heathfielde Medical Centre¬8 Lyttelton Road¬¬¬London¬Greater London¬N2 0EQ¬51.585239410400391¬-0.17978270351886749¬93C¬NHS North Central London CCG¬02084589262¬¬¬
11682¬E83009¬GP¬UNKNOWN¬Visible¬True¬True¬PHGH Doctors¬Temple Fortune Health Centre¬23 Temple Fortune Lane¬Golders Green¬London¬Greater London¬NW11 7TE¬51.581100463867187¬-0.19783100485801697¬93C¬NHS North Central London CCG¬02082092400¬¬¬020 8731 8257
11683¬E83010¬GP¬UNKNOWN¬Visible¬True¬True¬The Speedwell Practice¬The Health Centre¬16 Torrington Park¬North Finchley¬London¬Greater London¬N12 9SS¬51.617149353027344¬-0.17499609291553497¬93C¬NHS North Central London CCG¬02084457587¬patients.speedwell@nhs.net¬http://www.thespeedwellpractice.nhs.uk¬020 8343 9122
11684¬E83011¬GP¬UNKNOWN¬Visible¬True¬True¬The Everglade Medical Practice¬Grahame Park Health Centre¬¬¬London¬Greater London¬NW9 5XT¬51.601577758789063¬-0.24419544637203217¬93C¬NHS North Central London CCG¬02084328641¬¬http://www.everglademedicalpractice.nhs.uk/¬
11685¬E83012¬GP¬UNKNOWN¬Visible¬True¬True¬The Old Court House Surgery¬27 Wood Street¬¬¬Barnet¬Hertfordshire¬EN5 4BB¬51.652900695800781¬-0.20157666504383087¬93C¬NHS North Central London CCG¬02084492388¬¬http://www.theoldcourthousesurgery.co.uk¬
11686¬E83013¬GP¬UNKNOWN¬Visible¬True¬True¬Cornwall House Surgery¬Cornwall Avenue¬¬¬London¬Greater London¬N3 1LD¬51.604846954345703¬-0.18991602957248688¬93C¬NHS North Central London CCG¬02083461976¬¬https://www.cornwallhousesurgery.nhs.uk/index.aspx¬
11688¬E83016¬GP¬UNKNOWN¬Visible¬True¬True¬Dr D Frost And Partners¬2 Hartley Avenue¬Hartley Avenue¬Mill Hill¬London¬Greater London¬NW7 2HX¬51.614986419677734¬-0.24357698857784271¬93C¬NHS North Central London CCG¬02089590888¬¬http://www.millwaymedical.com¬
11689¬E83017¬GP¬UNKNOWN¬Visible¬True¬True¬Longrove surgery¬Vale Drive Primary Care Centre¬Vale Drive¬¬Barnet¬Hertfordshire¬EN5 2ED¬51.648826599121094¬-0.19471268355846405¬93C¬NHS North Central London CCG¬02083706660¬¬http://www.longrovesurgery.co.uk¬
11690¬E83018001¬GP¬UNKNOWN¬Visible¬True¬True¬WATLING MEDICAL CENTRE Stanmore¬42 London Road¬¬¬stanmore¬Middlesex¬HA7 4NU¬51.621273040771484¬-0.29692891240119934¬93C¬NHS North Central London CCG¬02089061711¬¬https://www.watlingmedicalcentre.com/¬020 8905 4809
11691¬E83018¬GP¬UNKNOWN¬Visible¬True¬True¬WATLING MEDICAL CENTRE Burnt Oak¬108 Watling Avenue¬¬¬Edgware¬Middlesex¬HA8 0NR¬51.603290557861328¬-0.26200652122497559¬93C¬NHS North Central London CCG¬02089061711¬¬https://www.watlingmedicalcentre.com/¬020 8201 1283
11692¬E83020¬GP¬UNKNOWN¬Visible¬True¬True¬ST GEORGE'S MEDICAL CENTRE¬7 Sunningfields Road¬Hendon¬¬London¬Greater London¬NW4 4QR¬51.592739105224609¬-0.22618502378463745¬93C¬NHS North Central London CCG¬02082026232¬stgeorges@nhs.net¬http://www.stgeorgesmc.co.uk/¬
11693¬E83021¬GP¬UNKNOWN¬Visible¬True¬True¬Torrington Park Group Practice¬The Health Centre¬16 Torrington Park¬North Finchley¬London¬Greater London¬N12 9SS¬51.617149353027344¬-0.17499609291553497¬93C¬NHS North Central London CCG¬02036675030¬torringtonparkgrouppractice@nhs.net¬http://www.torringtonparkgrouppractice.nhs.uk/welcome,48540.htm¬
11695¬E83024¬GP¬UNKNOWN¬Visible¬True¬True¬St Andrews Medical Practice¬50 Oakleigh Road North¬Whetstone¬¬London¬Greater London¬N20 9EX¬51.630138397216797¬-0.17236527800559998¬93C¬NHS North Central London CCG¬02084450475¬¬www.standrewsmedicalpractice.nhs.uk¬020 8446 0179
11696¬E83025¬GP¬UNKNOWN¬Visible¬True¬True¬Pennine Drive Practice¬6-8 Pennine Drive¬Cricklewood¬¬London¬Greater London¬NW2 1PA¬51.568473815917969¬-0.20889268815517426¬93C¬NHS North Central London CCG¬02084559977¬¬¬
11697¬E83026¬GP¬UNKNOWN¬Visible¬True¬True¬Supreme Medical Centre¬Ground Floor¬Supreme House¬300 Regents Park Road¬London¬Greater London¬N3 2JX¬51.599452972412109¬-0.19537189602851868¬93C¬NHS North Central London CCG¬02083463291¬¬http://www.suprememedicalcentre.nhs.uk/¬
11698¬E83027¬GP¬UNKNOWN¬Visible¬True¬True¬The Practice @ 188¬188 Golders Green Road¬Golders Green¬¬London¬Greater London¬NW11 9AY¬51.576423645019531¬-0.20465478301048279¬93C¬NHS North Central London CCG¬0208 298 6498¬¬http://www.thepracticeat188.nhs.uk/¬
11699¬E83028¬GP¬UNKNOWN¬Visible¬True¬True¬Parkview Surgery¬36 Cressingham Road¬¬¬Edgware¬Middlesex¬HA8 0RW¬51.606971740722656¬-0.25746124982833862¬93C¬NHS North Central London CCG¬02089067980¬¬http://www.parkviewsurgeryedgware.co.uk/¬
11700¬E83028001¬GP¬UNKNOWN¬Visible¬True¬True¬Parkview Surgery¬Grahame Park Health Centre¬The Concourse¬¬London¬Greater London¬NW9 5XT¬51.601577758789063¬-0.24419544637203217¬93C¬NHS North Central London CCG¬02082053649¬¬http://www.parkviewsurgeryedgware.co.uk¬
11701¬E83030¬GP¬UNKNOWN¬Visible¬True¬True¬Penshurst Gardens Surgery¬39 Penshurst Gardens¬¬¬Edgware¬Middlesex¬HA8 9TN¬51.616130828857422¬-0.27279719710350037¬93C¬NHS North Central London CCG¬02089583141¬¬https://www.penshurstgardenssurgery.co.uk¬
11702¬E83031¬GP¬UNKNOWN¬Visible¬True¬True¬The Village Surgery¬113 East Barnet Road¬¬¬Barnet¬Hertfordshire¬EN4 8RF¬51.648067474365234¬-0.16814631223678589¬93C¬NHS North Central London CCG¬02084496443¬¬http://www.thevillagesurgerynewbarnet.nhs.uk¬020 8441 5760
11703¬E83032¬GP¬UNKNOWN¬Visible¬True¬True¬Oak Lodge Medical Centre¬234 Burnt Oak Broadway¬¬¬Edgware¬Middlesex¬HA8 0AP¬51.603679656982422¬-0.27068480849266052¬93C¬NHS North Central London CCG¬02089521202¬¬¬0208 381 1156
11705¬E83034¬GP¬UNKNOWN¬Visible¬True¬True¬Colney Hatch Lane Surgery¬192 Colney Hatch Lane¬Muswell Hill¬¬London¬Greater London¬N10 1ET¬51.600730895996094¬-0.14754033088684082¬93C¬NHS North Central London CCG¬02088835555¬¬¬
11706¬E83035¬GP¬UNKNOWN¬Visible¬True¬True¬Wentworth Medical Practice¬38 Wentworth Avenue¬Finchley Central¬¬London¬Greater London¬N3 1YL¬51.607746124267578¬-0.18790878355503082¬93C¬NHS North Central London CCG¬02083461242¬¬¬020 8343 3614
11707¬E83036¬GP¬UNKNOWN¬Visible¬True¬True¬Vale Drive Medical Practice¬Vale Drive Health Centre¬Vale Drive¬¬Barnet¬Hertfordshire¬EN5 2ED¬51.648826599121094¬-0.19471268355846405¬93C¬NHS North Central London CCG¬02084473566¬vmedical@nhs.net¬https://www.valedrivemedical.nhs.uk/¬
11708¬E83037¬GP¬UNKNOWN¬Visible¬True¬True¬Derwent Crescent Medical Centre¬20 Derwent Crescent¬Whetstone¬¬London¬Greater London¬N20 0QQ¬51.622909545898438¬-0.17527064681053162¬93C¬NHS North Central London CCG¬02084460171¬sue.lendon@gp-e83037.nhs.uk¬www.derwentmedical.co.uk¬020 8446 0073
11709¬E83038001¬GP¬UNKNOWN¬Visible¬True¬True¬Jai Medical Centre (Hendon)¬42 Station Road¬Hendon¬¬London¬Greater London¬NW4 3SU¬51.580184936523438¬-0.23744282126426697¬93C¬NHS North Central London CCG¬03000337860¬jmchendon@nhs.net¬http://www.jaimedical.nhs.uk/¬0300 033 7866
11710¬E83038¬GP¬UNKNOWN¬Visible¬True¬True¬Jai Medical Centre¬114 Edgwarebury Lane¬¬¬Edgware¬Middlesex¬HA8 8NB¬51.622043609619141¬-0.27752771973609924¬93C¬NHS North Central London CCG¬03000337861¬jmc@nhs.net¬http://www.jaimedical.nhs.uk¬0300 033 7866
11711¬E83039¬GP¬UNKNOWN¬Visible¬True¬True¬Ravenscroft Medical Centre¬166-168 Golders Green Rd¬Golders Green¬¬London¬Greater London¬NW11 8BB¬51.575313568115234¬-0.20277903974056244¬93C¬NHS North Central London CCG¬02084559530¬ravenscroftmc@nhs.net¬https://www.ravenscroftmedicalcentre.nhs.uk¬
11713¬E83041¬GP¬UNKNOWN¬Visible¬True¬True¬Wakemans Hill Surgery¬1 Wakemans Hill Avenue¬¬¬London¬Greater London¬NW9 0TA¬51.587089538574219¬-0.25419473648071289¬93C¬NHS North Central London CCG¬02082052336¬¬¬
11715¬E83044¬GP¬UNKNOWN¬Visible¬True¬True¬Addington Medical Centre¬46 Station Road¬¬¬Barnet¬Hertfordshire¬EN5 1QH¬51.649658203125¬-0.17682754993438721¬93C¬NHS North Central London CCG¬02084414425¬¬www.addingtonmedicalcentre.co.uk¬020 8441 4957
11716¬E83045¬GP¬UNKNOWN¬Visible¬True¬True¬Friern Barnet Medical Centre¬16 St.Johns Villas¬Friern Barnet Road¬¬London¬Greater London¬N11 3BU¬51.613265991210937¬-0.15599961578845978¬93C¬NHS North Central London CCG¬02083681707¬¬http://www.friernbarnetmedicalcentre.nhs.uk¬
11717¬E83046¬GP¬UNKNOWN¬Visible¬True¬True¬Mulberry Medical Practice - Sefton Ave¬3 Sefton Avenue¬Mill Hill¬¬London¬Greater London¬NW7 3QB¬51.614860534667969¬-0.26001906394958496¬93C¬NHS North Central London CCG¬02089591868¬sefton.surgery@nhs.net¬http://www.mulberrymedical.nhs.uk/¬020 8906 0595
11718¬E83049¬GP¬UNKNOWN¬Visible¬True¬True¬Langstone Way Surgery¬28 Langstone Way¬Mill Hill¬¬London¬Greater London¬NW7 1GR¬51.606983184814453¬-0.21080027520656586¬93C¬NHS North Central London CCG¬02083432401¬¬¬020 31150057
11719¬E83050¬GP¬UNKNOWN¬Visible¬True¬True¬East Finchley Medical Centre¬39 Baronsmere Road¬¬¬London¬Greater London¬N2 9QD¬51.588123321533203¬-0.1628643274307251¬93C¬NHS North Central London CCG¬02088831458¬¬¬
11720¬E83053¬GP¬UNKNOWN¬Visible¬True¬True¬Lane End Medical Group¬2 Penshurst Gardens¬¬¬Edgware¬Middlesex¬HA8 9GJ¬51.615287780761719¬-0.27485135197639465¬93C¬NHS North Central London CCG¬02089584233¬¬http://www.laneendmedicalgroup.co.uk¬0208 905 4657
11721¬E83600¬GP¬UNKNOWN¬Visible¬True¬True¬Adler Js-The Surgery¬682 Finchley Road¬Golders Green¬¬London¬Greater London¬NW11 7NP¬51.5750732421875¬-0.19594797492027283¬93C¬NHS North Central London CCG¬02084559994¬¬http://www.drsadlerandrosenberg.gpsurgery.net¬020 8458 9183
11722¬E83613¬GP¬UNKNOWN¬Visible¬True¬True¬East Barnet Health Centre¬149 East Barnet Road¬¬¬Barnet¬Hertfordshire¬EN4 8QZ¬51.646339416503906¬-0.16640913486480713¬93C¬NHS North Central London CCG¬02034746829¬general.ebhc@nhs.net¬http://www.eastbarnetgpsurgeries.co.uk¬
11723¬E83621¬GP¬UNKNOWN¬Visible¬True¬True¬Brunswick Park Medical Centre¬Brunswick Park Road¬¬¬London¬Greater London¬N11 1EY¬51.630081176757813¬-0.14939418435096741¬93C¬NHS North Central London CCG¬02083681568¬brunswickpark.medicalpractice@nhs.net¬http://www.brunswickparkmedicalpractice.nhs.uk¬020 8368 4426
11724¬E83622¬GP¬UNKNOWN¬Visible¬True¬True¬Temple Fortune Medical Group¬23 Temple Fortune Lane¬¬¬London¬Greater London¬NW11 7TE¬51.581100463867187¬-0.19783100485801697¬93C¬NHS North Central London CCG¬02082092401¬¬http://www.tfhc.org.uk¬
11732¬E83637¬GP¬UNKNOWN¬Visible¬True¬True¬Colindale Medical Centre Lp¬61 Colindeep Lane¬Colindale¬¬London¬Greater London¬NW9 6DJ¬51.591300964355469¬-0.2495579719543457¬93C¬NHS North Central London CCG¬02082056798¬¬http://www.colindalemedicalcentre.nhs.uk¬
11733¬E83638¬GP¬UNKNOWN¬Visible¬True¬True¬The Mountfield Surgery¬55 Mountfield Road¬Finchley¬¬London¬Greater London¬N3 3NR¬51.595001220703125¬-0.19420561194419861¬93C¬NHS North Central London CCG¬02083464271¬¬¬
11734¬E83639¬GP¬UNKNOWN¬Visible¬True¬True¬Rosemary Surgery¬Rosemary Medical Centre¬2 Rosemary Avenue¬Finchley¬London¬Greater London¬N3 2QN¬51.596897125244141¬-0.18413905799388885¬93C¬NHS North Central London CCG¬02083461997¬¬http://www.rosemarymedicalcentre.nhs.uk/contact1.aspx¬
11738¬E83649¬GP¬UNKNOWN¬Visible¬True¬True¬The Hodford Road Practice¬73 Hodford Road¬¬¬London¬Greater London¬NW11 8NH¬51.569038391113281¬-0.19930373132228851¬93C¬NHS North Central London CCG¬02089055234¬¬www.hodfordroadsurgery.co.uk¬020 8381 4183
11739¬E83650¬GP¬UNKNOWN¬Visible¬True¬True¬Gloucester Road Surgery¬1B Gloucester Road¬New Barnet¬¬Barnet¬Hertfordshire¬EN5 1RS¬51.647274017333984¬-0.18303748965263367¬93C¬NHS North Central London CCG¬02084497677¬¬¬
11742¬E83653¬GP¬UNKNOWN¬Visible¬True¬True¬The Phoenix Practice¬7 Brampton Grove¬Hendon¬¬London¬Greater London¬NW4 4AE¬51.587310791015625¬-0.22355447709560394¬93C¬NHS North Central London CCG¬02082029030¬¬http://www.phoenixpractice.co.uk/¬028 203 7118
11745¬E83657¬GP¬UNKNOWN¬Visible¬True¬True¬Hillview Surgery¬114 Finchley Lane¬Hendon¬¬London¬Greater London¬NW4 1DG¬51.589870452880859¬-0.21489408612251282¬93C¬NHS North Central London CCG¬02082030546¬hillview.practice@nhs.net¬¬0208 2032963
11751¬E83668¬GP¬UNKNOWN¬Visible¬True¬True¬Medical Centre¬156 Deans Lane¬¬¬Edgware¬Middlesex¬HA8 9NT¬51.616115570068359¬-0.26028889417648315¬93C¬NHS North Central London CCG¬02089063337¬¬http://www.deanslanemedicalcentre.co.uk¬
11752¬E84002¬GP¬UNKNOWN¬Visible¬True¬True¬Forty Willows Surgery¬46 Forty Lane¬¬¬Wembley¬Middlesex¬HA9 9HA¬51.565788269042969¬-0.27066564559936523¬07P¬NHS Brent CCG¬020 3376 3100¬breccg.fortywillowssurgery@nhs.net¬http://www.fortywillowssurgery.nhs.uk¬
11753¬E84003¬GP¬UNKNOWN¬Visible¬True¬True¬Premier Medical Centre¬GP Unit,1st Floor¬Wembley Centre For Health & Care¬116 Chaplin Road¬Wembley¬Middlesex¬HA0 4UZ¬51.549713134765625¬-0.306770920753479¬07P¬NHS Brent CCG¬02087956150¬breccg.premiermedicalcentre@nhs.net¬http://www.premiermedicalcentre.nhs.uk/¬020 8795 6171
11754¬E84004¬GP¬UNKNOWN¬Visible¬True¬True¬The Circle Practice¬Belmont Health Centre¬The Circle Practice¬516 Kenton Lane¬Harrow¬Middlesex¬HA3 7LT¬51.601112365722656¬-0.32059887051582336¬08E¬NHS Harrow CCG¬02084271213¬¬¬020 8863 9815
11755¬E84005¬GP¬UNKNOWN¬Visible¬True¬True¬Kings Road Surgery¬204 Kings Road¬South Harrow¬¬Harrow¬Middlesex¬HA2 9JJ¬51.568984985351563¬-0.37737920880317688¬08E¬NHS Harrow CCG¬02084221667¬¬http://www.kingsroadmedicalcentre.com¬020 8423 7901
11756¬E84005001¬GP¬UNKNOWN¬Visible¬True¬True¬King's Road Surgery¬81 Field End Road¬Eastcote¬Middx¬Pinner¬Middlesex¬HA5 1TD¬51.580963134765625¬-0.39987218379974365¬08E¬NHS Harrow CCG¬02088661238¬¬¬0208 429 0966
11757¬E84006¬GP¬UNKNOWN¬Visible¬True¬True¬The Law Medical Group Practice¬The Law Medical Group Practice¬Group Practice¬9 Wrottesley Road¬Willesden¬London¬NW10 5UY¬51.533870697021484¬-0.23430120944976807¬07P¬NHS Brent CCG¬02038188441¬¬http://www.lawmedicalgrouppractice.co.uk/¬020 3818 8432
11758¬E84006001¬GP¬UNKNOWN¬Visible¬True¬True¬The Law Medical Group Practice¬124-128 Harrow Road¬¬¬Wembley¬Middlesex¬HA9 6QQ¬51.548168182373047¬-0.2771834135055542¬07P¬NHS Brent CCG¬02038188441¬¬http://www.lawmedicalgrouppractice.co.uk/¬020 8453 5279
11759¬E84007¬GP¬UNKNOWN¬Visible¬True¬True¬UXENDON CRESCENT SURGERY ¬1 Uxendon Crescent¬¬¬Wembley¬Middlesex¬HA9 9TW¬51.572063446044922¬-0.29279455542564392¬07P¬NHS Brent CCG¬02089043883¬¬www.uxendoncrescentsurgery.co.uk¬020 8904 3899
11760¬E84008¬GP¬UNKNOWN¬Visible¬True¬True¬Simpson House Medical Centre - Dr Rozewicz & Partners¬255/255A Eastcote Lane¬South Harrow¬¬Harrow¬Middlesex¬HA2 8RS¬51.561656951904297¬-0.3724173903465271¬08E¬NHS Harrow CCG¬02088643466¬simpson.house@nhs.net¬http://www.simpsonhouse.org.uk¬020 8864 1002
11761¬E84009¬GP¬UNKNOWN¬Visible¬True¬True¬Enderley Road Medical Centre¬41-45 Enderley Road¬Harrow Weald¬¬Harrow¬Middlesex¬HA3 5HF¬51.601871490478516¬-0.34045439958572388¬08E¬NHS Harrow CCG¬02088633333¬ermce84009@nhs.net¬http://www.enderley.nhs.uk¬020 8901 3307
11762¬E84011¬GP¬UNKNOWN¬Visible¬True¬True¬St Andrews Medical Centre  ¬At Greenhill Park Medical Centre¬Greenhill Park¬Harlesden¬London¬Greater London¬NW10 9AR¬51.538402557373047¬-0.25352045893669128¬07P¬NHS Brent CCG¬0208 459 7755¬breccg.standrewsmp@nhs.net¬https://neasden-greenhillpark.co.uk/¬
11763¬E84012¬GP¬UNKNOWN¬Visible¬True¬True¬MAPESBURY MEDICAL GROUP¬Windmill Branch¬65 Shoot Up Hill¬¬London¬¬NW2 3PS¬51.551498413085938¬-0.20945863425731659¬07P¬NHS Brent CCG¬0208452 7646¬breccg.mmg@nhs.net¬http://www.mapesburymedicalgroup.co.uk/¬020 8450 2319
11764¬E84013¬GP¬UNKNOWN¬Visible¬True¬True¬CHURCH END MEDICAL CENTRE ¬66 Mayo Road¬Church End Estate¬¬London¬Greater London¬NW10 9HP¬51.547569274902344¬-0.2532271146774292¬07P¬NHS Brent CCG¬02089306262¬breccg.cemc@nhs.net¬http://www.cemc.nhs.uk¬020 8930 6260
11765¬E84014¬GP¬UNKNOWN¬Visible¬True¬True¬Bacon Lane Surgery¬11 Bacon Lane¬¬¬Edgware¬Middlesex¬HA8 5AT¬51.605079650878906¬-0.27588817477226257¬08E¬NHS Harrow CCG¬02089525073¬baconlane.surgery@nhs.net¬http://www.baconlanesurgery.co.uk/¬
11766¬E84015¬GP¬UNKNOWN¬Visible¬True¬True¬Willow Tree Family Doctors¬343 Stag Lane¬Kingsbury¬¬London¬Greater London¬NW9 9AD¬51.589336395263672¬-0.26520973443984985¬07P¬NHS Brent CCG¬02082046464¬¬http://www.willowtreefamilydoctors.com/¬020 8905 0946
11767¬E84017001¬GP¬UNKNOWN¬Visible¬True¬True¬S&A Medical Centre¬228 Watford Road¬¬¬Harrow¬Middlesex¬HA1 3TY¬51.563877105712891¬-0.32067257165908813¬07P¬NHS Brent CCG¬02089046404¬¬http://www.samc.org.uk¬
11768¬E84017¬GP¬UNKNOWN¬Visible¬True¬True¬S&A Medical Centre¬267 Ealing Road¬¬¬Wembley¬Middlesex¬HA0 1EU¬51.536754608154297¬-0.29790827631950378¬07P¬NHS Brent CCG¬02089973486¬¬http://www.samc.org.uk¬020 8810 6171
11769¬E84018¬GP¬UNKNOWN¬Visible¬True¬True¬Streatfield Health Centre¬1 Streatfield Road¬Kenton¬¬Harrow¬Middlesex¬HA3 9BP¬51.59381103515625¬-0.30810564756393433¬08E¬NHS Harrow CCG¬02089270259¬streatfield.healthcentre@nhs.net¬http://www.streatfieldhealthcentre.co.uk¬020 8909 2134
11770¬E84020¬GP¬UNKNOWN¬Visible¬True¬True¬The Stag - Hollyrood Practice¬82 Stag Lane¬¬¬Edgware¬Middlesex¬HA8 5LP¬51.598167419433594¬-0.27070647478103638¬07P¬NHS Brent CCG¬03000337863¬thestagholyrood@nhs.net¬https://thestagholyroodsurgery.nhs.uk/¬020 8952 8583
11771¬E84021¬GP¬UNKNOWN¬Visible¬True¬True¬The Willesden Medical Centre¬Willesden Medical Centre¬144-150 High Road¬Willesden¬London¬Greater London¬NW10 2PT¬51.547531127929687¬-0.23385888338088989¬07P¬NHS Brent CCG¬020 8459 5550¬¬https://www.willesdenmedicalcentre.co.uk¬020 8451 7268
11772¬E84022¬GP¬UNKNOWN¬Visible¬True¬True¬Roxbourne Medical Centre¬37 Rayners Lane¬¬¬South Harrow¬Middlesex¬HA2 0UE¬51.567375183105469¬-0.36312317848205566¬08E¬NHS Harrow CCG¬0208 422 5602¬¬http://www.roxbournemc.com/¬
11774¬E84024¬GP¬UNKNOWN¬Visible¬True¬True¬THE PINN MEDICAL CENTRE ¬37 Love Lane¬¬¬Pinner¬Middlesex¬HA5 3EE¬51.595069885253906¬-0.38271903991699219¬08E¬NHS Harrow CCG¬02088665766¬¬http://www.thepinn.co.uk¬020 8429 0251
11775¬E84025¬GP¬UNKNOWN¬Visible¬True¬True¬The Lonsdale Medical Centre¬24 Lonsdale Road¬¬¬London¬Greater London¬NW6 6RR¬51.536895751953125¬-0.20446573197841644¬07P¬NHS Brent CCG¬02073288331¬¬http://www.lonsdalemedicalcentre.nhs.uk¬020 7625 2104
11776¬E84006002¬GP¬UNKNOWN¬Visible¬True¬True¬Buckingham Rd Surgery¬2&4 Buckingham Road¬Harlesden¬¬London¬Greater London¬NW10 4RR¬51.534904479980469¬-0.24504640698432922¬07P¬NHS Brent CCG¬02089656078¬¬http://www.buckinghamroadsurgery.nhs.uk/¬020 8961 9315
11777¬E84028¬GP¬UNKNOWN¬Visible¬True¬True¬The Stonebridge Practice¬150 Hilltop Avenue¬Harlesden¬¬London¬Greater London¬NW10 8RY¬51.542472839355469¬-0.26358914375305176¬07P¬NHS Brent CCG¬02031887310¬¬http://www.thestonebridgepractice.co.uk¬020 8961 7989
11779¬E84030001¬GP¬UNKNOWN¬Visible¬True¬True¬Preston Hill Surgery ¬121 Preston Hill¬Kenton¬¬Harrow¬Middlesex¬HA3 9SN¬51.580101013183594¬-0.28895729780197144¬07P¬NHS Brent CCG¬02089050894¬¬http://www.aksyrmedicalpractice.nhs.uk/¬020 8838 3579
11780¬E84030¬GP¬UNKNOWN¬Visible¬True¬True¬AKSYR MEDICAL PRACTICE¬Hilltop Primary Care Centre¬1St Floor ,150 Hilltop Avenue¬Harlesden¬London¬Greater London¬NW10 8RY¬51.542472839355469¬-0.26358914375305176¬07P¬NHS Brent CCG¬02031887270¬¬http://www.aksyrmedicalpractice.nhs.uk¬020 8963 1392
11781¬E84031¬GP¬UNKNOWN¬Visible¬True¬True¬Brentfield Medical Centre¬10 Kingfisher Way¬Brentfield Road¬¬London¬Greater London¬NW10 8TF¬51.550586700439453¬-0.26023679971694946¬07P¬NHS Brent CCG¬02088302396¬breccg.brentfieldmc@nhs.net¬http://www.brentfieldmedicalcentre.co.uk¬02084599594
11782¬E84032¬GP¬UNKNOWN¬Visible¬True¬True¬Ellis Practice¬1St Floor, Chalkhill Pcc, The Welford Centre¬113 Chalkhill Road¬¬Wembley¬Middlesex¬HA9 9FX¬51.563896179199219¬-0.27653738856315613¬07P¬NHS Brent CCG¬02087367198¬¬www.ellispractice.co.uk¬020 8385 2876
11783¬E84033¬GP¬UNKNOWN¬Visible¬True¬True¬Chalkhill Family Practice¬113 Chalkhill Road¬¬¬Wembley¬Middlesex¬HA9 9FX¬51.563896179199219¬-0.27653738856315613¬07P¬NHS Brent CCG¬02087367033¬¬http://www.chalkhillfamilypractice.nhs.uk/¬020 8385 0172
11785¬E84036¬GP¬UNKNOWN¬Visible¬True¬True¬Gladstone Medical Centre¬5 Dollis Hill Lane¬Neasden¬¬London¬Greater London¬NW2 6JH¬51.558731079101563¬-0.24610573053359985¬07P¬NHS Brent CCG¬02081029108¬¬http://www.gladstonemedicalcentre.nhs.uk¬020 8208 8409
11786¬E84039¬GP¬UNKNOWN¬Visible¬True¬True¬Honeypot Medical Centre ¬404 Honeypot Lane¬¬¬Stanmore¬Middlesex¬HA7 1JP¬51.596988677978516¬-0.29453116655349731¬08E¬NHS Harrow CCG¬02082041363¬¬http://www.honeypotmc.co.uk/¬
11787¬E84040¬GP¬UNKNOWN¬Visible¬True¬True¬The Pinner Road Surgery¬196 Pinner Road¬West Harrow¬¬Harrow¬Middlesex¬HA1 4JS¬51.582794189453125¬-0.35284081101417542¬08E¬NHS Harrow CCG¬02084270130¬¬http://www.pinnerroadsurgery.co.uk¬020 8424 2509
11788¬E84042¬GP¬UNKNOWN¬Visible¬True¬True¬Kilburn Park Medical Centre¬12 Cambridge Gardens¬Kilburn¬¬London¬Greater London¬NW6 5AY¬51.534423828125¬-0.19334535300731659¬07P¬NHS Brent CCG¬02076242414¬¬http://www.kilburnparkmedicalcentre.co.uk¬020 7624 2489
11789¬E84044¬GP¬UNKNOWN¬Visible¬True¬True¬The Northwick Surgery¬36 Northwick Park Road¬¬¬Harrow¬Middlesex¬HA1 2NU¬51.581779479980469¬-0.32756134867668152¬08E¬NHS Harrow CCG¬02085151300¬haroccg.northwicksurgery@nhs.net¬http://www.northwicksurgery.co.uk/¬0208 515 1301
11790¬E84048¬GP¬UNKNOWN¬Visible¬True¬True¬The Fryent Way Surgery¬22 Fryent Way¬Kingsbury¬¬London¬Greater London¬NW9 9SB¬51.582962036132813¬-0.28055033087730408¬07P¬NHS Brent CCG¬02082069910¬breccg.fryentwaysurgery@nhs.net¬http://www.thefryentwaysurgery.nhs.uk¬020 8905 0355
11791¬E84049¬GP¬UNKNOWN¬Visible¬True¬True¬Brampton Health Centre¬¬05 Brampton Road¬¬Kingsbury¬Greater London¬NW9 9BY¬51.586101531982422¬-0.27737173438072205¬07P¬NHS Brent CCG¬02082046219¬¬http://www.bramptonhealthcentre.co.uk/¬020 8206 0883
11793¬E84051¬GP¬UNKNOWN¬Visible¬True¬True¬Stanley Corner Medical Centre¬1-3 Stanley Avenue¬¬¬Wembley¬Middlesex¬HA0 4JF¬51.54425048828125¬-0.29660457372665405¬07P¬NHS Brent CCG¬02089023887¬¬www.stanleycornermedicalcentre.co.uk¬020 8900 1889
11794¬E84053¬GP¬UNKNOWN¬Visible¬True¬True¬Hatch End Medical Centre¬577 Uxbridge Road¬Hatch End¬¬Pinner¬Middlesex¬HA5 4RD¬51.606243133544922¬-0.37706214189529419¬08E¬NHS Harrow CCG¬02084280272¬¬¬020 8421 4109
11795¬E84057002¬GP¬UNKNOWN¬Visible¬True¬True¬Stanmore Park Surgery¬Stanmore Park Medical Centre¬William Drive¬¬Stanmore¬Middlesex¬HA7 4FZ¬51.614925384521484¬-0.31874582171440125¬08E¬NHS Harrow CCG¬02089513888¬¬http://www.stanmoremedicalcentre.co.uk¬0208 416 1001
11796¬E84057¬GP¬UNKNOWN¬Visible¬True¬True¬The Stanmore Medical Centre¬85 Crowshott Avenue¬¬¬Stanmore¬Middlesex¬HA7 1HS¬51.601539611816406¬-0.30400636792182922¬08E¬NHS Harrow CCG¬02089513888¬¬http://www.stanmoremedicalcentre.co.uk//¬0208 952 8035
11797¬E84058001¬GP¬UNKNOWN¬Visible¬True¬True¬GP Direct, Dr Merali & Partners, Eastcote Lane¬32A Eastcote Lane¬¬¬Harrow¬Middlesex¬HA2 8BS¬51.565082550048828¬-0.35563069581985474¬08E¬NHS Harrow CCG¬02085159300¬info@gpdirect.co.uk¬http://www.gpdirect.co.uk¬020 8515 9310
11799¬E84058¬GP¬UNKNOWN¬Visible¬True¬True¬GP Direct, Harrow¬5-7 Welbeck Road¬¬¬Harrow¬Middlesex¬HA2 0RQ¬51.575260162353516¬-0.35878464579582214¬08E¬NHS Harrow CCG¬02085159300¬gpdirect@nhs.net¬http://www.gpdirect.co.uk¬
11800¬E84059¬GP¬UNKNOWN¬Visible¬True¬True¬Allendale Road Surgery¬35 Allendale Road¬¬¬Greenford¬Middlesex¬UB6 0RA¬51.551185607910156¬-0.31981295347213745¬07W¬NHS Ealing CCG¬02089028146¬¬http://www.allendalesurgery.co.uk/¬
11801¬E84061¬GP¬UNKNOWN¬Visible¬True¬True¬Elliott Hall Medical Ctr.¬165/167 Uxbridge Road¬Hatch End¬¬Pinner¬Middlesex¬HA5 4EA¬51.608478546142578¬-0.36251178383827209¬08E¬NHS Harrow CCG¬020 8428 4019¬haroccg.e84061@nhs.net¬http://www.ehmc.co.uk/¬
11803¬E84062¬GP¬UNKNOWN¬Visible¬True¬True¬The Shaftesbury Medical Centre¬39 Shaftesbury Parade¬South Harrow¬¬Harrow¬Middlesex¬HA2 0AH¬51.571704864501953¬-0.35399201512336731¬08E¬NHS Harrow CCG¬02084235500¬shaftesburymedical.centre@nhs.net¬http://www.shaftesburymedicalcentre.co.uk¬020 8423 9294
11804¬E84063¬GP¬UNKNOWN¬Visible¬True¬True¬Lancelot Medical Centre¬19 Lancelot Road¬¬¬Wembley¬Middlesex¬HA0 2AL¬51.552909851074219¬-0.29948341846466064¬07P¬NHS Brent CCG¬0208 9030609¬breccg.e84063@nhs.net¬http://www.lancelotmedicalcentre.co.uk¬0208 900 8494
11806¬E84066¬GP¬UNKNOWN¬Visible¬True¬True¬Hazeldene Medical Centre¬1B Wyld Way¬¬¬Wembley¬Middlesex¬HA9 6PW¬51.547592163085938¬-0.275379478931427¬07P¬NHS Brent CCG¬02089024792¬docman.e84066@nhs.net¬http://online.nhsgp.net¬
11807¬E84067¬GP¬UNKNOWN¬Visible¬True¬True¬Church Lane Surgery¬282 Church Lane¬Kingsbury¬¬London¬Greater London¬NW9 8LU¬51.574932098388672¬-0.26215043663978577¬07P¬NHS Brent CCG¬02082000077¬¬http://www.church-lane-surgery.co.uk/¬020 8200 5999
11808¬E84068¬GP¬UNKNOWN¬Visible¬True¬True¬The Ridgeway Surgery¬71 Imperial Drive¬¬¬Harrow¬Middlesex¬HA2 7DU¬51.581005096435547¬-0.36508703231811523¬08E¬NHS Harrow CCG¬0208 427 2470¬¬http://www.ridgeway-surgery.co.uk/¬
11809¬E84068001¬GP¬UNKNOWN¬Visible¬True¬True¬The Ridgeway Surgery¬275 Alexandra Avenue¬¬¬Harrow¬Middlesex¬HA2 9DX¬51.568374633789063¬-0.36968138813972473¬08E¬NHS Harrow CCG¬0303 334 0629¬¬http://www.ridgeway-surgery.co.uk¬
11810¬E84069¬GP¬UNKNOWN¬Visible¬True¬True¬Dr Wijeratne & Partners¬516 Kenton Lane¬Kenton¬¬Harrow¬Middlesex¬HA3 7LT¬51.601112365722656¬-0.32059887051582336¬08E¬NHS Harrow CCG¬02088636863¬¬http://www.belmonthealthcentre.co.uk/¬020 8424 0542
11811¬E84069001¬GP¬UNKNOWN¬Visible¬True¬True¬Wijeratne Surgery¬252 Long Elmes¬¬¬Harrow¬Middlesex¬HA3 6LT¬51.605964660644531¬-0.35260897874832153¬08E¬NHS Harrow CCG¬02084284249¬¬¬
11812¬E84070¬GP¬UNKNOWN¬Visible¬True¬True¬Pinner View Medical Centre¬33 Pinner View¬¬¬Harrow¬Middlesex¬HA1 4QG¬51.585868835449219¬-0.35023242235183716¬08E¬NHS Harrow CCG¬02084271246¬¬http://www.pinnerviewmedicalcentre.nhs.uk/¬020 8861 1490
11813¬E84074¬GP¬UNKNOWN¬Visible¬True¬True¬FREUCHEN MEDICAL CENTRE ¬190 High Street¬Harlesden¬¬London¬Greater London¬NW10 4ST¬51.534530639648438¬-0.24298445880413055¬07P¬NHS Brent CCG¬02089655174¬¬¬020 8838 0255
11814¬E84075¬GP¬UNKNOWN¬Visible¬True¬True¬Mollison Way Surgery¬45C - 46 South Parade (Off Mollison Way)¬¬¬Edgware¬Middlesex¬HA8 5QL¬51.597637176513672¬-0.27862453460693359¬08E¬NHS Harrow CCG¬02087324387¬¬http://www.mollisonwaygp.co.uk¬
11815¬E84076¬GP¬UNKNOWN¬Visible¬True¬True¬Oxgate Gardens Surgery¬81 Oxgate Gardens¬¬¬London¬Greater London¬NW2 6EA¬51.564479827880859¬-0.22777728736400604¬07P¬NHS Brent CCG¬02084327337¬¬http://www.oxgategardens.co.uk/¬020 82069126
11819¬E84080¬GP¬UNKNOWN¬Visible¬True¬True¬Staverton Surgery¬51 Staverton Road¬¬¬London¬Greater London¬NW2 5HA¬51.544181823730469¬-0.22582592070102692¬07P¬NHS Brent CCG¬02084591359¬¬www.stavertonsurgery.nhs.uk¬020 8451 6897
11820¬E84083¬GP¬UNKNOWN¬Visible¬True¬True¬Lanfranc Medical Centre¬2 Lanfranc Court¬Greenford Road¬¬Harrow¬Middlesex¬HA1 3QE¬51.56158447265625¬-0.33273139595985413¬07P¬NHS Brent CCG¬02084221813¬¬http://www.lanfrancmedicalcentre.co.uk¬
11822¬E84086¬GP¬UNKNOWN¬Visible¬True¬True¬Walm Lane Surgery¬114 Walm Lane¬¬¬London¬Greater London¬NW2 4RT¬51.550346374511719¬-0.21954265236854553¬07P¬NHS Brent CCG¬02084520366¬¬¬020 8450 3816
11824¬E84601¬GP¬UNKNOWN¬Visible¬True¬True¬Dr Geraldine Golden & Dr Michael Abu¬155-175 Kenton Road¬Kenton¬¬Harrow¬Middlesex¬HA3 0YX¬51.582134246826172¬-0.31649225950241089¬08E¬NHS Harrow CCG¬02089076013¬¬¬020 8907 6003
11825¬E84617¬GP¬UNKNOWN¬Visible¬True¬True¬The Civic Medical Centre¬18- 20 Bethecar Road¬¬¬Harrow¬Middlesex¬HA1 1SE¬51.587154388427734¬-0.3374829888343811¬08E¬NHS Harrow CCG¬02084279445¬¬http://www.civicmedicalcentre.com/¬020 8424 0652
11826¬E84620¬GP¬UNKNOWN¬Visible¬True¬True¬PRESTON ROAD SURGERY¬56 Preston Road¬¬¬Wembley¬Middlesex¬HA9 8LB¬51.564910888671875¬-0.292427659034729¬07P¬NHS Brent CCG¬02089046442¬breccg.e84620@nhs.net¬http://www.prestonroadsurgerywembley.co.uk¬
11827¬E84624¬GP¬UNKNOWN¬Visible¬True¬False¬Park Road Surgery¬26 Park Road¬Harlesden¬¬London¬Greater London¬NW10 8TA¬51.540004730224609¬-0.25550675392150879¬07P¬NHS Brent CCG¬02089655255¬breccg.adminparkroadsurgery@nhs.net¬http://www.parkroadsurgery.nhs.uk¬020 8965 9080
11828¬E84626¬GP¬UNKNOWN¬Visible¬True¬True¬The Sunflower Medical Centre¬116 Chaplin Road¬¬¬Wembley¬Middlesex¬HA0 4UZ¬51.549713134765625¬-0.306770920753479¬07P¬NHS Brent CCG¬0208 795 7979¬¬https://www.sunflowermedicalcentre.co.uk/¬020 8795 7977
11829¬E84635¬GP¬UNKNOWN¬Visible¬True¬True¬Dr Madhukar C Patel¬262 Harrow Road¬¬¬Wembley¬Middlesex¬HA9 6QL¬51.550601959228516¬-0.28197261691093445¬07P¬NHS Brent CCG¬02089020055¬¬¬020 8902 0482
11830¬E84637¬GP¬UNKNOWN¬Visible¬True¬True¬Hilltop Medical Practice¬150 Hilltop Avenue¬Harlesden¬¬London¬Greater London¬NW10 8RY¬51.542472839355469¬-0.26358914375305176¬07P¬NHS Brent CCG¬02031887250¬¬www.thehilltopmedicalpractice.co.uk¬0208 963 1349
11831¬E84638¬GP¬UNKNOWN¬Visible¬True¬True¬Alperton Medical Centre¬32,Stanley Avenue¬¬¬Wembley¬Middlesex¬HA0 4JB¬51.542877197265625¬-0.29420432448387146¬07P¬NHS Brent CCG¬02089032379¬breccg.alpertonmedicalcentre@nhs.net¬¬020 8903 3027
11832¬E84645¬GP¬UNKNOWN¬Visible¬True¬True¬Park Royal Medical Practice¬Primary Care Centre, Health & Well-Being Hub¬Central Middlesex Hospital¬Acton Lane¬London¬¬NW10 7NS¬51.530937194824219¬-0.26914629340171814¬07P¬NHS Brent CCG¬02089611183¬breccg.prmp@nhs.net¬http://www.parkroyalmedicalpractice.nhs.uk¬
11833¬E84646¬GP¬UNKNOWN¬Visible¬True¬True¬The Streatfield Medical Centre¬177 Streatfield Road¬Kenton¬¬Harrow¬Middlesex¬HA3 9BL¬51.595344543457031¬-0.30081543326377869¬08E¬NHS Harrow CCG¬02082045561¬¬¬020 8905 0031
11834¬E84647¬GP¬UNKNOWN¬Visible¬True¬True¬Kenton Clinic¬533A Kenton Road¬Kenton¬¬Harrow¬Middlesex¬HA3 0UQ¬51.585968017578125¬-0.29240331053733826¬08E¬NHS Harrow CCG¬02082042255¬¬https://kentonclinicharrow.co.uk¬020 8204 7589
11837¬E84653¬GP¬UNKNOWN¬Visible¬True¬True¬Zain Medical Centre¬Edgware Community Hospital¬Burnt Oak Broadway¬¬Edgware¬Middlesex¬HA8 0AD¬51.606494903564453¬-0.27122777700424194¬08E¬NHS Harrow CCG¬02089523721¬¬¬020 8952 7225
11838¬E84656¬GP¬UNKNOWN¬Visible¬True¬True¬Roundwood Park Medical Centre¬Willesden Centre For Health And Care¬Robson Avenue¬¬London¬Greater London¬NW10 3RY¬51.542835235595703¬-0.23551167547702789¬07P¬NHS Brent CCG¬02084387070¬¬http://www.roundwoodparkmedicalcentre.nhs.uk¬020 8438 7072
11840¬E84658¬GP¬UNKNOWN¬Visible¬True¬True¬Aspri Medical Centre¬1-3 Long Elmes¬¬¬Harrow¬Middlesex¬HA3 5LE¬51.604473114013672¬-0.34298786520957947¬08E¬NHS Harrow CCG¬02084279623¬¬http://www.asprimedicalcentre.co.uk¬020 8424 9136
11843¬E84663¬GP¬UNKNOWN¬Visible¬True¬True¬Kenton Bridge Medical Centre Dr Raja & Dr Ali¬155-175 Kenton Road¬Kenton¬¬Harrow¬Middlesex¬HA3 0YX¬51.582134246826172¬-0.31649225950241089¬08E¬NHS Harrow CCG¬02089076989¬¬http://www.kbmc.org.uk/¬020 8907 6003
11844¬E84665001¬GP¬UNKNOWN¬Visible¬True¬True¬Greenhill Park Medical Centre¬Greenhill Park¬¬¬London¬Greater London¬NW10 9AR¬51.538402557373047¬-0.25352045893669128¬07P¬NHS Brent CCG¬0208 838 3100¬breccg.neasdenmedicalcentre@nhs.net¬https://neasden-greenhillpark.co.uk/¬
11845¬E84665¬GP¬UNKNOWN¬Visible¬True¬True¬Neasden Medical Centre¬21 Tanfield Avenue¬Neasden¬¬London¬Greater London¬NW2 7SA¬51.559669494628906¬-0.24736811220645905¬07P¬NHS Brent CCG¬0208 208 0306¬breccg.neasdenmedicalcentre@nhs.net¬https://neasden-greenhillpark.co.uk/¬
11848¬E84066001¬GP¬UNKNOWN¬Visible¬True¬True¬The Eagle Eye Surgery¬26 Eagle Road¬¬¬Wembley¬Middlesex¬HA0 4SH¬51.545692443847656¬-0.29917559027671814¬07P¬NHS Brent CCG¬02089028223¬docman.e84066@nhs.net¬http://nhsgp.net¬
11849¬Y05080¬GP¬UNKNOWN¬Visible¬True¬True¬First Choice Medical Care¬YELLOW FEVER CENTRE¬275A Kings Road¬¬Harrow¬Middlesex¬HA2 9LG¬51.571243286132813¬-0.37571141123771667¬08E¬NHS Harrow CCG¬02084299966¬¬¬020 8426 1104
11850¬E84674¬GP¬UNKNOWN¬Visible¬True¬True¬CHICHELE ROAD SURGERY¬25 Chichele Road¬Cricklewood¬¬London¬Greater London¬NW2 3AN¬51.554828643798828¬-0.21625183522701263¬07P¬NHS Brent CCG¬02084524666¬¬www.chicheleroadsurgery .co.uk¬020 8450 3680
11851¬E84676¬GP¬UNKNOWN¬Visible¬True¬True¬Headstone Lane Medical Centre¬238 Headstone Lane¬North Harrow¬¬Harrow¬Middlesex¬HA2 6LY¬51.599018096923828¬-0.35675883293151855¬08E¬NHS Harrow CCG¬02084281211¬headstonelanemc@nhs.net¬https://www.headstonelanemedicalcentre.nhs.uk¬
11852¬E84678¬GP¬UNKNOWN¬Visible¬True¬True¬PRESTON MEDICAL CENTRE¬23 Preston Road¬Wembley¬¬Wembley¬Middlesex¬HA9 8JZ¬51.564334869384766¬-0.29256457090377808¬07P¬NHS Brent CCG¬02089043263¬¬¬
11853¬E84680¬GP¬UNKNOWN¬Visible¬True¬True¬Headstone Road Surgery¬107 Headstone Road¬¬¬Harrow¬Middlesex¬HA1 1PG¬51.583766937255859¬-0.34089756011962891¬08E¬NHS Harrow CCG¬02088638923¬¬http://www.headstoneroadsurgery.nhs.uk¬020 8424 9370
11854¬E84681001¬GP¬UNKNOWN¬Visible¬True¬True¬Savita Medical Centre (Spencer Road)¬86 Spencer Road¬Wealdstone¬¬Harrow¬Middlesex¬HA3 7AR¬51.59954833984375¬-0.33516776561737061¬08E¬NHS Harrow CCG¬02088631282¬har-pct.savitamedicalcentre@nhs.net¬http://www.savitamedicalcentre.co.uk/¬020 8424 9375
11855¬E84681¬GP¬UNKNOWN¬Visible¬True¬True¬Savita Medical Centre Dr Muhammad Shahzad¬48 Harrow View¬Harrow¬Middlesex¬Harrow¬Middlesex¬HA1 1RQ¬51.5865478515625¬-0.34281721711158752¬08E¬NHS Harrow CCG¬02084277172¬savitamedicalcentre.noreply@nhs.net¬http://www.savitamedicalcentre.co.uk¬020 8424 9375
11856¬E84684¬GP¬UNKNOWN¬Visible¬True¬True¬The Tudor House Medical Centre¬1 Chalkhill Road¬Wembley Park¬¬Wembley¬Middlesex¬HA9 9DS¬51.564495086669922¬-0.26667475700378418¬07P¬NHS Brent CCG¬02089043673¬¬http://www.tudorhousemedicalcentre.nhs.uk¬020 8904 9638
11857¬E84685¬GP¬UNKNOWN¬Visible¬True¬True¬Sudbury Surgery¬Sudbury Primary Care Centre¬Vale Farm¬Watford Road¬Wembley¬Middlesex¬HA0 3HG¬51.558216094970703¬-0.31639471650123596¬07P¬NHS Brent CCG¬02031147100¬¬http://www.sudburysurgery.co.uk¬020 8904 6241
11858¬E84066002¬GP¬UNKNOWN¬Visible¬True¬True¬Crest Medical Centre¬157 Crest Road¬Neasden¬¬London¬Greater London¬NW2 7NA¬51.56463623046875¬-0.24098746478557587¬07P¬NHS Brent CCG¬02084525155¬docman.e84066@nhs.net¬http://online.nhsgp.net¬
11859¬E84693¬GP¬UNKNOWN¬Visible¬True¬True¬St Peter's Medical Centre¬Colbeck Road¬¬¬Harrow¬Middlesex¬HA1 4BS¬51.576496124267578¬-0.35068726539611816¬08E¬NHS Harrow CCG¬02088644868¬stpetersmedicalcentre.e84693@nhs.net¬http://www.stpetersmedicalcentre.org.uk¬020 8930 6017
11860¬E84696¬GP¬UNKNOWN¬Visible¬True¬True¬Dr Abubakr Shaikh¬Peel Precinct Surgery¬Carlton Hall¬Canterbury Terrace¬London¬Greater London¬NW6 5DX¬51.534420013427734¬-0.19882465898990631¬07P¬NHS Brent CCG¬02073722172¬¬¬020 7328 6529
11861¬E84699¬GP¬UNKNOWN¬Visible¬True¬True¬Kings Edge Medical Centre¬Kings Edge Medical Centre¬132 Stag Lane¬Kingsbury¬London¬Greater London¬NW9 0QP¬51.594982147216797¬-0.26877731084823608¬07P¬NHS Brent CCG¬02082040151¬breccg.kingsedge@nhs.net¬http://www.kingsedgemedicalcentre.uk/¬020 8732 2545
11862¬E84701¬GP¬UNKNOWN¬Visible¬True¬True¬Pearl Medical Practice¬Gp Unit, Ground.Floor¬Wembley Centre For Health¬And Care¬Wembley¬Middlesex¬HA0 4UZ¬51.549713134765625¬-0.306770920753479¬07P¬NHS Brent CCG¬02087956180¬¬http://www.pearlmedicalpractice.nhs.uk¬020 8795 6190
11863¬E84702¬GP¬UNKNOWN¬Visible¬True¬True¬Willesden Green Surgery¬59 Anson Road¬¬¬London¬Greater London¬NW2 3UY¬51.55377197265625¬-0.21607671678066254¬07P¬NHS Brent CCG¬02082084141¬¬https://www.willesdengreensurgery.nhs.uk/¬020 8208 3536
11864¬E84704¬GP¬UNKNOWN¬Visible¬True¬True¬St.Georges Medical Centre¬Park Hill House¬9 Dollis Hill Lane¬¬London¬Greater London¬NW2 6JH¬51.558731079101563¬-0.24610573053359985¬07P¬NHS Brent CCG¬02084504040¬stgeorges.medicalcentre@nhs.net¬https://stgeorgesmcbrent.co.uk¬020 8450 7334
11865¬E84066003¬GP¬UNKNOWN¬Visible¬True¬True¬Chamberlayne Road Surgery¬124 Chamberlayne Road¬Kensal Rise¬¬London¬¬NW10 3JP¬51.535312652587891¬-0.22034555673599243¬07P¬NHS Brent CCG¬02082066590¬docman.e84066@nhs.net¬http://online.nhsgp.net¬
11868¬E84709¬GP¬UNKNOWN¬Visible¬True¬True¬Wembley Park Drive Medical Centre¬21 Wembley Park Drive¬¬¬Wembley¬Middlesex¬HA9 8HD¬51.560470581054688¬-0.2900981605052948¬07P¬NHS Brent CCG¬02089036033¬¬https://www.wembleyparkdrive.co.uk¬020 8795 2987
11869¬E84713¬GP¬UNKNOWN¬Visible¬True¬True¬The Enterprise Practice¬Belmont Health Centre¬516 Kenton Lane¬¬Harrow¬Middlesex¬HA3 7LT¬51.601112365722656¬-0.32059887051582336¬08E¬NHS Harrow CCG¬02033260686¬¬http://www.enterprisepractice.co.uk¬020 8863 3303
11870¬E85001¬GP¬UNKNOWN¬Visible¬True¬True¬Thornbury Road Centre For Health¬Thornbury Road¬¬¬Isleworth¬Middlesex¬TW7 4HQ¬51.474433898925781¬-0.34542885422706604¬07Y¬NHS Hounslow CCG¬02086301036¬houccg.thornburyroad@nhs.net¬https://www.thornburymedicalpractice.co.uk/¬020 8630 1044
11871¬E85003¬GP¬UNKNOWN¬Visible¬True¬True¬North End Medical Centre¬160 North End Road¬West Kensington¬¬London¬Greater London¬W14 9PR¬51.487800598144531¬-0.20406165719032288¬08C¬NHS Hammersmith And Fulham CCG¬02073857777¬¬https://www.northendmedicalcentre.nhs.uk¬020 7386 9612
11872¬E85004¬GP¬UNKNOWN¬Visible¬True¬True¬Albany Practice¬Boston Manor Road¬Brentford Health Centre¬¬Brentford¬Middlesex¬TW8 8DS¬51.486759185791016¬-0.31004014611244202¬07Y¬NHS Hounslow CCG¬02086303838¬houccg.albany@nhs.net¬http://www.albanypractice.co.uk/¬0208 630 3814
11873¬E85005¬GP¬UNKNOWN¬Visible¬True¬True¬The Westway Surgery¬13 The Westway¬Shepherd's Bush¬¬London¬Greater London¬W12 0PT¬51.514205932617188¬-0.24761468172073364¬08C¬NHS Hammersmith And Fulham CCG¬02087433704¬¬http://www.thewestwaysurgery.org.uk¬020 8742 9500
11874¬E85006¬GP¬UNKNOWN¬Visible¬True¬True¬Waterside Medical Centre¬Tyler Road¬¬¬Southall¬Middlesex¬UB2 4XQ¬51.502162933349609¬-0.36399096250534058¬07W¬NHS Ealing CCG¬02085744454¬waterside.mc@nhs.net¬https://www.watersidemedical.co.uk/¬
11875¬E85007¬GP¬UNKNOWN¬Visible¬True¬True¬St Margaret's Medical Practice¬237 St Margarets Road¬¬¬Twickenham¬Middlesex¬TW1 1NE¬51.459403991699219¬-0.32304158806800842¬07Y¬NHS Hounslow CCG¬02088921986¬¬www.stmargaretsmedical.com¬020 88916466
11876¬E85008¬GP¬UNKNOWN¬Visible¬True¬True¬North Fulham Surgery¬North Fulham Surgery¬82 Lillie Road¬¬London¬Greater London¬SW6 1TN¬51.486415863037109¬-0.19923338294029236¬08C¬NHS Hammersmith And Fulham CCG¬02074712650¬¬¬020 7610 0635
11878¬E85012¬GP¬UNKNOWN¬Visible¬True¬True¬Ks Medical Centre Limited¬33 Dormers Wells Lane¬¬¬Southall¬Middlesex¬UB1 3HY¬51.513740539550781¬-0.36428242921829224¬07W¬NHS Ealing CCG¬02085743986¬¬¬020 8893 6188
11879¬E85013¬GP¬UNKNOWN¬Visible¬True¬True¬Westseven GP¬Hanwell Health Centre¬Westseven GP¬20 Church Road¬London¬Greater London¬W7 1DR¬51.510261535644531¬-0.33436062932014465¬07W¬NHS Ealing CCG¬02085797337¬¬http://www.westsevengp.nhs.uk¬020 8579 8351
11880¬E85014¬GP¬UNKNOWN¬Visible¬True¬True¬Northfields Surgery¬61 Northfield Avenue¬Ealing¬¬London¬Greater London¬W13 9QP¬51.505054473876953¬-0.31897437572479248¬07W¬NHS Ealing CCG¬02085671612¬admin.northfieldssurgery@nhs.net¬http://www.northfieldssurgery.nhs.uk¬020 8579 2593
11881¬E85015¬GP¬UNKNOWN¬Visible¬True¬True¬Hounslow Medical Centre¬2Nd Reception¬134 Bath Road¬¬Hounslow¬Middlesex¬TW3 3ET¬51.469394683837891¬-0.37682557106018066¬07Y¬NHS Hounslow CCG¬02086301011¬hmc@nhs.net¬http://www.hounslowmedicalcentre.co.uk/¬020 86301012
11882¬E85016¬GP¬UNKNOWN¬Visible¬True¬True¬Richford Gate Medical Centre¬Richford Gate Primary Care Centre¬¬¬London¬Greater London¬W6 7HY¬51.500438690185547¬-0.22655995190143585¬08C¬NHS Hammersmith And Fulham CCG¬02033156655¬¬http://www.richfordgate.org.uk¬0203 315 7538
11883¬E85018¬GP¬UNKNOWN¬Visible¬True¬True¬Dr Sood's Practice¬Heston Health Centre¬Cranford Lane¬Heston¬Hounslow¬Middlesex¬TW5 9ER¬51.483966827392578¬-0.38237163424491882¬07Y¬NHS Hounslow CCG¬02086303410¬¬¬
11884¬E85019¬GP¬UNKNOWN¬Visible¬True¬True¬Crown Street Surgery¬2 Lombard Court¬Crown Street¬¬London¬Greater London¬W3 8SA¬51.507392883300781¬-0.2737852931022644¬07W¬NHS Ealing CCG¬02089922010¬crownstreetsurgery@nhs.net¬http://www.crownstreetsurgery.nhs.uk¬020 8896 2791
11885¬E85020¬GP¬UNKNOWN¬Visible¬True¬True¬Brook Green Medical Centre¬Bute Gardens¬¬¬London¬Greater London¬W6 7EG¬51.495162963867188¬-0.22093014419078827¬08C¬NHS Hammersmith And Fulham CCG¬02074713333¬¬http://www.brookgreenmc.co.uk¬020 7471 3311
11886¬E85021¬GP¬UNKNOWN¬Visible¬True¬True¬Yeading Medical Centre¬18 Hughenden Gardens¬¬¬Northolt¬Middlesex¬UB5 6LD¬51.533634185791016¬-0.39700499176979065¬07W¬NHS Ealing CCG¬02088453434¬ymc.patient@nhs.net¬http://www.yeadingmedicalcentre.nhs.uk¬020 8841 6402
11887¬E85023¬GP¬UNKNOWN¬Visible¬True¬True¬Chepstow Gardens Medical Centre¬Chepstow Gardens Medical Centr¬150 Lady Margaret Road¬¬Southall¬Middlesex¬UB1 2RL¬51.517623901367188¬-0.37512609362602234¬07W¬NHS Ealing CCG¬02085742812¬¬http://www.drmikhailladymargaretroad.co.uk¬020 8571 5074
11888¬E85024¬GP¬UNKNOWN¬Visible¬True¬True¬Carlton Surgery¬112 Hounslow Road¬¬¬Feltham¬Middlesex¬TW14 0AX¬51.453338623046875¬-0.40458297729492188¬07Y¬NHS Hounslow CCG¬02088903930¬¬¬02088440760
11889¬E85025¬GP¬UNKNOWN¬Visible¬True¬True¬Cassidy Medical Centre¬Cassidy Medical Centre¬651A Fulham Road¬¬London¬Greater London¬SW6 5PX¬51.479152679443359¬-0.19900092482566833¬08C¬NHS Hammersmith And Fulham CCG¬02073844850¬¬https://www.westlondonpractice.co.uk/¬020 7371 7857
11890¬E85026¬GP¬UNKNOWN¬Visible¬True¬True¬Gordon House Surgery¬Mattock Lane Health Centre¬78 Mattock Lane¬¬London¬Greater London¬W13 9NZ¬51.509944915771484¬-0.31520605087280273¬07W¬NHS Ealing CCG¬02087995699¬¬www.gordonhouse.nhs.uk¬020 8840 0533
11891¬E85028¬GP¬UNKNOWN¬Visible¬True¬True¬Hillcrest Surgery¬337 Uxbridge Road¬Acton/Ealing¬¬London¬Greater London¬W3 9RA¬51.508277893066406¬-0.27906912565231323¬07W¬NHS Ealing CCG¬02089930982¬¬http://www.hillcrestsurgery.nhs.uk/welcome,51720.htm¬020 8993 0164
11892¬E85029¬GP¬UNKNOWN¬Visible¬True¬True¬Dr Jefferies And Partners¬The Medical Centre¬292 Munster Road¬Fulham¬London¬Greater London¬SW6 6BQ¬51.481204986572266¬-0.2126162201166153¬08C¬NHS Hammersmith And Fulham CCG¬02073851965¬drjefferiesandpartners@nhs.net¬http://www.drjefferiesandpartners.co.uk/¬020 7610 3765
11893¬E85030¬GP¬UNKNOWN¬Visible¬True¬True¬Chiswick Health Practice¬Fisher Lane¬¬¬London¬Greater London¬W4 1RX¬51.493560791015625¬-0.2598876953125¬07Y¬NHS Hounslow CCG¬02086301600¬¬¬
11894¬E85032¬GP¬UNKNOWN¬Visible¬True¬True¬Ashchurch Surgery¬134 Askew Road¬¬¬London¬Greater London¬W12 9BP¬51.501853942871094¬-0.24232529103755951¬08C¬NHS Hammersmith And Fulham CCG¬02087353550¬¬https://ashchurchmedicalcentre.nhs.uk/¬020 8743 1545
11895¬E85033¬GP¬UNKNOWN¬Visible¬True¬True¬Hammersmith Surgery¬1 Hammersmith Bridge Road¬¬¬London¬Greater London¬W6 9DU¬51.490966796875¬-0.22705712914466858¬08C¬NHS Hammersmith And Fulham CCG¬02087413944¬¬http://www.thehammersmithsurgery.co.uk¬020 8600 2879
11896¬E85034¬GP¬UNKNOWN¬Visible¬True¬True¬Grosvenor House Surgery¬147 Broadway¬West Ealing¬¬London¬Greater London¬W13 9BE¬51.509391784667969¬-0.32827499508857727¬07W¬NHS Ealing CCG¬02087992525¬admin.grosvenorhousesurgery@nhs.net¬http://www.grosvenorhousesurgery.nhs.uk¬02087992529
11897¬E85035¬GP¬UNKNOWN¬Visible¬True¬True¬Mount Medical Centre¬7 Market Parade¬Hampton Road West¬¬Feltham¬Middlesex¬TW13 6AJ¬51.440601348876953¬-0.38777479529380798¬07Y¬NHS Hounslow CCG¬02088938699¬mountmedicalcentre@nhs.net¬https://www.mountmedicalcentre.co.uk¬020 8893 8680
11898¬E85038¬GP¬UNKNOWN¬Visible¬True¬True¬Dr B MANGWANA &  E VILATHGAMUWA¬510 Fulham Palace Road¬Fulham¬¬London¬Greater London¬SW6 6JD¬51.476280212402344¬-0.21581836044788361¬08C¬NHS Hammersmith And Fulham CCG¬02077366305¬¬¬020 7384-3153
11901¬E85040¬GP¬UNKNOWN¬Visible¬True¬True¬West4GPs¬Fishers Lane¬¬¬London¬Greater London¬W4 1RX¬51.493560791015625¬-0.2598876953125¬07Y¬NHS Hounslow CCG¬020 8630 3518¬west4gps@nhs.net¬http://www.west4gps.co.uk¬
11902¬E85041¬GP¬UNKNOWN¬Visible¬True¬True¬Hanwell Health Centre - Lees Naish Bassi¬The Hanwell Health Centre¬20 Church Road¬¬London¬Greater London¬W7 1DR¬51.510261535644531¬-0.33436062932014465¬07W¬NHS Ealing CCG¬02085675738¬¬https://www.hanwellhealthcentre.nhs.uk/¬020 8579 7472
11903¬E85042¬GP¬UNKNOWN¬Visible¬True¬True¬The New Surgery¬143A Uxbridge Road¬Shepherds Bush¬¬London¬Greater London¬W12 9RD¬51.506057739257812¬-0.23556385934352875¬08C¬NHS Hammersmith And Fulham CCG¬02087431511¬thenewsurgeryw12@nhs.net¬http://www.thenewsurgery.co.uk¬020 8740 0310
11905¬E85045¬GP¬UNKNOWN¬Visible¬True¬True¬Twickenham Park Surgery¬192 Twickenham Road¬Hanworth¬¬Feltham¬Middlesex¬TW13 6HD¬51.436668395996094¬-0.37528097629547119¬07Y¬NHS Hounslow CCG¬02084817989¬¬http://www.drwinayakcentre.co.uk¬020 8481 7988
11906¬E85046¬GP¬UNKNOWN¬Visible¬True¬True¬Eastmead Avenue Surgery¬20 Eastmead Avenue¬¬¬Greenford¬Middlesex¬UB6 9RB¬51.531444549560547¬-0.36272534728050232¬07W¬NHS Ealing CCG¬02085781244¬¬¬020 8575 5927
11907¬E85048¬GP¬UNKNOWN¬Visible¬True¬True¬Parkview Practice¬Cranston Court¬56 Bloemfontein Road¬¬London¬Greater London¬W12 7FG¬51.510845184326172¬-0.23520596325397491¬08C¬NHS Hammersmith And Fulham CCG¬02037046055¬hafccg.dd@nhs.net¬http://www.parkvieww12.co.uk¬
11908¬E85049¬GP¬UNKNOWN¬Visible¬True¬True¬Belmont Medical Centre¬18-20 Western Road¬¬¬Southall¬Middlesex¬UB2 5DU¬51.500850677490234¬-0.38518863916397095¬07W¬NHS Ealing CCG¬02088935515¬admin.belmontmedical@nhs.net¬http://www.belmontmedicalcentre.nhs.uk/¬
11909¬E85050¬GP¬UNKNOWN¬Visible¬True¬True¬Greenford Road Medical Centre¬591 Greenford Road¬¬¬Greenford¬Middlesex¬UB6 8QH¬51.537696838378906¬-0.34568795561790466¬07W¬NHS Ealing CCG¬02085758347¬¬¬020 8723 2773
11910¬E85051¬GP¬UNKNOWN¬Visible¬True¬True¬Greenford Avenue Fhp¬Greenford Avenue Family Health Practice¬322 Greenford Avenue¬Hanwell¬London¬Greater London¬W7 3AH¬51.521732330322266¬-0.34025576710700989¬07W¬NHS Ealing CCG¬02085781880¬¬https://www.greenfordavenuefhp.co.uk/¬020 8357 6585
11911¬E85052¬GP¬UNKNOWN¬Visible¬True¬True¬Cranford Medical Centre¬24 High Street¬Cranford¬¬Hounslow¬Middlesex¬TW5 9RG¬51.481887817382813¬-0.41241517663002014¬07Y¬NHS Hounslow CCG¬02085648696¬¬¬020 8564 7891
11912¬E85053¬GP¬UNKNOWN¬Visible¬True¬True¬Dr Govindasamy Balachandran¬The Medical Centre¬45 Doncaster Drive¬¬Northolt¬Middlesex¬UB5 4AT¬51.552658081054688¬-0.37504652142524719¬07W¬NHS Ealing CCG¬02088648133¬¬http://doncasterdrivemedicalcentre.nhs.uk¬020 8422 8040
11913¬E85054¬GP¬UNKNOWN¬Visible¬True¬True¬Hillview Surgery¬179 Bilton Road¬Perivale¬¬Greenford¬Middlesex¬UB6 7HQ¬51.540534973144531¬-0.31831616163253784¬07W¬NHS Ealing CCG¬02089974661¬¬www.hillviewsurgery.nhs.uk¬020 8810 8015
11914¬E85055¬GP¬UNKNOWN¬Visible¬True¬True¬The Bush Doctors¬16-17 West 12 Shopping Centre¬Shepherds Bush¬¬London¬Greater London¬W12 8PP¬51.503177642822266¬-0.21981120109558105¬08C¬NHS Hammersmith And Fulham CCG¬02087491882¬thebushdoctors@nhs.net¬http://www.thebushdoctors.co.uk¬020 8749 4278
11915¬E85056¬GP¬UNKNOWN¬Visible¬True¬True¬St Davids Practice  ¬Feltham Centre For Health¬3Rd Floor The Centre¬¬Feltham¬Middlesex¬TW13 4GU¬51.446601867675781¬-0.41123595833778381¬07Y¬NHS Hounslow CCG¬02088937448¬st.davidspractice@nhs.net¬https://www.stdavidspractice.co.uk/¬08444778573
11916¬E85057¬GP¬UNKNOWN¬Visible¬True¬True¬Queens Walk Practice¬6 Queens Walk¬Ealing¬¬London¬Greater London¬W5 1TP¬51.524803161621094¬-0.3129710853099823¬07W¬NHS Ealing CCG¬02089973041¬queenswalkpractice@nhs.net¬http://www.queenswalkpractice.nhs.uk¬020 8566 9100
11917¬E85058¬GP¬UNKNOWN¬Visible¬True¬True¬Blue Wing Family Doctor Unit¬92 Bath Road¬Heart Of Hounslow Centre For Health¬¬Hounslow¬Middlesex¬TW3 3EL¬51.468265533447266¬-0.37174022197723389¬07Y¬NHS Hounslow CCG¬02086301300¬bluewingfamilypractice@nhs.net¬http://www.familydoctorunit.co.uk/¬020 8630 1313
11918¬E85059¬GP¬UNKNOWN¬Visible¬True¬True¬Chestnut Practice¬Heart Of Hounslow Centre For Health¬92 Bath Road¬¬Hounslow¬Middlesex¬TW3 3EL¬51.468265533447266¬-0.37174022197723389¬07Y¬NHS Hounslow CCG¬02086301400¬chestnutpractice@nhs.net¬http://www.chestnutpractice.nhs.uk/index.aspx¬02086301409
11919¬E85060¬GP¬UNKNOWN¬Visible¬True¬True¬Kingfisher Practice¬Maswell Park Health Centre¬Hounslow Avenue¬¬Hounslow¬Middlesex¬TW3 2DY¬51.461124420166016¬-0.3596000075340271¬07Y¬NHS Hounslow CCG¬02086303482¬¬http://maswellparkdoctors.co.uk/¬0208 893 4368
11920¬E85061¬GP¬UNKNOWN¬Visible¬True¬True¬Welcome Practice¬Welcome Practice¬70 A Norwood Road¬¬Southall¬Middlesex¬UB2 4EY¬51.498668670654297¬-0.37980535626411438¬07W¬NHS Ealing CCG¬02085741822¬admin.kennedy@nhs.net¬http://www.welcomepractice.nhs.uk/¬020 8571 2175
11921¬E85062¬GP¬UNKNOWN¬Visible¬True¬True¬Firstcare Practice¬Blenheim Centre¬Prince Regent Road¬¬Hounslow¬Middlesex¬TW3 1NL¬51.470855712890625¬-0.36166989803314209¬07Y¬NHS Hounslow CCG¬02086301111¬admin.hiyos@nhs.net¬https://www.hiyos.org¬020 8630 1100
11922¬E85064¬GP¬UNKNOWN¬Visible¬True¬True¬WEST END SURGERY¬Edward Road¬¬¬Northolt¬Middlesex¬UB5 6QN¬51.534275054931641¬-0.39778992533683777¬07W¬NHS Ealing CCG¬02088456363¬¬http://www.westendsurgerynortholt.nhs.uk¬020 8841 8837
11923¬E85066¬GP¬UNKNOWN¬Visible¬True¬True¬The Bedford Park Surgery¬55 South Parade¬Chiswick¬¬London¬Greater London¬W4 5LH¬51.495979309082031¬-0.26228791475296021¬07W¬NHS Ealing CCG¬02089943333¬admin.bedfordpark@nhs.net¬¬
11924¬E85069¬GP¬UNKNOWN¬Visible¬True¬True¬The Oldfield Family Practice¬285 Greenford Road¬¬¬Greenford¬Middlesex¬UB6 8RA¬51.530433654785156¬-0.351054847240448¬07W¬NHS Ealing CCG¬02085781914¬¬¬
11925¬E85071¬GP¬UNKNOWN¬Visible¬True¬True¬Clifford House Medical Practice¬12 Hanworth Road¬¬¬Feltham¬Middlesex¬TW13 5AB¬51.447162628173828¬-0.40610775351524353¬07Y¬NHS Hounslow CCG¬0208 890 2208¬cliffordhouse.medicalcentre@nhs.net¬https://www.cliffordhouse.medicalcentre@nhs.net¬0208 893 1399
11926¬E85074¬GP¬UNKNOWN¬Visible¬True¬True¬Brook Green Surgery¬15 Brook Green¬¬¬London¬Greater London¬W6 7BL¬51.495292663574219¬-0.21813033521175385¬08C¬NHS Hammersmith And Fulham CCG¬02076037563¬¬http://www.brookgreensurgery.nhs.uk¬
11927¬E85075¬GP¬UNKNOWN¬Visible¬True¬True¬Chiswick Family Practice¬89 Southfield Road¬Chiswick¬¬London¬Greater London¬W4 1BB¬51.502456665039063¬-0.26006755232810974¬07W¬NHS Ealing CCG¬020 8995 8948¬admin.chiswick@nhs.net¬https://www.chiswickfamilypractice-ealing.co.uk/¬
11928¬E85077¬GP¬UNKNOWN¬Visible¬True¬True¬Shepherds Bush Medical Centre¬336 Uxbridge Road¬Shepherds Bush¬¬London¬Greater London¬W12 7LS¬51.506614685058594¬-0.23307831585407257¬08C¬NHS Hammersmith And Fulham CCG¬02087435153¬¬https://shepherdsbushmedicalcentre.co.uk/¬
11929¬E85083¬GP¬UNKNOWN¬Visible¬True¬True¬Woodbridge Medical Centre¬Jubilee Gardens¬¬¬Southall¬Middlesex¬UB1 2TJ¬51.521095275878906¬-0.36874678730964661¬07W¬NHS Ealing CCG¬02033137870¬woodbridge.mc@nhs.net¬http://www.woodbridgemedicalcentre.nhs.uk/¬
11930¬E85088¬GP¬UNKNOWN¬Visible¬True¬True¬Elmbank Surgery¬438 Greenford Avenue¬Hanwell¬¬London¬Greater London¬W7 3DD¬51.525550842285156¬-0.34193331003189087¬07W¬NHS Ealing CCG¬02085781430¬¬http://www.elmbanksurgery.nhs.uk/¬020 8575 6625
11931¬E85090001¬GP¬UNKNOWN¬Visible¬True¬True¬Dr Sandhu, PS & Partner¬48 Berkeley Avenue¬¬¬Cranford¬Middlesex¬TW4 6LA¬51.478019714355469¬-0.41162785887718201¬07W¬NHS Ealing CCG¬02088979106¬¬¬020 8759 9440
11932¬E85090¬GP¬UNKNOWN¬Visible¬True¬True¬Hammond Road Surgery¬95 Hammond Road¬¬¬Southall¬Middlesex¬UB2 4EH¬51.499656677246094¬-0.37959748506546021¬07W¬NHS Ealing CCG¬02085745057¬¬https://hammondroadsurgery.nhs.uk¬020 85748459
11933¬E85091¬GP¬UNKNOWN¬Visible¬True¬True¬St Marks Medical Centre¬75 Brunswick Gardens¬Ealing¬¬London¬Greater London¬W5 1AQ¬51.529632568359375¬-0.30248445272445679¬07W¬NHS Ealing CCG¬02088105545¬¬¬020 8997 4880
11935¬E85096001¬GP¬UNKNOWN¬Visible¬True¬True¬Cecil Road Surgery¬Hounslow East¬Middlesex¬¬Hounslow¬Middlesex¬TW3 1NU¬51.471263885498047¬-0.35665908455848694¬07W¬NHS Ealing CCG¬02085722536¬¬http://www.themedicalcentre.org/¬020 8813 8968
11936¬E85096¬GP¬UNKNOWN¬Visible¬True¬True¬Medical Centre¬23 Beaconsfield Road¬¬¬Southall¬Middlesex¬UB1 1BW¬51.507297515869141¬-0.38013336062431335¬07W¬NHS Ealing CCG¬02085745943¬¬http://www.themedicalcentre.org/¬020 8813 8968
11937¬E85098¬GP¬UNKNOWN¬Visible¬True¬True¬Islip Manor Medical Centre¬45 Eastcote Lane¬¬¬Northolt¬Middlesex¬UB5 5RG¬51.547313690185547¬-0.37300136685371399¬07W¬NHS Ealing CCG¬02088454911¬¬http://www.islipmanorsurgery.co.uk/¬020 8845 9543
11938¬E85099¬GP¬UNKNOWN¬Visible¬True¬True¬102 The Avenue Surgery¬102 The Avenue¬West Ealing¬¬London¬Greater London¬W13 8LA¬51.518390655517578¬-0.31901669502258301¬07W¬NHS Ealing CCG¬02089972525¬admin.theavenue@nhs.net¬http://www.102theavenue.co.uk/¬
11939¬E85103¬GP¬UNKNOWN¬Visible¬True¬True¬Lady Margaret Road Medical Centre¬57 Lady Margaret Road¬¬¬Southall¬Middlesex¬UB1 2PH¬51.513225555419922¬-0.37577253580093384¬07W¬NHS Ealing CCG¬02085745186¬¬¬020 8574 3202
11940¬E85105¬GP¬UNKNOWN¬Visible¬True¬True¬Allenby Clinic¬¬Grand Union Village Health Centre¬Taywood Road¬NORTHOLT¬Middlesex¬UB5 6WL¬51.531513214111328¬-0.37624633312225342¬07W¬NHS Ealing CCG¬0203 313 7630¬admin.guv@nhs.net¬https://www.northoltandallenbypractice.co.uk/¬
11941¬E85107¬GP¬UNKNOWN¬Visible¬True¬True¬The Mill Hill Surgery¬111 Avenue Road¬¬¬London¬Greater London¬W3 8QH¬51.505168914794922¬-0.27443116903305054¬07W¬NHS Ealing CCG¬02089929955¬admin.millhillsurgery@nhs.net¬http://www.millhillsurgery.co.uk¬020 8896 0941
11942¬E85108¬GP¬UNKNOWN¬Visible¬True¬True¬Dr Surakshan Claude Seimon¬3 Mandeville Road¬¬¬Northolt¬Middlesex¬UB5 5HB¬51.544849395751953¬-0.37225285172462463¬07W¬NHS Ealing CCG¬02088453275¬¬¬020 8845 1804
11943¬E85109¬GP¬UNKNOWN¬Visible¬True¬True¬The Acton Health Centre¬35-61 Church Road¬Acton¬¬London¬Greater London¬W3 8QE¬51.506214141845703¬-0.27018415927886963¬07W¬NHS Ealing CCG¬02089926768¬¬¬020 8896 2908
11945¬E85111¬GP¬UNKNOWN¬Visible¬True¬True¬Perivale Medical Clinic¬2 Conway Crescent¬¬¬Greenford¬Greater London¬UB6 8HU¬51.535057067871094¬-0.3331962525844574¬07W¬NHS Ealing CCG¬02089972457¬¬https://www.perivalemedicalcentre.nhs.uk/¬
11946¬E85112¬GP¬UNKNOWN¬Visible¬True¬True¬Elm Trees Surgery¬2A Horsenden Lane North¬¬¬Greenford¬Middlesex¬UB6 0PA¬51.550788879394531¬-0.3359532356262207¬07W¬NHS Ealing CCG¬020 8869 7910¬¬https://www.elmtreessurgery.nhs.uk¬
11947¬E85113¬GP¬UNKNOWN¬Visible¬True¬True¬Redwood Surgery¬Maswell Park Health Centre¬Hounslow Avenue¬¬Hounslow¬Middlesex¬TW3 2DY¬51.461124420166016¬-0.3596000075340271¬07Y¬NHS Hounslow CCG¬02086303488¬¬http://www.redwoodpractice.co.uk¬020 8893 4368
11948¬E85114¬GP¬UNKNOWN¬Visible¬True¬True¬Crosslands Surgery¬1 Crosslands Avenue¬¬¬Southall¬Middlesex¬UB2 5QY¬51.491313934326172¬-0.37325271964073181¬07Y¬NHS Hounslow CCG¬02085741906¬crosslandssurgery@nhs.net¬http://www.crosslandssurgery.co.uk¬
11949¬E85115¬GP¬UNKNOWN¬Visible¬True¬True¬Pentelow Practice¬26 Pentelow Gardens¬¬¬Feltham¬Middlesex¬TW14 9EF¬51.456623077392578¬-0.41655924916267395¬07Y¬NHS Hounslow CCG¬02088902029¬pentelowpractice@nhs.net¬http://www.pentelowpractice.org¬020 8893 2623
11950¬E85116¬GP¬UNKNOWN¬Visible¬True¬True¬The Cuckoo Lane Practice¬1st Floor, 20 Church Road¬Hanwell¬¬London¬Greater London¬W7 1DR¬51.510261535644531¬-0.33436062932014465¬07W¬NHS Ealing CCG¬020 8567 4315¬admin.cuckoolane@nhs.net¬http://www.cuckoolanesurgery.co.uk/¬
11952¬E85118¬GP¬UNKNOWN¬Visible¬True¬True¬The Fulham Medical Centre¬446 Fulham Road¬¬¬London¬Greater London¬SW6 1BG¬51.480735778808594¬-0.19310592114925385¬08C¬NHS Hammersmith And Fulham CCG¬02073856001¬¬http://www.fulhammedicalcentre.co.uk¬0207 3853755
11953¬E85119001¬GP¬UNKNOWN¬Visible¬True¬True¬THE MWH Practice - Hounslow¬1 Vincent Road¬¬¬Hounslow¬Middlesex¬TW4 7LH¬51.471790313720703¬-0.39469555020332336¬07W¬NHS Ealing CCG¬02030067425¬mwh.practice@nhs.net¬http://www.mwhpractice.co.uk/¬0208 538 1467
11954¬E85119¬GP¬UNKNOWN¬Visible¬True¬True¬The Mwh Practice¬71-73¬The Broadway¬¬Southall¬Middlesex¬UB1 1LA¬51.511249542236328¬-0.37958979606628418¬07W¬NHS Ealing CCG¬02085747746¬mwh.practice@nhs.net¬http://www.mwhpractice.co.uk/¬020 8574 4795
11955¬E85120¬GP¬UNKNOWN¬Visible¬True¬True¬The Argyle Surgery¬128 Argyle Road¬Ealing¬¬London¬Greater London¬W13 8ER¬51.520336151123047¬-0.32257726788520813¬07W¬NHS Ealing CCG¬020 8090 1153¬argyle.surgery@nhs.net¬http://www.argylesurgery.com¬020 8601 2503
11956¬E85121¬GP¬UNKNOWN¬Visible¬True¬True¬Guru Nanak Medical Centre¬1-3 Woodlands Road¬¬¬Southall¬Middlesex¬UB1 1EE¬51.510402679443359¬-0.38794922828674316¬07W¬NHS Ealing CCG¬02085741246¬admin.gurunanak@nhs.net¬http://www.drgsinghandpartners.nhs.uk¬020 8571 9199
11957¬E85122002¬GP¬UNKNOWN¬Visible¬True¬True¬Bramley Road Surgery¬2 Bramley Road¬¬¬London¬Greater London¬W5 4SS¬51.49981689453125¬-0.3111853301525116¬07W¬NHS Ealing CCG¬02085790165¬¬http://florenceandbramleyroadsurgeries.nhs.uk¬
11958¬E85122¬GP¬UNKNOWN¬Visible¬True¬True¬The Florence Road Surgery¬26 Florence Road¬¬¬London¬Greater London¬W5 3TX¬51.512718200683594¬-0.29860252141952515¬07W¬NHS Ealing CCG¬02085672111¬¬http://www.florenceandbramleyroadsurgeries.nhs.uk¬020 8840 5768
11959¬E85123¬GP¬UNKNOWN¬Visible¬True¬True¬The Corfton Road Surgery¬10 Corfton Road¬¬¬London¬Greater London¬W5 2HS¬51.519744873046875¬-0.29757675528526306¬07W¬NHS Ealing CCG¬02089974215¬¬www.corftonroadsurgery.co.uk¬0208 991 9574
11960¬E85124¬GP¬UNKNOWN¬Visible¬True¬True¬GP at hand¬139 Lillie Road¬Fulham¬¬London¬Greater London¬SW6 7SX¬51.484771728515625¬-0.2034749835729599¬08C¬NHS Hammersmith And Fulham CCG¬0330 808 2217¬gpathand@nhs.net¬https://www.gpathand.nhs.uk/¬
11961¬E85125¬GP¬UNKNOWN¬Visible¬True¬True¬Sterndale Surgery¬74A Sterndale Road¬Hammersmith¬¬London¬Greater London¬W14 0HX¬51.498325347900391¬-0.22142645716667175¬08C¬NHS Hammersmith And Fulham CCG¬02076023797¬¬www.sterndalesurgery.co.uk¬020 7371 3347
11962¬E85126¬GP¬UNKNOWN¬Visible¬True¬True¬The Green Practice¬Hounslow Health Centre¬92 Bath Road¬¬Hounslow¬Middlesex¬TW3 3LN¬51.468265533447266¬-0.37174022197723389¬07Y¬NHS Hounslow CCG¬02086301350¬¬http://www.thegreenpractice.org¬020 8630 1369
11963¬E85127¬GP¬UNKNOWN¬Visible¬True¬True¬The Barnabas Medical Centre¬Girton Road¬¬¬Northolt¬Middlesex¬UB5 4SR¬51.551055908203125¬-0.3537566065788269¬07W¬NHS Ealing CCG¬02088644437¬admin.barnabas@nhs.net¬http://www.barnabasmedicalcentre.co.uk¬020 8423 6929
11964¬E85128¬GP¬UNKNOWN¬Visible¬True¬True¬Sands End Health Clinic¬Bridge House Centre For Health¬1 Broughton Road Approach¬Fulham¬London¬Greater London¬SW6 2FE¬51.473129272460938¬-0.1913762241601944¬08C¬NHS Hammersmith And Fulham CCG¬02030115745¬¬http://www.sandsendhealthclinic.nhs.uk/¬020 3011 5746
11965¬E85129¬GP¬UNKNOWN¬Visible¬True¬True¬The Mansell Road Practice¬71-73 Mansell Road¬¬¬Greenford¬Middlesex¬UB6 9EN¬51.525653839111328¬-0.35895431041717529¬07W¬NHS Ealing CCG¬02085750083¬¬¬020 8813 1280
11966¬E85130¬GP¬UNKNOWN¬Visible¬True¬True¬Chiswick Family Practice- Dr Bhatt and Dr Szyszko¬89 Southfield Road¬Chiswick¬¬London¬Greater London¬W4 1BB¬51.502456665039063¬-0.26006755232810974¬07W¬NHS Ealing CCG¬02089956707¬¬https://www.cfpdrsbhattandszyszko.nhs.uk¬020 8995 0750
11967¬E85600¬GP¬UNKNOWN¬Visible¬True¬True¬Willow Practice¬Maswell Park Health Centre¬Hounslow Avenue¬¬Hounslow¬Middlesex¬TW3 2DY¬51.461124420166016¬-0.3596000075340271¬07Y¬NHS Hounslow CCG¬02086303476¬¬http://www.maswellparkdoctors.co.uk¬020 8893 4368
11968¬E85605¬GP¬UNKNOWN¬Visible¬True¬True¬BRENTFORD GROUP PRACTICE¬Brentford Health Centre¬Boston Manor Road¬¬Brentford¬Middlesex¬TW8 8DS¬51.486759185791016¬-0.31004014611244202¬07Y¬NHS Hounslow CCG¬02086303844¬¬http://www.brentfordgrouppractice.co.uk¬020 8630 3874
11969¬E85617¬GP¬UNKNOWN¬Visible¬True¬True¬Acton Town Medical Centre¬122 Gunnersbury Lane¬Acton¬¬London¬Greater London¬W3 9BA¬51.502460479736328¬-0.28215557336807251¬07W¬NHS Ealing CCG¬02089931314¬¬https://www.actontownmedicalcentre.nhs.uk/¬
11970¬E85623¬GP¬UNKNOWN¬Visible¬True¬True¬Somerset Medical Centre¬¬¬GUV Health Centre Taywood Road¬Northolt¬Middlesex¬UB5 6WL¬51.531513214111328¬-0.37624633312225342¬07W¬NHS Ealing CCG¬02033137555¬ealccg.somersetmedicalcentre@nhs.net¬http://www.somersetmedicalcentre.nhs.uk/¬
11971¬E85624¬GP¬UNKNOWN¬Visible¬True¬True¬Dr Uppal & Partner¬Parkview Centre For Health & Wellbeing¬Cranston Court, 56 Bloemfontein Road¬¬Shepherds Bush¬Greater London¬W12 7FG¬51.510845184326172¬-0.23520596325397491¬08C¬NHS Hammersmith And Fulham CCG¬02037046040¬hafccg.druppalwhitecity@nhs.net¬https://druppalparkview.co.uk/¬
11972¬E85624001¬GP¬UNKNOWN¬Visible¬True¬True¬The Medical Centre¬2 - 4 West End Road¬¬¬Southall¬Middlesex¬UB1 1JH¬51.511219024658203¬-0.38462027907371521¬08C¬NHS Hammersmith And Fulham CCG¬02088432000¬hafccg.druppalsouthall@nhs.net¬¬0208 893 5639
11973¬E85625¬GP¬UNKNOWN¬Visible¬True¬True¬Chiswick Family Doctors Practice¬Chiswick Health Centre¬Fishers Lane¬¬London¬Greater London¬W4 1RX¬51.493560791015625¬-0.2598876953125¬07Y¬NHS Hounslow CCG¬02086303551¬¬http://www.chiswickfamilydoctorspractice.com/¬020 8630 3556
11974¬E85628¬GP¬UNKNOWN¬Visible¬True¬True¬Elthorne Park Surgery¬106 Elthorne Park Road¬Hanwell¬¬London¬Greater London¬W7 2JJ¬51.503746032714844¬-0.32628446817398071¬07W¬NHS Ealing CCG¬02085670447¬¬¬020 8579 0984
11975¬E85630¬GP¬UNKNOWN¬Visible¬True¬True¬Western Avenue Surgery¬56 Western Avenue¬Acton¬¬London¬Greater London¬W3 7TY¬51.514328002929688¬-0.25278395414352417¬07W¬NHS Ealing CCG¬02087434133¬¬http://www.westernavenuesurgery.nhs.uk¬020 8743 3574
11976¬E85633¬GP¬UNKNOWN¬Visible¬True¬True¬The Southall Medical Centre¬223 Lady Margaret Road¬¬¬Southall¬Middlesex¬UB1 2PT¬51.518959045410156¬-0.37552535533905029¬07W¬NHS Ealing CCG¬02085744381¬¬http://www.southallmedicalcentre.co.uk/¬020 8571 4890
11977¬E85633001¬GP¬UNKNOWN¬Visible¬True¬True¬Norwood Road Branch, The Southall Medical Centre¬70 Norwood Road¬¬¬Southall¬Middlesex¬UB2 4EY¬51.498668670654297¬-0.37980535626411438¬07W¬NHS Ealing CCG¬02085712182¬¬http://www.southallmedicalcentre.co.uk/¬020 8571 4890
11978¬E85635¬GP¬UNKNOWN¬Visible¬True¬True¬The Vale Surgery¬97 The Vale¬Acton¬¬London¬Greater London¬W3 7RG¬51.506572723388672¬-0.25205314159393311¬07W¬NHS Ealing CCG¬02087434086¬thevalesurgery.drreddy@nhs.net¬https://www.thevalesurgery.nhs.uk¬020 8746 0346
11979¬E85636¬GP¬UNKNOWN¬Visible¬True¬True¬Park Medical Centre¬Inver Court¬Invermead Close¬¬London¬Greater London¬W6 0QG¬51.496967315673828¬-0.2429165244102478¬08C¬NHS Hammersmith And Fulham CCG¬02087417471¬parkmedicalcentrew6@nhs.net¬www.parkmedicalcentre.com¬020 8834 7312
11980¬E85640¬GP¬UNKNOWN¬Visible¬True¬True¬Churchfield Surgery¬64 Churchfield Road¬¬¬London¬Greater London¬W3 6DL¬51.508769989013672¬-0.26660007238388062¬07W¬NHS Ealing CCG¬02089923854¬¬https://www.churchfieldsurgery.nhs.uk/¬020 8896 2380
11981¬E85643¬GP¬UNKNOWN¬Visible¬True¬True¬Meadow View¬141 Mandeville Road¬¬¬Northolt¬Middlesex¬UB5 4LZ¬51.550861358642578¬-0.3610042929649353¬07W¬NHS Ealing CCG¬02084223181¬¬¬020 8621-3437
11982¬E85649¬GP¬UNKNOWN¬Visible¬True¬True¬Dr A Minhas & Mr S Awan¬Fulham Cross Medical Centre¬322 Lillie Road¬Fulham¬London¬Greater London¬SW6 7PP¬51.482772827148438¬-0.2140527218580246¬08C¬NHS Hammersmith And Fulham CCG¬020 7385 1964¬fulhamcrossmedicalcentre@nhs.net¬https://fulhamcrossmc.co.uk¬020 7386 1071
11983¬E85656¬GP¬UNKNOWN¬Visible¬True¬True¬Sunrise Medical Centre¬9 Abbotts Road¬¬¬Southall¬Middlesex¬UB1 1HS¬51.510871887207031¬-0.38224035501480103¬07W¬NHS Ealing CCG¬02088439584¬¬http://www.sunrisemedicalcentre.nhs.uk¬020 8571 9934
11984¬E85657¬GP¬UNKNOWN¬Visible¬True¬True¬Ealing Park Health Centre¬195A South Ealing Road¬¬¬London¬Greater London¬W5 4RH¬51.497421264648438¬-0.30535268783569336¬07W¬NHS Ealing CCG¬02087580570¬admin.ephc@nhs.net¬http://www.ealingparkhealthcentre.nhs.uk/¬020 8560 5182
11985¬E85658¬GP¬UNKNOWN¬Visible¬True¬True¬Holly Road Medical Centre¬2A Holly Road¬Chiswick¬¬London¬Greater London¬W4 1NU¬51.492786407470703¬-0.26036378741264343¬07Y¬NHS Hounslow CCG¬02086301717¬¬http://www.hollyroadmedicalcentre.nhs.uk¬020 8630 1718
11986¬E85659¬GP¬UNKNOWN¬Visible¬True¬True¬Parkview Medical Centre Dr Kukar¬Cranston Court¬56, Bloemfontein Road¬¬London¬Greater London¬W12 7FG¬51.510845184326172¬-0.23520596325397491¬08C¬NHS Hammersmith And Fulham CCG¬02087494141¬¬https://parkviewdrkukar.nhs.uk/¬020 3704 6131
11987¬E85663¬GP¬UNKNOWN¬Visible¬True¬True¬The Saluja Clinic¬36A Northcote Avenue¬36a northcote avenue¬¬southall¬Middlesex¬UB1 2AY¬51.512741088867188¬-0.38041585683822632¬07W¬NHS Ealing CCG¬020 8574 5136¬salujaclinic@nhs.net¬https://salujaclinic.co.uk¬
11988¬E85672¬GP¬UNKNOWN¬Visible¬True¬True¬Salisbury Surgery¬178 Dawes Road¬¬¬Fulham¬Greater London¬SW6 7HS¬51.481189727783203¬-0.2085699737071991¬08C¬NHS Hammersmith And Fulham CCG¬02073819195¬¬¬020 7385 6289
11990¬E85677¬GP¬UNKNOWN¬Visible¬True¬True¬The Horn Lane Surgery¬156 Horn Lane¬Acton¬¬London¬Greater London¬W3 6PH¬51.514663696289063¬-0.26863908767700195¬07W¬NHS Ealing CCG¬02089924722¬admin.hornlanesurgery@nhs.net¬¬0208 992 2650
11991¬E85680¬GP¬UNKNOWN¬Visible¬True¬True¬Cloister Road Surgery¬41-43 Cloister Road¬Acton¬¬London¬Greater London¬W3 0DF¬51.521350860595703¬-0.26557457447052002¬07W¬NHS Ealing CCG¬0208 992 4331¬cloisterroad.surgery@nhs.net¬http://www.cloisterroadsurgery.co.uk¬
11992¬E85681¬GP¬UNKNOWN¬Visible¬True¬True¬The Jersey Practice Limited¬Heston Health Centre¬Cranford Lane¬Heston¬Hounslow¬Middlesex¬TW5 9ER¬51.483966827392578¬-0.38237163424491882¬07Y¬NHS Hounslow CCG¬02034111404¬¬¬020 8630 3440
11993¬E85681001¬GP¬UNKNOWN¬Visible¬True¬True¬The Jersey Practice¬5 William Close¬¬¬Southall¬Middlesex¬UB2 4UP¬51.506881713867188¬-0.35457110404968262¬07Y¬NHS Hounslow CCG¬02088936300¬¬http://www.thejerseypractice.com/¬020 8893-6329
11994¬E85682¬GP¬UNKNOWN¬Visible¬True¬True¬Dormers Wells Medical Centre¬143 Burns Avenue¬¬¬Southall¬Middlesex¬UB1 2LU¬51.514999389648438¬-0.36534720659255981¬07W¬NHS Ealing CCG¬02085710078¬¬¬020 8574 4952
11995¬E85683¬GP¬UNKNOWN¬Visible¬True¬True¬Glebe Street Surgery¬1 Glebe Street¬Chiswick¬¬London¬Greater London¬W4 2BD¬51.491386413574219¬-0.25684469938278198¬07Y¬NHS Hounslow CCG¬02087474800¬glebestreetsurgery@nhs.net¬http://glebestreetsurgery.co.uk/¬02089954388
11996¬E85685¬GP¬UNKNOWN¬Visible¬True¬True¬The Lilyville Surgery¬Lilyville @ Parsons Green¬5-7 Parsons Green¬¬London¬Greater London¬SW6 4UL¬51.473770141601563¬-0.1991409957408905¬08C¬NHS Hammersmith And Fulham CCG¬02077364344¬¬https://lilyvilleatparsonsgreen.co.uk/¬
11998¬E85687¬GP¬UNKNOWN¬Visible¬True¬True¬Acton Lane Medical Centre¬253 Acton Lane¬Chiswick¬¬London¬Greater London¬W4 5DG¬51.501811981201172¬-0.26549533009529114¬07W¬NHS Ealing CCG¬02089955706¬admin.actonlane@nhs.net¬https://www.actonlanemedicalcentre.nhs.uk¬020 8995 0032
12000¬E85692¬GP¬UNKNOWN¬Visible¬True¬True¬Wellesley Road Practice¬7 Wellesley Road¬Chiswick¬¬London¬Greater London¬W4 4BJ¬51.490924835205078¬-0.27138224244117737¬07Y¬NHS Hounslow CCG¬02086301666¬¬http://www.wellesleyroadsurgery.co.uk/¬020 8630 1663
12001¬E85693¬GP¬UNKNOWN¬Visible¬True¬True¬Grove Park Surgery¬95 Burlington Lane¬Chiswick¬¬London¬Greater London¬W4 3ET¬51.481586456298828¬-0.26496651768684387¬07Y¬NHS Hounslow CCG¬02087471549¬groveparksurgery@nhs.net¬www.groveparksurgery.com¬020 8995 9529
12002¬E85694¬GP¬UNKNOWN¬Visible¬True¬True¬The Boileau Road Surgery¬104 Boileau Road¬Ealing¬¬London¬Greater London¬W5 3AJ¬51.519424438476562¬-0.28682157397270203¬07W¬NHS Ealing CCG¬02089976604¬¬http://www.boileauroadsurgery.nhs.uk/¬020 8998 0452
12003¬E85696¬GP¬UNKNOWN¬Visible¬True¬True¬Clifford Road Surgery¬65 Clifford Road¬¬¬Hounslow¬Middlesex¬TW4 7LR¬51.470623016357422¬-0.39467898011207581¬07Y¬NHS Hounslow CCG¬0208 577 5304¬¬https://www.drsinghsurgery.com¬
12004¬E85697¬GP¬UNKNOWN¬Visible¬True¬True¬Bedfont Surgery¬Bedfont Practice¬Imperial Road¬¬Bedfont¬Middlesex¬TW14 8AG¬51.451686859130859¬-0.42930877208709717¬07Y¬NHS Hounslow CCG¬02088902245¬bedfontpractice@nhs.net¬https://www.hmcbedfont.co.uk¬020 8893 1977
12005¬E85699¬GP¬UNKNOWN¬Visible¬True¬True¬Grove Village Medical Centre¬4 Cleeve court¬Kilross road¬Bedfont¬Feltham¬Middlesex¬TW14 8SN¬51.449161529541016¬-0.43093523383140564¬07Y¬NHS Hounslow CCG¬02087516281¬grovevillagepractice@nhs.net¬http://www.grove-village-medical-centre.co.uk/¬02087510054
12008¬E85707¬GP¬UNKNOWN¬Visible¬True¬True¬SKYWAYS MEDICAL CENTRE¬2 Shelley Crescent¬Heston¬¬Hounslow¬Middlesex¬TW5 9BJ¬51.4774169921875¬-0.39308685064315796¬07Y¬NHS Hounslow CCG¬02085695688¬¬http://www.skywaysmedical.co.uk¬0208 577 9952
12009¬E85708¬GP¬UNKNOWN¬Visible¬True¬True¬Dr Gill's Surgery¬32 Harlington Road East¬¬¬Feltham¬Middlesex¬TW14 0AB¬51.451480865478516¬-0.4049067497253418¬07Y¬NHS Hounslow CCG¬02086301880¬¬http://www.gillmedicalpractice.co.uk/¬020 86301890
12010¬E85712¬GP¬UNKNOWN¬Visible¬True¬True¬GOODCARE PRACTICE¬Grand Union Village Health Center¬Taywood Road (Off Brick Lane)¬¬Northolt¬Middlesex¬UB5 6WL¬51.531513214111328¬-0.37624633312225342¬07W¬NHS Ealing CCG¬02033137600¬goodcare.practice@nhs.net¬http://www.goodcarepracticenortholt.nhs.uk¬0203 313 7612
12011¬E85713¬GP¬UNKNOWN¬Visible¬True¬True¬Hounslow Family Practice¬77 Lampton Road¬¬¬Hounslow¬Middlesex¬TW3 4JX¬51.471775054931641¬-0.36680614948272705¬07Y¬NHS Hounslow CCG¬020 8572 1497¬garcha.cl@nhs.net¬https://hounslowfamilypractice.nhs.uk/¬020 8577 7322
12012¬E85714¬GP¬UNKNOWN¬Visible¬True¬True¬The Pitshanger Lane Surgery¬209 Pitshanger Lane¬Ealing¬¬London¬Greater London¬W5 1RQ¬51.52685546875¬-0.30916741490364075¬07W¬NHS Ealing CCG¬02089974747¬admin.pitshanger@nhs.net¬http://www.pitshangerfamilypracitce.nhs.uk¬020 8566 7422
12013¬E85715¬GP¬UNKNOWN¬Visible¬True¬True¬Broadmead Surgery¬Grand Union Village¬¬¬Northolt¬Middlesex¬UB5 6WL¬51.531513214111328¬-0.37624633312225342¬07W¬NHS Ealing CCG¬02033137570¬¬www.broadmeadsurgery.co.uk¬020 3313 7585
12014¬E85716¬GP¬UNKNOWN¬Visible¬True¬True¬Bath Road Surgery¬Hounslow Medical Centre¬134 Bath Road¬¬Hounslow¬Middlesex¬TW3 3ET¬51.469394683837891¬-0.37682557106018066¬07Y¬NHS Hounslow CCG¬02085779035¬¬http://www.bathroadsurgery.co.uk¬020 8577 9200
12015¬E85718¬GP¬UNKNOWN¬Visible¬True¬True¬HATTON MEDICAL PRACTICE¬186 Hatton Road¬Bedfont¬¬Feltham¬Middlesex¬TW14 9PY¬51.458526611328125¬-0.43280124664306641¬07Y¬NHS Hounslow CCG¬02088908311¬ccg.hattonmedical@nhs.net¬http://www.hattonmedicalpractice.com¬
12016¬E85719¬GP¬UNKNOWN¬Visible¬True¬True¬Ashville Surgery¬Swan House¬Parsons Green Lane¬¬London¬Greater London¬SW6 4HS¬51.47625732421875¬-0.20113113522529602¬08C¬NHS Hammersmith And Fulham CCG¬02073717171¬¬https://ashvillesurgery.co.uk/¬020 7371 0101
12017¬E85721¬GP¬UNKNOWN¬Visible¬True¬True¬Dr Suganthamala Radhakrishnan¬21 St George's Avenue¬¬¬Southall¬Middlesex¬UB1 1PZ¬51.51251220703125¬-0.37808936834335327¬07W¬NHS Ealing CCG¬02088138122¬¬¬020 8574 1916
12018¬E85723¬GP¬UNKNOWN¬Visible¬True¬True¬Northolt Family Practice¬GUV Health Centre¬¬¬Northolt¬Middlesex¬UB5 6WL¬51.531574249267578¬-0.37636253237724304¬07W¬NHS Ealing CCG¬02085758620¬¬https://www.northoltandallenbypractice.co.uk/¬
12020¬E85725¬GP¬UNKNOWN¬Visible¬True¬True¬The Grove Medical Practice¬81 Danemead Grove¬¬¬Northolt¬Middlesex¬UB5 4NY¬51.555339813232422¬-0.36238673329353333¬07W¬NHS Ealing CCG¬02084238423¬¬http://www.thegrovemedicalpractice.nhs.uk¬020 8423 5578
12021¬E85726¬GP¬UNKNOWN¬Visible¬True¬True¬Dr Htun Nay Lin, Mattock Lane Health Centre¬Mattock Lane Health Centre¬78 Mattock Lane¬Ealing¬London¬Greater London¬W13 9NZ¬51.509944915771484¬-0.31520605087280273¬07W¬NHS Ealing CCG¬02085671121¬admin.e85726@nhs.net¬¬020 8566 4384
12027¬E85734¬GP¬UNKNOWN¬Visible¬True¬True¬Queens Park Medical Practice¬Feltham Centre For Health¬3Rd Floor The Centre¬¬Feltham¬Middlesex¬TW13 4GU¬51.446369171142578¬-0.41107138991355896¬07Y¬NHS Hounslow CCG¬02086301505¬¬http://www.queensparkmedical.co.uk¬020 86301508
12028¬E85735¬GP¬UNKNOWN¬Visible¬True¬True¬Brentford Family Practice¬Brentford Health Centre¬Boston Manor Road¬¬Brentford¬Middlesex¬TW8 8DS¬51.486759185791016¬-0.3100496232509613¬07Y¬NHS Hounslow CCG¬02086303822¬brentfordfamilypractice@nhs.net¬http://www.brentfordfamilypractice.com/¬020 8630 3808
12029¬E85736¬GP¬UNKNOWN¬Visible¬True¬True¬Little Park Surgery¬281 Hounslow Road¬Hanworth¬¬Feltham¬Middlesex¬TW13 5JG¬51.442596435546875¬-0.3877045214176178¬07Y¬NHS Hounslow CCG¬02088946588¬¬http://www.littleparksurgery.co.uk/¬020 8894 6668
12030¬E85739¬GP¬UNKNOWN¬Visible¬True¬True¬Heston Practice¬Heston Health Centre¬Cranford Lane¬Hounslow¬Heston¬Middlesex¬TW5 9ER¬51.483966827392578¬-0.38237163424491882¬07Y¬NHS Hounslow CCG¬02086303414¬hestonpractice@nhs.net¬http://www.hmchealthheston.co.uk¬020 8630 3111
12031¬E85740¬GP¬UNKNOWN¬Visible¬True¬True¬Lynwood Surgery ¬9 Lynwood Road¬Ealing¬¬London¬Greater London¬W5 1JQ¬51.528594970703125¬-0.29962536692619324¬07W¬NHS Ealing CCG¬02089977522¬¬https://systmonline.tpp-uk.com¬020 8997 9429
12032¬E85743¬GP¬UNKNOWN¬Visible¬True¬True¬St.Georges Medical Ctr.¬St Georges Medical Centre¬276 Lady Margaret Road¬¬Southall¬Middlesex¬UB1 2RX¬51.521598815917969¬-0.37453776597976685¬07W¬NHS Ealing CCG¬02085782421¬¬http://www.stgeorgesmedicalcentre.co.uk¬020 8747 7979
12033¬E85744¬GP¬UNKNOWN¬Visible¬True¬True¬Argyle Health Isleworth¬The Isleworth Centre¬146 Twickenham Road¬¬Isleworth¬Middlesex¬TW7 7DJ¬51.467811584472656¬-0.3287370502948761¬07Y¬NHS Hounslow CCG¬02086303604¬isleworth.practice@nhs.net¬https://isleworthpractice.co.uk/¬
12034¬E85745¬GP¬UNKNOWN¬Visible¬True¬True¬Jubilee Gardens Medical Centre¬Jubilee Gardens¬¬¬Southall¬Middlesex¬UB1 2TJ¬51.521095275878906¬-0.36874678730964661¬07W¬NHS Ealing CCG¬02033137806¬¬https://www.jubileegardensmedicalcentre.co.uk¬02033137860
12035¬E85746¬GP¬UNKNOWN¬Visible¬True¬True¬Grove Park Terrace Surgery¬25 Grove Park Terrace¬Chiswick¬¬London¬Greater London¬W4 3JL¬51.484668731689453¬-0.27331838011741638¬07Y¬NHS Hounslow CCG¬02086301680¬¬www.groveparkterracesurgery.co.uk¬020 8630 1691
12036¬E85748¬GP¬UNKNOWN¬Visible¬True¬True¬The Medical Centre - Dr Kukar¬13 Ollgar Close¬Uxbridge Road¬¬London¬Greater London¬W12 0NF¬51.507125854492188¬-0.24385152757167816¬08C¬NHS Hammersmith And Fulham CCG¬02087407407¬¬https://medicalcentredrkukar.nhs.uk/¬02087430220
12037¬E85750¬GP¬UNKNOWN¬Visible¬True¬True¬Spring Grove Medical Practice¬Thornbury Road¬¬¬Isleworth¬Middlesex¬TW7 4HQ¬51.474433898925781¬-0.34542885422706604¬07Y¬NHS Hounslow CCG¬02086301058¬¬¬020 8630 1040
12039¬E86001¬GP¬UNKNOWN¬Visible¬True¬True¬The Steven Shackman Practice¬Rickmansworth Road¬¬¬Northwood¬Middlesex¬HA6 2RG¬51.616195678710937¬-0.44398817420005798¬08G¬NHS Hillingdon CCG¬01923828488¬¬¬01923 828489
12040¬E86003¬GP¬UNKNOWN¬Visible¬True¬True¬Kingsway Surgery¬Wood End Park Centre¬Judge Heath Lane¬¬Hayes¬Middlesex¬UB3 2PB¬51.518581390380859¬-0.43751788139343262¬08G¬NHS Hillingdon CCG¬02087564388¬hillccg.kingswaysurgery@nhs.net¬¬0208 573 9555
12041¬E86004¬GP¬UNKNOWN¬Visible¬True¬True¬Dr Sahota's Practice (The Medical Centre)¬6 The Green¬¬¬West Drayton¬Middlesex¬UB7 7PJ¬51.504421234130859¬-0.47605371475219727¬08G¬NHS Hillingdon CCG¬01895442026¬¬¬01895 430753
12042¬E86005¬GP¬UNKNOWN¬Visible¬True¬True¬Dr S Johal & Partner¬32 Parkway¬Hillingdon¬¬Uxbridge¬Middlesex¬UB10 9JX¬51.546054840087891¬-0.45129978656768799¬08G¬NHS Hillingdon CCG¬01895237411¬¬¬01895 812875
12043¬E86006¬GP¬UNKNOWN¬Visible¬True¬True¬The Devonshire Lodge Practice¬2A Abbotsbury Gardens¬Eastcote, Pinner¬¬Pinner¬Middlesex¬HA5 1TG¬51.579265594482422¬-0.397391676902771¬08G¬NHS Hillingdon CCG¬02088660075¬¬http://www.devonshirelodge.co.uk/¬020 8429 3087
12044¬E86007¬GP¬UNKNOWN¬Visible¬True¬True¬Harefield Practice¬Harefield Health Centre¬Rickmansworth Road¬Harefield¬Uxbridge¬Middlesex¬UB9 6JY¬51.605331420898437¬-0.48177269101142883¬08G¬NHS Hillingdon CCG¬01895822944¬¬https://theharefieldpractice.co.uk¬01895 823755
12045¬E86009¬GP¬UNKNOWN¬Visible¬True¬True¬The Belmont Medical Centre¬53-57 Belmont Road¬¬¬Uxbridge¬Middlesex¬UB8 1SD¬51.548263549804688¬-0.47802186012268066¬08G¬NHS Hillingdon CCG¬01895233211¬¬www.thebelmontmedicalcentre.co.uk¬01895 812099
12046¬E86010¬GP¬UNKNOWN¬Visible¬True¬True¬Yiewsley Family Practice¬Yiewsley Health Centre¬20 High Street¬Yiewsley¬West Drayton¬Middlesex¬UB7 7DP¬51.511302947998047¬-0.47280308604240417¬08G¬NHS Hillingdon CCG¬01895  435377¬¬http://yiewsleyhealthcentre.nhs.uk/¬
12047¬E86011¬GP¬UNKNOWN¬Visible¬True¬True¬Oxford Drive Medical Centre¬1 Oxford Drive¬Eastcote¬¬Ruislip¬Middlesex¬HA4 9EY¬51.567741394042969¬-0.39299213886260986¬08G¬NHS Hillingdon CCG¬02088663430¬¬¬020 88683317
12048¬E86012¬GP¬UNKNOWN¬Visible¬True¬True¬Wood Lane Medical Centre¬2A Wood Lane¬¬¬Ruislip¬Middlesex¬HA4 6ER¬51.571216583251953¬-0.42514932155609131¬08G¬NHS Hillingdon CCG¬01895632677¬wlmc.patientenquiries@nhs.net¬http://www.woodlanesurgery.nhs.uk/¬01895 623236
12049¬E86014¬GP¬UNKNOWN¬Visible¬True¬True¬Cedars Medical Centre¬118 Elliot Avenue¬¬¬Ruislip¬Middlesex¬HA4 9LZ¬51.570575714111328¬-0.40501317381858826¬08G¬NHS Hillingdon CCG¬02084299595¬¬¬020 84299596
12050¬E86015¬GP¬UNKNOWN¬Visible¬True¬True¬Dr Rackham & Partners¬George Street¬¬¬Uxbridge¬Middlesex¬UB8 1UB¬51.546230316162109¬-0.47572454810142517¬08G¬NHS Hillingdon CCG¬01895231925¬¬http://www.centraluxbridgesurgery.co.uk¬01895 813190
12051¬E86016¬GP¬UNKNOWN¬Visible¬True¬True¬THE PINE MEDICAL CENTRE¬Fredora Avenue¬¬¬Hayes¬Middlesex¬UB4 8RB¬51.527591705322266¬-0.41682314872741699¬08G¬NHS Hillingdon CCG¬02084328569¬¬http://www.thepinemedicalcentre.nhs.uk¬0208 573 2082
12052¬E86017¬GP¬UNKNOWN¬Visible¬True¬True¬Hayes Medical Centre¬157 Old Station Road¬¬¬Hayes¬Middlesex¬UB3 4NA¬51.501056671142578¬-0.42282876372337341¬08G¬NHS Hillingdon CCG¬02085732037¬hillccg.hmcpatients@nhs.net¬http://www.hayesmedicalcentre.co.uk/¬020 88137552
12053¬E86018¬GP¬UNKNOWN¬Visible¬True¬True¬Townfield Doctors Surgery¬34 College Way¬Off Coldharbour Lane¬¬Hayes¬Middlesex¬UB3 3DZ¬51.515842437744141¬-0.41120609641075134¬08G¬NHS Hillingdon CCG¬020 8573 5856¬hillccg.townfieldsurgery@nhs.net¬http://www.townfielddoctorssurgery.co.uk/index.aspx¬020 8756 4461
12054¬E86019¬GP¬UNKNOWN¬Visible¬True¬True¬The Warren Practice¬The Warren Medical Centre¬1 The Warren¬Uxbridge Road¬Hayes¬Middlesex¬UB4 0SF¬51.519683837890625¬-0.40859332680702209¬08G¬NHS Hillingdon CCG¬02085732476¬¬¬020 85613461
12055¬E86020¬GP¬UNKNOWN¬Visible¬True¬True¬Yeading Court Surgery¬1-2 Yeading Court¬Masefield Lane¬¬Hayes¬Middlesex¬UB4 9AJ¬51.528301239013672¬-0.40007564425468445¬08G¬NHS Hillingdon CCG¬02088451515¬hillccg.yeadingct@nhs.net¬¬020 88411171
12056¬E86022¬GP¬UNKNOWN¬Visible¬True¬True¬The Abbotsbury Practice¬2A Abbotsbury Gardens¬Abbotsbury Gardens¬Eastcote¬Pinner¬Middlesex¬HA5 1TG¬51.579265594482422¬-0.397391676902771¬08G¬NHS Hillingdon CCG¬02088660121¬¬http://www.abbotsburypractice.nhs.uk/¬
12057¬E86024001¬GP¬UNKNOWN¬Visible¬True¬True¬Dr Mashru & Partners¬93 Swakeleys Road¬¬¬Ickenham¬Middlesex¬UB10 8DQ¬51.5654296875¬-0.44761177897453308¬08G¬NHS Hillingdon CCG¬01895632114¬¬¬01895 639987
12058¬E86024¬GP¬UNKNOWN¬Visible¬True¬True¬Dr Mahendra Mashru¬19 King Edwards Road¬¬¬Ruislip¬Middlesex¬HA4 7AE¬51.574607849121094¬-0.42804813385009766¬08G¬NHS Hillingdon CCG¬01895632021¬¬¬01895 623828
12059¬E86026¬GP¬UNKNOWN¬Visible¬True¬True¬The Parkview Surgery¬60 West Drayton Road¬Hillingdon¬¬Uxbridge¬Middlesex¬UB8 3LA¬51.5260009765625¬-0.44026044011116028¬08G¬NHS Hillingdon CCG¬02085737674¬¬¬020 8573 7498
12060¬E86027¬GP¬UNKNOWN¬Visible¬True¬True¬Otterfield Medical Centre¬25 Otterfield Road¬Yiewsley¬¬West Drayton¬Middlesex¬UB7 8PE¬51.514659881591797¬-0.47020673751831055¬08G¬NHS Hillingdon CCG¬01895452540¬¬¬01895 430992
12061¬E86028¬GP¬UNKNOWN¬Visible¬True¬True¬Eastbury Surgery¬3 Eastbury Road¬¬¬Northwood¬Middlesex¬HA6 3BG¬51.611629486083984¬-0.42389565706253052¬08G¬NHS Hillingdon CCG¬01923845945¬¬http://www.eastburysurgery.nhs.uk¬01923 840534
12062¬E86029¬GP¬UNKNOWN¬Visible¬True¬True¬The Cedar Brook Practice¬11 Kingshill Close¬¬¬Hayes¬Middlesex¬UB4 8DD¬51.534091949462891¬-0.4141177237033844¬08G¬NHS Hillingdon CCG¬02088457100¬¬www.thecedarbrookpractice.co.uk¬020 88424401
12063¬E86030¬GP¬UNKNOWN¬Visible¬True¬True¬Brunel Medical Centre¬Brunel University¬Kingston Lane¬¬Uxbridge¬Middlesex¬UB8 3PH¬51.532840728759766¬-0.47284135222434998¬08G¬NHS Hillingdon CCG¬01895266904¬¬https://www.brunelmedicalcentre.nhs.uk¬
12064¬E86033001¬GP¬UNKNOWN¬Visible¬True¬True¬St. Martin's Medical Centre (Branch Surgery)¬108 Aylsham Drive¬¬¬Ickenham¬Middlesex¬UB10 8UD¬51.567035675048828¬-0.4359276294708252¬08G¬NHS Hillingdon CCG¬01895637800¬¬¬01895 621793
12065¬E86033¬GP¬UNKNOWN¬Visible¬True¬True¬St Martins Medical Centre (Main Surgery)¬21 Eastcote Road¬¬¬Ruislip¬Middlesex¬HA4 8BE¬51.577648162841797¬-0.42455184459686279¬08G¬NHS Hillingdon CCG¬01895632410¬¬¬01895 675058
12066¬E86034¬GP¬UNKNOWN¬Visible¬True¬True¬Church Road Surgery¬4A Church Road¬Cowley¬¬Uxbridge¬Middlesex¬UB8 3NA¬51.527397155761719¬-0.4748254120349884¬08G¬NHS Hillingdon CCG¬01895233736¬admin@churchroadsurgery.london¬http://www.churchroadsurgery.london/¬01895 256881
12067¬E86036¬GP¬UNKNOWN¬Visible¬True¬True¬Hillingdon Health Centre¬4 Freezeland Way¬Hillingdon¬¬Uxbridge¬Middlesex¬UB10 9QF¬51.551872253417969¬-0.4481731653213501¬08G¬NHS Hillingdon CCG¬01895234440¬¬http://www.hillingdonhealthcentre.co.uk¬01895 252471
12068¬E86038¬GP¬UNKNOWN¬Visible¬True¬True¬Glendale Medical Centre¬155 High Street¬Harlington¬¬Hayes¬Middlesex¬UB3 5DA¬51.490348815917969¬-0.43452000617980957¬08G¬NHS Hillingdon CCG¬02088970724¬¬¬020 87541539
12069¬E86041¬GP¬UNKNOWN¬Visible¬True¬True¬Acre Surgery¬Northwood Health Centre¬Neal Close, Acre Way¬¬Northwood¬Middlesex¬HA6 1TQ¬51.604465484619141¬-0.41153714060783386¬08G¬NHS Hillingdon CCG¬01923820844¬¬¬01923 820648
12070¬E86042¬GP¬UNKNOWN¬Visible¬True¬True¬High Street Practice¬20 High Street¬Yiewlsey¬¬West Drayton¬Middlesex¬UB7 7DP¬51.51190185546875¬-0.47243195772171021¬08G¬NHS Hillingdon CCG¬01895422292¬hillccg.highstreetpractice@nhs.net¬http://www.highstreetpractice.com/¬01895 422134
12071¬E86605¬GP¬UNKNOWN¬Visible¬True¬True¬Ladygate Lane Medical Practice¬22 Ladygate Lane¬¬¬Ruislip¬Middlesex¬HA4 7QU¬51.580513000488281¬-0.4364464282989502¬08G¬NHS Hillingdon CCG¬01895632741¬¬https://www.ladygatelanesurgery.co.uk¬01895 635670
12072¬E86609¬GP¬UNKNOWN¬Visible¬True¬True¬North Hyde Road Surgery¬167 North Hyde Road¬¬¬Hayes¬Middlesex¬UB3 4NS¬51.497848510742187¬-0.41376236081123352¬08G¬NHS Hillingdon CCG¬0208 573 8560¬¬https://www.northhydepractice.nhs.uk/¬0208 569 0551
12073¬E86610¬GP¬UNKNOWN¬Visible¬True¬True¬The Willow Tree Surgery¬2 Jollys Lane¬¬¬Hayes¬Middlesex¬UB4 9BG¬51.525089263916016¬-0.38682520389556885¬08G¬NHS Hillingdon CCG¬02088421024¬willowtree.surgery@nhs.net¬https://www.willowtreesurgery.co.uk¬020 88418030
12074¬E86612¬GP¬UNKNOWN¬Visible¬True¬True¬Shakespeare Health Centre¬Elers Road clinic¬Elers Road¬¬Hayes¬Middlesex¬UB3 1NY¬51.498420715332031¬-0.43702399730682373¬08G¬NHS Hillingdon CCG¬02037943119¬¬http://www.shakespearehealthcentre.nhs.uk/index.aspx¬020 8848 8003
12075¬E86615¬GP¬UNKNOWN¬Visible¬True¬True¬Acrefield Surgery¬700 Field End Road¬South Ruislip¬¬Ruislip¬Middlesex¬HA4 0QR¬51.562225341796875¬-0.38229411840438843¬08G¬NHS Hillingdon CCG¬02084225900¬¬¬020 84238405
12076¬E86618¬GP¬UNKNOWN¬Visible¬True¬True¬The Carepoint Practice¬Northwood Health Centre¬Neal Close¬Acre Way¬Northwood¬Middlesex¬HA6 1TQ¬51.604465484619141¬-0.41153714060783386¬08G¬NHS Hillingdon CCG¬01923820866¬hillccg.carepoint@nhs.net¬http://www.carepointpractice.nhs.uk¬
12077¬E86619¬GP¬UNKNOWN¬Visible¬True¬True¬Dr Kp Patel's Practice¬1 Wallasey Crescent¬¬¬Uxbridge¬Middlesex¬UB10 8SA¬51.565696716308594¬-0.45159700512886047¬08G¬NHS Hillingdon CCG¬01895674156¬¬http://www.wallaseymedicalcentre.co.uk¬01895 623334
12078¬E86620¬GP¬UNKNOWN¬Visible¬True¬True¬West London Medical Centre¬20 Pield Heath Road¬Hillingdon¬¬Uxbridge¬Middlesex¬UB8 3NG¬51.525730133056641¬-0.45468506217002869¬08G¬NHS Hillingdon CCG¬01895233881¬admin@londongp.org.uk¬www.londongp.org.uk¬01895 812773
12080¬E86625¬GP¬UNKNOWN¬Visible¬True¬True¬Kincora Surgery¬134 Coldharbour Lane¬¬¬Hayes¬Middlesex¬UB3 3HG¬51.511665344238281¬-0.41220167279243469¬08G¬NHS Hillingdon CCG¬02088135346¬¬http://www.kincoradoctorsurgery.com¬020 8573 4627
12081¬E86626¬GP¬UNKNOWN¬Visible¬True¬True¬Dr Ji Solomon's Practice¬The Medical Centre¬69 Queens Walk¬¬Ruislip¬Middlesex¬HA4 0NT¬51.562717437744141¬-0.39314043521881104¬08G¬NHS Hillingdon CCG¬02088422991¬¬¬
12082¬E86629¬GP¬UNKNOWN¬Visible¬True¬True¬Dr Muhammad Misbah-Ur-Rehman Siddiqui¬21 Walnut Way¬South Ruislip¬¬Ruislip¬Middlesex¬HA4 6TA¬51.552013397216797¬-0.39940255880355835¬08G¬NHS Hillingdon CCG¬02088454400¬¬http://www.walnutwaysurgery.nhs.uk/¬020 88454403
12083¬E86632¬GP¬UNKNOWN¬Visible¬True¬True¬Dr Ajay Birly¬149 Long Lane¬Hillingdon¬¬Uxbridge¬Middlesex¬UB10 9JN¬51.542327880859375¬-0.45167148113250732¬08G¬NHS Hillingdon CCG¬01895237474¬¬http://www.acornmedicalcentre.nhs.uk/¬01895 232039
12085¬E86637¬GP¬UNKNOWN¬Visible¬True¬True¬Heathrow Medical Centre¬Heathrow Medical Centre¬1 St.Peters Way¬¬Hayes¬Middlesex¬UB3 5AB¬51.491733551025391¬-0.43461063504219055¬08G¬NHS Hillingdon CCG¬02087541555¬heathrow.mc@nhs.net¬http://www.heathrowmedicalcentre.nhs.uk¬02087541626
12086¬E86640¬GP¬UNKNOWN¬Visible¬True¬True¬Southcote Clinic¬Southcote Rise¬¬¬Ruislip¬Middlesex¬HA4 7LJ¬51.576450347900391¬-0.43450772762298584¬08G¬NHS Hillingdon CCG¬01895679800¬¬www.southcoteclinic.co.uk¬01895 625044
12087¬E87002¬GP¬UNKNOWN¬Visible¬True¬True¬Victoria Medical Centre¬29 Upper Tachbrook Street¬¬¬London¬Greater London¬SW1V 1SN¬51.492912292480469¬-0.13896383345127106¬09A¬NHS Central London (Westminster) CCG¬02078342298¬¬www.victoriamedicalcentre.com¬020 7233 5995
12088¬E87002001¬GP¬UNKNOWN¬Visible¬True¬True¬Lees Place Medical Centre¬11 Lees Place¬¬¬London¬Greater London¬W1K 6LN¬51.51214599609375¬-0.15437872707843781¬09A¬NHS Central London (Westminster) CCG¬02070366060¬clccg.vmc@nhs.net¬http://leesplacemedicalcentre.com/¬020 7036 6069
12089¬E87003¬GP¬UNKNOWN¬Visible¬True¬True¬North Kensington Medical Centre¬St Quintin Avenue¬¬¬London¬Greater London¬W10 6NX¬51.519199371337891¬-0.2203107625246048¬08Y¬NHS West London (K&C & Qpp) CCG¬02089695151¬¬https://www.northkensingtonmedicalcentre.nhs.uk¬020 8960 6040
12090¬E87004¬GP¬UNKNOWN¬Visible¬True¬True¬The Redcliffe Surgery¬10 Redcliffe Street¬¬¬London¬Greater London¬SW10 9DT¬51.486255645751953¬-0.18882602453231812¬08Y¬NHS West London (K&C & Qpp) CCG¬02074602222¬redcliffesurgery@nhs.net¬http://www.theredcliffesurgery.co.uk¬020 7460 0116
12091¬E87005¬GP¬UNKNOWN¬Visible¬True¬True¬The Belgravia Surgery¬26 Eccleston Street¬¬¬London¬Greater London¬SW1W 9PY¬51.495002746582031¬-0.14854516088962555¬09A¬NHS Central London (Westminster) CCG¬02075908000¬clccg.belgraviasurgery@nhs.net¬http://www.belgravia-surgery-sw1.nhs.uk/¬020 7590 8010
12092¬E87006¬GP¬UNKNOWN¬Visible¬True¬True¬Little Venice Medical Centre¬2 Crompton Street¬¬¬London¬¬W2 1ND¬51.523765563964844¬-0.17674289643764496¬09A¬NHS Central London (Westminster) CCG¬020 3326 9301¬littlevenice.westminster@nhs.net¬http://www.littlevenicemedicalcentre.co.uk¬020 7723 8580
12093¬E87007¬GP¬UNKNOWN¬Visible¬True¬True¬Westbourne Grove Medical Centre¬241 Westbourne Grove¬¬¬London¬Greater London¬W11 2SE¬51.514209747314453¬-0.20037135481834412¬08Y¬NHS West London (K&C & Qpp) CCG¬02072295800¬¬http://www.westbournegrovemedicalcentre.co.uk¬020 7243 2058
12094¬E87008¬GP¬UNKNOWN¬Visible¬True¬True¬Dr Creme & Partners¬4 Princess Louise Close¬¬¬London¬Greater London¬W2 1LQ¬51.520938873291016¬-0.17323768138885498¬09A¬NHS Central London (Westminster) CCG¬02078871600¬paddingtongreendoctor@nhs.net¬http://www.paddingtongreenhc.nhs.uk¬
12095¬E87009¬GP¬UNKNOWN¬Visible¬True¬True¬Dr Jedth Phornnarit¬Pickering House¬Hallfield Estate¬Bishop's Bridge Road¬London¬¬W2 6HF¬51.515392303466797¬-0.18547976016998291¬08Y¬NHS West London (K&C & Qpp) CCG¬02076162900¬wlccg.garway@nhs.net¬http://www.garwaymedical.nhs.uk¬020 7616 2901
12096¬E87010¬GP¬UNKNOWN¬Visible¬True¬True¬Maida Vale Medical Centre¬40 Biddulph Mansions¬Elgin Avenue¬¬London¬Greater London¬W9 1HT¬51.528419494628906¬-0.18878231942653656¬09A¬NHS Central London (Westminster) CCG¬02072866464¬¬http://www.mvmc.co.uk¬020 7266 1017
12097¬E87011¬GP¬UNKNOWN¬Visible¬True¬True¬Lisson Grove Health Centre¬Gateforth Street¬¬¬London¬Greater London¬NW8 8EG¬51.524734497070313¬-0.1693088561296463¬09A¬NHS Central London (Westminster) CCG¬02033701940¬¬http://www.lissongrovehealthcentre.co.uk¬0207 569 5309
12099¬E87013¬GP¬UNKNOWN¬Visible¬True¬True¬Stanhope Mews Surgery¬7 Stanhope Mews West¬¬¬London¬Greater London¬SW7 5RB¬51.494476318359375¬-0.18191666901111603¬08Y¬NHS West London (K&C & Qpp) CCG¬02078350400¬stanhope.mews@nhs.net¬http://www.stanhopemewswest.co.uk¬020 7835 0979
12102¬E87016¬GP¬UNKNOWN¬Visible¬True¬True¬Holland Park Surgery¬Lower Ground Floor¬Kensington Central Library¬12 Phillimore Walk¬London¬Greater London¬W8 7RX¬51.501411437988281¬-0.19442068040370941¬08Y¬NHS West London (K&C & Qpp) CCG¬02072214334¬¬http://www.hollandparksurgery.org.uk¬020 7792 8517
12104¬E87021¬GP¬UNKNOWN¬Visible¬True¬True¬Shirland Road Medical Centre¬321 Shirland Road¬¬¬London¬Greater London¬W9 3JJ¬51.529201507568359¬-0.2038891464471817¬08Y¬NHS West London (K&C & Qpp) CCG¬02089692626¬¬http://www.shirlandroadmedicalcentre.nhs.uk¬020 8964 0353
12105¬E87024¬GP¬UNKNOWN¬Visible¬True¬True¬The Golborne Medical Centre¬12-14 Golborne Road¬¬¬London¬Greater London¬W10 5PG¬51.523948669433594¬-0.20674826204776764¬08Y¬NHS West London (K&C & Qpp) CCG¬02089692058¬¬http://www.golbornemedical-drramasamy.co.uk¬020 8964 4156
12106¬E87026¬GP¬UNKNOWN¬Visible¬True¬True¬Meanwhile Garden Medical Centre¬Unit 5, 1/31 Elkstone Road¬¬¬London¬Greater London¬W10 5NT¬51.522228240966797¬-0.2031112015247345¬08Y¬NHS West London (K&C & Qpp) CCG¬02089605620¬¬¬020 8964 1964
12107¬E87029¬GP¬UNKNOWN¬Visible¬True¬True¬The Portland Road Practice¬16 Portland Road¬¬¬London¬Greater London¬W11 4LA¬51.507366180419922¬-0.20800454914569855¬08Y¬NHS West London (K&C & Qpp) CCG¬02077277711¬portlandroad.surgery2@nhs.net¬www.portlandroadsurgery.nhs.uk/¬020 7221 6755
12108¬E87034¬GP¬UNKNOWN¬Visible¬True¬True¬Pimlico Health At The Marven Surgery¬46-50 Lupus Street¬¬¬London¬Greater London¬SW1V 3EB¬51.488449096679688¬-0.13776269555091858¬09A¬NHS Central London (Westminster) CCG¬020 7834 6969¬pimlico.marven@nhs.net¬http://www.pimlicohealth.co.uk/¬020 7834 0417
12109¬E87037¬GP¬UNKNOWN¬Visible¬True¬True¬The Connaught Square Practice¬41 Connaught Square¬¬¬London¬Greater London¬W2 2HL¬51.513820648193359¬-0.16368433833122253¬09A¬NHS Central London (Westminster) CCG¬02074024026¬¬http://connaughtsquarepractice.co.uk¬020 7402 3342
12110¬E87038¬GP¬UNKNOWN¬Visible¬True¬True¬Dr Philip Mackney¬40 Elgin Avenue¬¬¬London¬Greater London¬W9 3QT¬51.524818420410156¬-0.19845391809940338¬08Y¬NHS West London (K&C & Qpp) CCG¬02072860747¬¬http://www.elginclinic.nhs.uk¬020 7286 9773
12112¬E87043¬GP¬UNKNOWN¬Visible¬True¬True¬Dr King Stott And Pankhurst¬1St Floor¬49 Emperors Gate¬¬London¬Greater London¬SW7 4HJ¬51.496303558349609¬-0.18630988895893097¬08Y¬NHS West London (K&C & Qpp) CCG¬02072445670¬emperorsgate@nhs.net¬http://www.emperorsgate.org¬020 7244 5680
12113¬E87045¬GP¬UNKNOWN¬Visible¬True¬True¬Covent Garden Medical Centre¬47 Shorts Gardens¬¬¬London¬Greater London¬WC2H 9AA¬51.515155792236328¬-0.12478656321763992¬09A¬NHS Central London (Westminster) CCG¬020 7379 7209¬¬https://coventgardenmedicalcentre.nhs.uk/¬020 7379 7224
12114¬E87046¬GP¬UNKNOWN¬Visible¬True¬True¬The Randolph Surgery¬235A Elgin Avenue¬¬¬London¬¬W9 1NH¬51.529819488525391¬-0.18683810532093048¬09A¬NHS Central London (Westminster) CCG¬02070527560¬randolph.surgeryw9@nhs.net¬¬
12115¬E87047¬GP¬UNKNOWN¬Visible¬True¬True¬Earls Court Medical Centre¬248 Earls Court Road¬¬¬London¬Greater London¬SW5 9AD¬51.491764068603516¬-0.1926843672990799¬08Y¬NHS West London (K&C & Qpp) CCG¬02078351455¬¬http://www.earlscourtmedicalcentre.co.uk/¬020 7370 7497
12116¬E87048¬GP¬UNKNOWN¬Visible¬True¬True¬Chelsea Medical Services¬45 Rosary Gardens¬¬¬London¬Greater London¬SW7 4NQ¬51.492099761962891¬-0.18303392827510834¬08Y¬NHS West London (K&C & Qpp) CCG¬02073736557¬¬https://www.chelseamedicalservices.co.uk¬020 7373 6426
12117¬E87050¬GP¬UNKNOWN¬Visible¬True¬True¬The Practice Beacon¬111-117 Lancaster Road¬Ladbroke Grove¬¬London¬Greater London¬W11 1QT¬51.516208648681641¬-0.21123187243938446¬08Y¬NHS West London (K&C & Qpp) CCG¬02079859900¬¬http://www.thepracticebeacon.nhs.uk/¬020 7034 0339
12118¬E87052¬GP¬UNKNOWN¬Visible¬True¬True¬Crompton Medical Centre¬1 Crompton Street¬¬¬London¬Greater London¬W2 1ND¬51.524028778076172¬-0.17624232172966003¬09A¬NHS Central London (Westminster) CCG¬02077237789¬clccg.cromptonmedicalcentre@nhs.net¬http://www.cromptonmedicalcentre.com¬
12121¬E87061¬GP¬UNKNOWN¬Visible¬True¬True¬The Pembridge Villas Surgery¬45 Pembridge Villas¬¬¬London¬Greater London¬W11 3EP¬51.512989044189453¬-0.19706147909164429¬08Y¬NHS West London (K&C & Qpp) CCG¬02077272222¬¬http://www.pembridgevillas-w11.nhs.uk¬020 7792 2867
12122¬E87063¬GP¬UNKNOWN¬Visible¬True¬True¬Kings Road Medical Centre¬529 Kings Road¬¬¬London¬Greater London¬SW10 0UD¬51.480354309082031¬-0.1847536563873291¬08Y¬NHS West London (K&C & Qpp) CCG¬02073529568¬wlccg.krmc@nhs.net¬https://www.westlondonpractice.co.uk/¬
12123¬E87065¬GP¬UNKNOWN¬Visible¬True¬True¬Dr Rachael Garner¬Notting Hill Medical Centre¬14 Codrington mews¬¬London¬Greater London¬W11 2EH¬51.514854431152344¬-0.20719188451766968¬08Y¬NHS West London (K&C & Qpp) CCG¬02077275800¬¬http://www.nottinghillgp.co.uk¬020 7792 9044
12124¬E87066¬GP¬UNKNOWN¬Visible¬True¬True¬Fitzrovia Medical Centre¬31 Fitzroy Square¬¬¬London¬Greater London¬W1T 6EU¬51.522422790527344¬-0.14057181775569916¬09A¬NHS Central London (Westminster) CCG¬02073875798¬clccg.fitzroviamedicalcentre@nhs.net¬http://www.fitzroviamedicalcentre.co.uk/¬020 7387 2497
12125¬E87067¬GP¬UNKNOWN¬Visible¬True¬True¬Colville Health Centre¬51 Kensington Park Road¬¬¬London¬Greater London¬W11 1PA¬51.515838623046875¬-0.20621645450592041¬08Y¬NHS West London (K&C & Qpp) CCG¬02077274592¬colville.hc@nhs.net¬https://www.colvillehealthcentre.co.uk/¬
12126¬E87069¬GP¬UNKNOWN¬Visible¬True¬True¬Soho Centre For Health And Care¬30 Soho Square¬¬¬London¬Greater London¬W1D 3QS¬51.514522552490234¬-0.13190010190010071¬09A¬NHS Central London (Westminster) CCG¬02034056540¬sohosquaresurgery@nhs.net¬http://sohosquaresurgery.co.uk¬020 3371 4339
12127¬E87070¬GP¬UNKNOWN¬Visible¬True¬True¬Crawford Street Surgery¬95-97 Crawford Street¬¬¬London¬Greater London¬W1H 2HJ¬51.519321441650391¬-0.16120915114879608¬09A¬NHS Central London (Westminster) CCG¬02077236324¬¬http://www.crawfordstreetsurgery.co.uk¬020 7616 0350
12129¬E87609¬GP¬UNKNOWN¬Visible¬True¬True¬St Johns Wood Medical Practice¬Brampton House¬Hospital Of St John & St Elizabeth¬60 Grove End Road¬London¬Greater London¬NW8 9NH¬51.533473968505859¬-0.17544659972190857¬09A¬NHS Central London (Westminster) CCG¬02036579449¬¬https://www.stjohnswood.nhs.uk¬0844 477 8591
12131¬E87637¬GP¬UNKNOWN¬Visible¬True¬True¬Grand Union Health Centre¬209 Harrow Road¬¬¬London¬Greater London¬W2 5EH¬51.520065307617187¬-0.19098767638206482¬08Y¬NHS West London (K&C & Qpp) CCG¬02072861231¬grandunion@nhs.net¬http://www.grandunionhealthcentre.co.uk/¬020 7266 1253
12132¬E87648¬GP¬UNKNOWN¬Visible¬True¬True¬The Mayfair Medical Centre¬3 - 5 Weighhouse Street¬¬¬London¬Greater London¬W1K 5LS¬51.513538360595703¬-0.15015743672847748¬09A¬NHS Central London (Westminster) CCG¬02074931647¬mayfair.medicalcentre@nhs.net¬https://mayfairmedicalcentre.co.uk¬020 7493 3169
12134¬E87663¬GP¬UNKNOWN¬Visible¬True¬True¬Third Floor Lanark Road Medical Centre¬165 Lanark Road¬¬¬London¬Greater London¬W9 1NZ¬51.530502319335938¬-0.18559993803501129¬09A¬NHS Central London (Westminster) CCG¬02076248616¬¬http://www.lanarkmedicalcentre.co.uk¬020 7372 0244
12135¬E87665¬GP¬UNKNOWN¬Visible¬True¬True¬The Chelsea Practice¬¬30 Flood Walk¬¬London¬Greater London¬SW3 5RR¬51.486812591552734¬-0.16693916916847229¬08Y¬NHS West London (K&C & Qpp) CCG¬02073497330¬chelsea.reception@nhs.net¬http://www.thechelseapractice.org.uk¬020 7352 7105
12138¬E87677¬GP¬UNKNOWN¬Visible¬True¬True¬Imperial College Health Centre¬40 Princes Gardens¬¬¬London¬Greater London¬SW7 1LY¬51.500221252441406¬-0.17265428602695465¬09A¬NHS Central London (Westminster) CCG¬02075846301¬healthcentre@imperial.ac.uk¬http://www.imperialcollegehealthcentre.co.uk/¬
12139¬E87681¬GP¬UNKNOWN¬Visible¬True¬True¬Newton Medical Centre¬14-18 Newton Road¬¬¬London¬Greater London¬W2 5LT¬51.516281127929687¬-0.19181492924690247¬09A¬NHS Central London (Westminster) CCG¬02072294578¬newtonmedical@nhs.net¬http://www.newtonmedical.co.uk¬020 7229 7315
12143¬E87701¬GP¬UNKNOWN¬Visible¬True¬True¬The Abingdon Medical Practice¬88-92 Earls Court Road¬¬¬London¬Greater London¬W8 6EG¬51.496086120605469¬-0.19712351262569427¬08Y¬NHS West London (K&C & Qpp) CCG¬02077958470¬¬http://www.abingdonmedical.co.uk/¬020 7795 8480
12144¬E87702¬GP¬UNKNOWN¬Visible¬True¬True¬Kynance Practice¬7 Kynance Place¬Gloucester Road¬¬London¬Greater London¬SW7 4QS¬51.497627258300781¬-0.18452858924865723¬08Y¬NHS West London (K&C & Qpp) CCG¬02075813040¬kynance.practice@nhs.net¬https://www.kynancepractice.nhs.uk/¬
12146¬E87706¬GP¬UNKNOWN¬Visible¬True¬True¬The Foreland Medical Centre¬188 Walmer Road¬¬¬London¬Greater London¬W11 4EP¬51.512989044189453¬-0.21290010213851929¬08Y¬NHS West London (K&C & Qpp) CCG¬02077272604¬forelandmedicalcentre@nhs.net¬http://www.forelandmedical.co.uk/¬020 7792 1261
12147¬E87714¬GP¬UNKNOWN¬Visible¬True¬True¬Soho Square General Practice¬First Floor¬1 Frith Street¬¬London¬Greater London¬W1D 3HZ¬51.514522552490234¬-0.13190010190010071¬09A¬NHS Central London (Westminster) CCG¬02034056570¬clccg.sohosquaregeneralpractice@nhs.net¬http://www.sohosquaregp.nhs.uk/¬
12148¬E87715¬GP¬UNKNOWN¬Visible¬True¬True¬Scarsdale Medical Centre¬2 Scarsdale Place¬¬¬London¬Greater London¬W8 5SX¬51.499340057373047¬-0.19177958369255066¬08Y¬NHS West London (K&C & Qpp) CCG¬02079381887¬¬¬020 7376 2784
12151¬E87720¬GP¬UNKNOWN¬Visible¬True¬True¬Kensington Park Medical Centre¬75 Russell Road¬¬¬London¬Greater London¬W14 8HW¬51.497325897216797¬-0.20877300202846527¬08Y¬NHS West London (K&C & Qpp) CCG¬020 7371 6060¬¬http://www.kensingtonpark.co.uk/¬020 7471 3219
12152¬E87722¬GP¬UNKNOWN¬Visible¬True¬True¬Lancaster Gate Medical Centre¬20-21 Leinster Terrace¬¬¬London¬Greater London¬W2 3ET¬51.511753082275391¬-0.18334734439849854¬08Y¬NHS West London (K&C & Qpp) CCG¬020 7479 9750¬lancastergate.medicalcentre@nhs.net¬http://www.lancastergatemedicalcentre.co.uk¬020 7479 9751
12156¬E87733¬GP¬UNKNOWN¬Visible¬True¬True¬The Exmoor Surgery¬St Charles Centre For Health And Wellbeing¬Exmoor Street¬¬London¬Greater London¬W10 6DZ¬51.522361755371094¬-0.21720358729362488¬08Y¬NHS West London (K&C & Qpp) CCG¬02089625166¬¬http://www.exmoorsurgery.nhs.uk/¬020 8962 5167
12157¬E87735¬GP¬UNKNOWN¬Visible¬True¬True¬Lai Chung Fong Queens Park Health Centre¬Dart Street¬¬¬London¬Greater London¬W10 4LD¬51.53057861328125¬-0.20762665569782257¬08Y¬NHS West London (K&C & Qpp) CCG¬02089691490¬¬¬020 8964 0436
12158¬E87737¬GP¬UNKNOWN¬Visible¬True¬True¬Marylebone Health Centre¬17 Marylebone Road¬¬¬London¬Greater London¬NW1 5LT¬51.522838592529297¬-0.15152473747730255¬09A¬NHS Central London (Westminster) CCG¬02079356328¬¬http://www.marylebonehealthcentre.co.uk¬020 7224 2924
12159¬E87738¬GP¬UNKNOWN¬Visible¬True¬True¬Knightsbridge Medical Centre¬71-75 Pavilion Road¬¬¬London¬Greater London¬SW1X 0ET¬51.498069763183594¬-0.15990349650382996¬08Y¬NHS West London (K&C & Qpp) CCG¬02082372600¬¬http://www.knightsbridgemedicalcentre.org.uk/¬020 8237 2626
12160¬E87739¬GP¬UNKNOWN¬Visible¬True¬True¬Millbank Medical Centre¬20 Page Street¬¬¬London¬Greater London¬SW1P 4EN¬51.494029998779297¬-0.13021701574325562¬09A¬NHS Central London (Westminster) CCG¬02078345502¬¬http://millbankmedicalcentre.co.uk/¬020 7834 2350
12161¬E87740¬GP¬UNKNOWN¬Visible¬True¬True¬The Doctor Hickey Surgery¬(Homeless Patients)¬The Cardinal Hume Centre¬3 -7 Arneway Street¬London¬Greater London¬SW1P 2BG¬51.495750427246094¬-0.1314864456653595¬09A¬NHS Central London (Westminster) CCG¬0207222 8593¬drhickey.surgery@nhs.net¬¬020 7799 4222
12162¬E87741¬GP¬UNKNOWN¬Visible¬True¬True¬Dr Susan Elizabeth Honey¬The Medical Centre¬7E Woodfield Road¬¬London¬Greater London¬W9 3XZ¬51.522720336914063¬-0.19757097959518433¬09A¬NHS Central London (Westminster) CCG¬02072661449¬¬http://www.woodfieldroadsurgery.co.uk¬
12163¬E87742¬GP¬UNKNOWN¬Visible¬True¬True¬The Golborne Medical Centre¬Golborne Medical Centre (Dr Razak)¬12-16 Golborne Road¬¬London¬Greater London¬W10 5PE¬51.524021148681641¬-0.2063128799200058¬08Y¬NHS West London (K&C & Qpp) CCG¬0208 964 4801¬¬http://www.golbornemedical.nhs.uk¬020 8964 5702
12164¬E87745¬GP¬UNKNOWN¬Visible¬True¬True¬Cavendish Health Centre¬53 New Cavendish Street¬¬¬London¬Greater London¬W1G 9TQ¬51.519329071044922¬-0.14807768166065216¬09A¬NHS Central London (Westminster) CCG¬02074875244¬¬http://www.cavendishhealth.nhs.uk/¬020 7487 1500
12165¬E87746¬GP¬UNKNOWN¬Visible¬True¬True¬Brompton Medical Centre¬237 Old Brompton Road¬¬¬London¬Greater London¬SW5 0EA¬51.489437103271484¬-0.18985231220722198¬08Y¬NHS West London (K&C & Qpp) CCG¬02073734102¬brompton.medicalcentre1@nhs.net¬http://www.bromptonmedicalcentre.nhs.uk¬020 7835 0041
12166¬E87750¬GP¬UNKNOWN¬Visible¬True¬True¬Earls Court Surgery¬269 Old Brompton Road¬¬¬London¬Greater London¬SW5 9JA¬51.488693237304687¬-0.19195586442947388¬08Y¬NHS West London (K&C & Qpp) CCG¬02073702643¬¬https://www.earlscourtsurgery.co.uk/¬020 7370 5970
12167¬E87751¬GP¬UNKNOWN¬Visible¬True¬True¬Dr Kumara Srikrishnamurthy¬574 Harrow Road¬¬¬London¬Greater London¬W10 4NJ¬51.526561737060547¬-0.20668873190879822¬08Y¬NHS West London (K&C & Qpp) CCG¬02089605499¬wlccg.574healthcentre@nhs.net¬http://www.574healthcentre.org.uk¬020 8968 1947
12168¬E87753¬GP¬UNKNOWN¬Visible¬True¬True¬Dr Victoria Muir's Practice¬Belgrave Medical Centre¬13 Pimlico Road¬¬London¬Greater London¬SW1W 8NA¬51.490650177001953¬-0.1513432115316391¬09A¬NHS Central London (Westminster) CCG¬02077307030¬¬https://www.drvictoriamuir.co.uk¬0207 823 5062
12169¬E87754¬GP¬UNKNOWN¬Visible¬True¬True¬The Wellington Health Centre¬16 Wellington Road¬¬¬London¬Greater London¬NW8 9SP¬51.532276153564453¬-0.17127002775669098¬09A¬NHS Central London (Westminster) CCG¬02077223382¬¬www.wellingtonhealthcentre.co.uk¬020 7722 2390
12170¬E87755¬GP¬UNKNOWN¬Visible¬True¬True¬Ahmed N Queens Park Health Centre¬Dart Street¬¬¬London¬Greater London¬W10 4LD¬51.53057861328125¬-0.20762665569782257¬08Y¬NHS West London (K&C & Qpp) CCG¬02089649990¬¬¬020 8964 0436
12171¬E87756¬GP¬UNKNOWN¬Visible¬True¬True¬Ground Floor Lanark Medical Centre¬165 Lanark Road¬¬¬London¬Greater London¬W9 1NZ¬51.530502319335938¬-0.18559993803501129¬09A¬NHS Central London (Westminster) CCG¬02073281128¬¬¬020 7328 0605
12172¬E87762¬GP¬UNKNOWN¬Visible¬True¬True¬The Good Practice¬409 Kings Road¬¬¬London¬Greater London¬SW10 0LR¬51.482799530029297¬-0.17790697515010834¬08Y¬NHS West London (K&C & Qpp) CCG¬02073511766¬thegoodpractice2@nhs.net¬http://www.thegoodpractice.london/¬02073522240
12173¬E87768¬GP¬UNKNOWN¬Visible¬True¬True¬Kings College Health Centre¬Bush House¬3rd Floor, South East Wing¬300 Strand¬London¬Greater London¬WC2B 4PJ¬51.512283325195313¬-0.11775294691324234¬09A¬NHS Central London (Westminster) CCG¬02078482613¬kingscollegehc@nhs.net¬http://www.kclnhshealthcentre.com¬
12174¬E87772¬GP¬UNKNOWN¬Visible¬True¬True¬Great Chapel Street Medical Centre¬13 Great Chapel Street¬¬¬London¬Greater London¬W1F 8FL¬51.515079498291016¬-0.13408248126506805¬09A¬NHS Central London (Westminster) CCG¬02074379360¬clccg.gcs@nhs.net¬http://www.greatchapelst.org.uk/¬020 7734 1475
12188¬F81001¬GP¬UNKNOWN¬Visible¬True¬True¬Dr M R Khan & Partners¬91 Rushbottom Lane¬¬¬Benfleet¬Essex¬SS7 4EA¬51.570732116699219¬0.54818171262741089¬99F¬NHS Castle Point And Rochford CCG¬01268209269¬¬http://www.rushbottomlanesurgery.co.uk¬01268 795150
12189¬F81003¬GP¬UNKNOWN¬Visible¬True¬True¬Carnarvon Medical Centre¬North Road Primary Care Centre¬¬183-195 North Road¬Southend On Sea¬Essex¬SS0 7AF¬51.544986724853516¬0.70188480615615845¬99G¬NHS Southend CCG¬01702349957¬¬http://carnarvon-medical-centre.co.uk/¬
12190¬F81004001¬GP¬UNKNOWN¬Visible¬True¬False¬Eden Surgery¬17 Cannons Lane¬Hatfield Broad Oak¬¬Bishops Stortford¬Hertfordshire¬CM22 7HX¬51.824100494384766¬0.24552518129348755¬07H¬NHS West Essex CCG¬01279718245¬lesley.linford@nhs.net¬http://www.hatfieldbroadoaksurgery.co.uk¬01279 718270
12191¬F81004¬GP¬UNKNOWN¬Visible¬True¬False¬The Eden Surgeries¬Broomfields¬Hatfield Heath¬Bishop's Stortford¬Bishops Stortford¬Hertfordshire¬CM22 7EH¬51.815208435058594¬0.20557492971420288¬07H¬NHS West Essex CCG¬01279730616¬lesley.linford@nhs.net¬http://www.hatfieldheathsurgery.co.uk¬01279 730408
12193¬F81006¬GP¬UNKNOWN¬Visible¬True¬True¬Clayhill Medical Practice¬Clayhill Road¬Vange¬¬Basildon¬Essex¬SS16 4HD¬51.566276550292969¬0.48161119222640991¬99E¬NHS Basildon And Brentwood CCG¬01268288633¬clayhillmedical.practicef81006@nhs.net¬http://www.clayhillmedicalpractice.nhs.uk¬01268 282059
12194¬F81007¬GP¬UNKNOWN¬Visible¬True¬True¬Dr Kothari, Dr Nanda,Dr Brezina,Dr Hart And Dr Metcalfe¬Back Lane¬¬¬Rochford¬Essex¬SS4 1AY¬51.582099914550781¬0.7059776782989502¬99F¬NHS Castle Point And Rochford CCG¬01702533740¬via website¬www.puzeyfamilypractice.co.uk¬01702 533747
12195¬F81009001¬GP¬UNKNOWN¬Visible¬True¬False¬School Street Surgery¬School Street¬Great Chesterford¬¬Gt. Chesterford¬Essex¬CB10 1NN¬52.063606262207031¬0.19678543508052826¬07H¬NHS West Essex CCG¬01799530950¬¬http://www.thegoldstreetsurgery.co.uk/¬01799 524042
12196¬F81009¬GP¬UNKNOWN¬Visible¬True¬False¬The Gold Street Surgery¬Gold Street¬¬¬Saffron Walden¬Essex¬CB10 1EJ¬52.021713256835937¬0.24048538506031036¬07H¬NHS West Essex CCG¬01799525325¬¬http://www.thegoldstreetsurgery.co.uk¬01799 524042
12197¬F81010¬GP¬UNKNOWN¬Visible¬True¬True¬Aveley Medical Centre¬22 High Street¬Aveley¬¬South Ockendon¬Essex¬RM15 4AD¬51.498485565185547¬0.25792351365089417¬07G¬NHS Thurrock CCG¬01708899490¬¬http://aveleymedicalcentre.co.uk¬01708 891658
12198¬F81010001¬GP¬UNKNOWN¬Visible¬True¬True¬The Bluebells Surgery¬Darenth Lane¬South Ockendon¬¬South Ockendon¬Essex¬RM15 5LP¬51.508243560791016¬0.28287646174430847¬07G¬NHS Thurrock CCG¬01708855801¬¬¬01708 856480
12199¬F81011¬GP¬UNKNOWN¬Visible¬True¬True¬Kelvedon & Feering Health Centre¬46 High Street¬Kelvedon¬¬Colchester¬Essex¬CO5 9AG¬51.834346771240234¬0.69778084754943848¬06Q¬NHS Mid Essex CCG¬01376572906¬¬http://www.kfhc.co.uk/¬
12200¬F81012¬GP¬UNKNOWN¬Visible¬True¬True¬West Mersea Surgery¬32 Kingsland Road¬West Mersea¬¬Colchester¬Essex¬CO5 8RA¬51.778347015380859¬0.91935604810714722¬06T¬NHS North East Essex CCG¬01206382015¬¬http://www.westmerseasurgery.co.uk/¬01206 385593
12201¬F81013¬GP¬UNKNOWN¬Visible¬True¬True¬The Western Road Surgery¬41 Western Road¬¬¬Billericay¬Essex¬CM12 9DX¬51.627388000488281¬0.41685965657234192¬99E¬NHS Basildon And Brentwood CCG¬01277658117¬admin.mailboxf81013@nhs.net¬http://www.westernroadsurgery.co.uk¬
12202¬F81014¬GP¬UNKNOWN¬Visible¬True¬True¬Church Lane Surgery¬Church Lane Surgery¬Braintree College¬Church Lane¬Braintree¬Essex¬CM7 5SN¬51.889823913574219¬0.55782628059387207¬06Q¬NHS Mid Essex CCG¬01376 552 474¬¬http://churchlanesurgery.co.uk¬
12204¬F81015¬GP¬UNKNOWN¬Visible¬True¬False¬Crocus Medical Practice¬The Old Rectory¬18 Castle Street¬¬Saffron Walden¬Essex¬CB10 1BP¬52.025405883789063¬0.23946762084960938¬07H¬NHS West Essex CCG¬01799 522327¬weccg.f81015-surgeryresults@nhs.net¬https://www.crocusmedicalpractice.nhs.uk/¬01799 525436
12205¬F81016¬GP¬UNKNOWN¬Visible¬True¬True¬Dr Amir Ipakchi¬Broadley Road¬¬¬Harlow¬Essex¬CM19 5SJ¬51.748893737792969¬7.3809213936328888E-2¬07H¬NHS West Essex CCG¬01279 406 770¬¬http://www.barbaracastlehealthcentre.co.uk¬08445769141
12206¬F81017¬GP¬UNKNOWN¬Visible¬True¬True¬Walton Medical Centre¬Vicarage Lane¬¬¬Walton On The Naze¬Essex¬CO14 8PA¬51.849960327148437¬1.2713139057159424¬06T¬NHS North East Essex CCG¬01255674373¬¬¬01255 851005
12208¬F81741001¬GP¬UNKNOWN¬Visible¬True¬True¬North Clacton Medical Group¬17 North Road¬¬¬Clacton on Sea¬Essex¬CO15 4DA¬51.805126190185547¬1.154738187789917¬06T¬NHS North East Essex CCG¬01255224600¬gcmp.admin@nhs.net¬http://www.greatclactonmedicalpractice.co.uk¬01255 224617
12209¬F81019¬GP¬UNKNOWN¬Visible¬True¬True¬Mayflower Medical Centre¬419 Main Road¬Dovercourt¬¬Harwich¬Essex¬CO12 4EX¬51.933433532714844¬1.2606685161590576¬06T¬NHS North East Essex CCG¬01255 879400¬¬http://www.mayflowermedicalcentre.co.uk¬01255 201270
12210¬F81020¬GP¬UNKNOWN¬Visible¬True¬True¬The Freshford Practice¬The Freshwell Health Centre¬Wethersfield Road¬Finchingfield¬Braintree¬Essex¬CM7 4BQ¬51.968647003173828¬0.45442929863929749¬06Q¬NHS Mid Essex CCG¬01371810328¬freshwell.administration@nhs.net¬http://www.freshwell.co.uk¬01371 811282
12211¬F81021¬GP¬UNKNOWN¬Visible¬True¬True¬Great Bentley Surgery¬The Hollies¬The Green¬Great Bentley¬Colchester¬Essex¬CO7 8PJ¬51.855094909667969¬1.0637246370315552¬06T¬NHS North East Essex CCG¬01206250691¬postmaster.gp-f81021@nhs.net¬www.greatbentleysurgery.nhs.uk¬01206 252496
12212¬F81022001¬GP¬UNKNOWN¬Visible¬True¬True¬Heybridge Surgery (Branch Surgery)¬Doctors Surgery¬Bentalls Complex¬Heybridge¬Maldon¬Essex¬CM9 4GD¬51.740554809570312¬0.68920385837554932¬06Q¬NHS Mid Essex CCG¬01621876433¬¬¬
12213¬F81022¬GP¬UNKNOWN¬Visible¬True¬True¬Longfield Medical Centre¬Princes Road¬¬¬Maldon¬Essex¬CM9 5DF¬51.729335784912109¬0.67884862422943115¬06Q¬NHS Mid Essex CCG¬01621876433¬¬http://www.longfieldmedicalcentre.nhs.uk/¬
12214¬F81023¬GP¬UNKNOWN¬Visible¬True¬True¬Beechwood Surgery¬Pastoral Way¬Warley¬¬Brentwood¬Essex¬CM14 5WF¬51.608566284179687¬0.29274511337280273¬99E¬NHS Basildon And Brentwood CCG¬01277212820¬¬¬01277 245550
12215¬F81024¬GP¬UNKNOWN¬Visible¬True¬True¬Dickens Place Surgery¬Dickens Place¬¬¬Chelmsford¬Essex¬CM1 4UU¬51.754852294921875¬0.44636249542236328¬06Q¬NHS Mid Essex CCG¬01245442628¬dickensplace@nhs.net¬https://www.dickensplacesurgery.co.uk¬01245 443647
12216¬F81025¬GP¬UNKNOWN¬Visible¬True¬True¬Dr Gc Chajed's Practice¬Kingswood Medical Centre¬Clay Hill Road¬¬Basildon¬Essex¬SS16 5AD¬51.564010620117188¬0.46461969614028931¬99E¬NHS Basildon And Brentwood CCG¬01268663140¬¬http://www.kingswoodmedicalcentre.co.uk/¬0844 4773039
12217¬F81026¬GP¬UNKNOWN¬Visible¬True¬True¬Caradoc Surgery¬Station Approach¬¬¬Frinton On Sea¬Essex¬CO13 9JT¬51.837532043457031¬1.2439005374908447¬06T¬NHS North East Essex CCG¬01255850101¬erhtcorrespondencef81026@nhs.net¬http://www.caradocsurgery.co.uk¬01255 851004
12218¬F81027¬GP¬UNKNOWN¬Visible¬True¬True¬Lister Medical Centre¬Lister House Health Centre¬Abercrombie Way¬¬Harlow¬Essex¬CM18 6YJ¬51.754508972167969¬9.0352341532707214E-2¬07H¬NHS West Essex CCG¬01279 639 791¬¬http://www.ListerMedicalCentre.com¬
12219¬F81028¬GP¬UNKNOWN¬Visible¬True¬True¬Wivenhoe Surgery¬Wivenhoe Medical Centre¬Phillip Road¬Wivenhoe¬Colchester¬Essex¬CO7 9BA¬51.856056213378906¬0.96124827861785889¬06T¬NHS North East Essex CCG¬01206824447¬zoe.cronin@nhs.net¬¬
12220¬F81029¬GP¬UNKNOWN¬Visible¬True¬True¬Dr Wj Deguns And Dr Oo Macaulay Practice¬93 The Knares¬Lee Chapel South¬¬Basildon¬Essex¬SS16 5SB¬51.564041137695312¬0.44255879521369934¬99E¬NHS Basildon And Brentwood CCG¬01268542866¬¬www.knaresmedicalpractice.nhs.uk¬
12221¬F81030001¬GP¬UNKNOWN¬Visible¬True¬True¬Kelvedon Road Surgery¬59 Kelvedon Road¬Wickham Bishops¬¬Witham¬Essex¬CM8 3NA¬51.780597686767578¬0.67965233325958252¬06Q¬NHS Mid Essex CCG¬01376502108¬¬http://www.fernhousesurgery.co.uk¬01376 502281
12222¬F81030¬GP¬UNKNOWN¬Visible¬True¬True¬Dr Hopcroft & Partners¬129 Newland Street¬¬¬Witham¬Essex¬CM8 1BH¬51.797473907470703¬0.63756078481674194¬06Q¬NHS Mid Essex CCG¬01376502108¬¬http://www.fernhousesurgery.co.uk¬01376 502281
12223¬F81030002¬GP¬UNKNOWN¬Visible¬True¬True¬Owls Hill Surgery¬Terling¬¬¬Chelmsford¬Essex¬CM3 2PW¬51.806068420410156¬0.56593352556228638¬06Q¬NHS Mid Essex CCG¬01376502108¬¬http://www.fernhousesurgery.co.uk¬01376 502281
12224¬F81031001¬GP¬UNKNOWN¬Visible¬True¬True¬Dr Aslam's Pratice¬1 Pattiswick Square¬¬¬Basildon¬Essex¬SS14 2RJ¬51.5765380859375¬0.48164233565330505¬99E¬NHS Basildon And Brentwood CCG¬01268520552¬¬http://www.murreemedicalcentre.nhs.uk¬01268 293350
12225¬F81031¬GP¬UNKNOWN¬Visible¬True¬True¬Dr M Aslam's Practice¬201 Rectory Road¬Pitsea¬¬Basildon¬Essex¬SS13 1AJ¬51.576797485351563¬0.5107041597366333¬99E¬NHS Basildon And Brentwood CCG¬01268727736¬¬http://www.murreemedicalcentre.nhs.uk¬01268 727045
12226¬F81032¬GP¬UNKNOWN¬Visible¬True¬True¬P A Patel Surgery¬85 Hart Road¬¬¬Benfleet¬Essex¬SS7 3PR¬51.569778442382813¬0.58228772878646851¬99F¬NHS Castle Point And Rochford CCG¬01268757981¬¬http://www.hartroadsurgery.co.uk/¬01268 795605
12228¬F81034¬GP¬UNKNOWN¬Visible¬True¬False¬Newport Surgery¬Frambury Lane¬Newport¬¬Saffron Walden¬Essex¬CB11 3PY¬51.982814788818359¬0.20900923013687134¬07H¬NHS West Essex CCG¬01799540570¬weccg.f81034-practicemanager@nhs.net¬http://www.thesurgerynewport.nhs.uk¬
12229¬F81035¬GP¬UNKNOWN¬Visible¬True¬False¬Moulsham Lodge Surgery¬158 Gloucester Avenue¬¬¬Chelmsford¬Essex¬CM2 9LG¬51.716564178466797¬0.47515186667442322¬06Q¬NHS Mid Essex CCG¬01245 221777¬¬http://www.thebeaconhealthgroup.co.uk¬01245 398062
12230¬F81036¬GP¬UNKNOWN¬Visible¬True¬True¬Robert Frew Medical Centre¬Silva Island Way¬¬¬Wickford¬Essex¬SS12 9NR¬51.602008819580078¬0.53585225343704224¬99E¬NHS Basildon And Brentwood CCG¬01268209229¬¬¬01268 577999
12232¬F81037¬GP¬UNKNOWN¬Visible¬True¬True¬East Lynne Medical Centre¬3-5 Wellesley Road¬¬¬Clacton On Sea¬Essex¬CO15 3PP¬51.791431427001953¬1.1512435674667358¬06T¬NHS North East Essex CCG¬01255220010¬¬http://www.eastlynnemedicalcentre.co.uk¬
12233¬F81038¬GP¬UNKNOWN¬Visible¬True¬True¬Tile House Surgery¬The Tile House,¬33 Shenfield Road¬¬Brentwood¬Essex¬CM15 8AQ¬51.622550964355469¬0.30778220295906067¬99E¬NHS Basildon And Brentwood CCG¬01277227711¬¬https://www.tilehousesurgery.com¬
12234¬F81040¬GP¬UNKNOWN¬Visible¬True¬True¬Stock Surgery¬Common Road¬Stock¬¬Ingatestone¬Essex¬CM4 9NF¬51.665325164794922¬0.44875612854957581¬06Q¬NHS Mid Essex CCG¬01277 289 400¬¬http://www.stocksurgery.co.uk/¬01277 843001
12235¬F81041¬GP¬UNKNOWN¬Visible¬True¬True¬London Road Surgery¬The London Road Surgery¬Market House¬2 Market Road¬Wickford¬Essex¬SS12 0AA¬51.612903594970703¬0.51941436529159546¬99E¬NHS Basildon And Brentwood CCG¬01268765533¬¬http://www.thelondonroadsurgery.co.uk¬01268 570762
12236¬F81042¬GP¬UNKNOWN¬Visible¬True¬True¬Colchester Medical Practice¬Castle Gardens Medical Centre¬78 East Hill¬¬Colchester¬Essex¬CO1 2QS¬51.890026092529297¬0.90933901071548462¬06T¬NHS North East Essex CCG¬01206866626¬¬http://www.colchestermedicalpractice.co.uk¬01206 869575
12237¬F81043¬GP¬UNKNOWN¬Visible¬True¬True¬The Limes Medical Centre¬The Plain¬¬¬Epping¬Essex¬CM16 6TL¬51.706172943115234¬0.12394595146179199¬07H¬NHS West Essex CCG¬01992573838¬debbie.bodhanya@nhs.net¬http://www.thelimesmedicalcentre.com¬01992 566503
12238¬F81043002¬GP¬UNKNOWN¬Visible¬True¬True¬North Weald Surgery¬67 Wheelers Farm Gardens¬¬¬North Weald¬Essex¬CM16 6HZ¬51.717174530029297¬0.16673536598682404¬07H¬NHS West Essex CCG¬01992524383¬debbie.bodhanya@nhs.net¬http://www.thelimesmedicalcentre.com¬01992 566503
12239¬F81043001¬GP¬UNKNOWN¬Visible¬True¬True¬Theydon Bois Surgery¬Thrifts Mead¬Poplar Row¬¬Theydon Bois¬Essex¬CM16 7NF¬51.670291900634766¬0.10147005319595337¬07H¬NHS West Essex CCG¬01992812450¬debbie.bodhanya@nhs.net¬http://www.thelimesmedicalcentre.com¬
12240¬F81044002¬GP¬UNKNOWN¬Visible¬True¬True¬Dedham Health Centre¬Manningtree Road¬Dedham¬¬Colchester¬Essex¬CO7 6DU¬51.956771850585937¬0.99833709001541138¬06T¬NHS North East Essex CCG¬01206322290¬ardleighsurgery@nhs.net¬http://ardleighsurgery.nhs.uk¬
12241¬F81044¬GP¬UNKNOWN¬Visible¬True¬True¬The Ardleigh Surgery¬Dedham Road¬¬¬Ardleigh¬Essex¬CO7 7LD¬51.927070617675781¬0.98511087894439697¬06T¬NHS North East Essex CCG¬01206230224¬ardleighsurgery@nhs.net¬http://www.ardleighsurgery.nhs.uk¬01206 231602
12242¬F81045¬GP¬UNKNOWN¬Visible¬True¬True¬Dr N Dabas's Practice¬27 Stock Road¬¬¬Billericay¬Essex¬CM12 0AH¬51.630340576171875¬0.42109161615371704¬99E¬NHS Basildon And Brentwood CCG¬01277633144¬admin.mailboxf81045@nhs.net¬¬01277 633374
12243¬F81046¬GP¬UNKNOWN¬Visible¬True¬True¬Dr Krishnan & Ptnr - Kent Elms Hc¬1 Rayleigh Road¬¬¬Leigh On Sea¬Essex¬SS9 5UU¬51.563831329345703¬0.6641278862953186¬99G¬NHS Southend CCG¬01702522012¬¬http://www.doctorkrishnan.co.uk/¬01702 512375
12244¬F81047¬GP¬UNKNOWN¬Visible¬True¬True¬The Hamilton Practice¬Keats House¬Bush Fair¬¬Harlow¬Essex¬CM18 6LY¬51.755989074707031¬0.11292587965726852¬07H¬NHS West Essex CCG¬01279215415¬¬http://www.hamiltonpractice.nhs.uk¬
12245¬F81048¬GP¬UNKNOWN¬Visible¬True¬True¬Loughton Health Centre¬The Drive¬¬¬Loughton¬Essex¬IG10 1HW¬51.648860931396484¬5.4929424077272415E-2¬07H¬NHS West Essex CCG¬02085025000¬¬www.loughtonhealthcentre.co.uk¬0208 508 7895
12246¬F81049¬GP¬UNKNOWN¬Visible¬True¬True¬Ongar War Memorial Medical Centre¬Fyfield Road¬¬¬Ongar¬Essex¬CM5 0AL¬51.716938018798828¬0.24629226326942444¬07H¬NHS West Essex CCG¬01277367200¬weccg.ongarhc@nhs.net¬http://www.ongarhealthcentre.co.uk¬01277 367201
12247¬F81051¬GP¬UNKNOWN¬Visible¬True¬True¬Dr Sukumaran And Partners¬Third Avenue¬¬¬Canvey Island¬Essex¬SS8 9SU¬51.525222778320312¬0.56683284044265747¬99F¬NHS Castle Point And Rochford CCG¬01268683758¬¬¬01268 684057
12248¬F81052¬GP¬UNKNOWN¬Visible¬True¬True¬St James Surgery¬89 Wash Lane¬¬¬Clacton On Sea¬Essex¬CO15 1DA¬51.787563323974609¬1.1469990015029907¬06T¬NHS North East Essex CCG¬01255222121¬stjamessurgeryf81052@nhs.net¬http://www.stjamesandstosythsurgery.co.uk¬
12249¬F81052001¬GP¬UNKNOWN¬Visible¬True¬True¬Church Square Surgery¬Church Square¬Clacton-On-Sea¬¬St Osyth¬Essex¬CO16 8NU¬51.798919677734375¬1.0770444869995117¬06T¬NHS North East Essex CCG¬01255820309¬stjamessurgeryf81052@nhs.net¬http://www.stjamesandstosythsurgery.co.uk¬
12250¬F81053¬GP¬UNKNOWN¬Visible¬True¬True¬The Stansted Surgery¬Castle Maltings¬First Floor¬2 Lower Street¬Stansted Mountfitchet¬Essex¬CM24 8XG¬51.902084350585938¬0.20017601549625397¬07H¬NHS West Essex CCG¬01279813200¬stansted.surgery@nhs.net¬http://www.thestanstedsurgery.nhs.uk¬01279 812426
12251¬F81055¬GP¬UNKNOWN¬Visible¬True¬True¬MOUNT AVENUE SURGERY ¬Mount Avenue¬Shenfield¬¬Brentwood¬Essex¬CM13 2NL¬51.630889892578125¬0.3314703106880188¬99E¬NHS Basildon And Brentwood CCG¬01277283180¬¬http://www.mountavenuesurgery.co.uk/¬01277 240701
12252¬F81056¬GP¬UNKNOWN¬Visible¬True¬True¬Old Harlow Health Centre¬Jenner House¬Garden Terrace Road¬¬Harlow¬Essex¬CM17 0AX¬51.784038543701172¬0.13405352830886841¬07H¬NHS West Essex CCG¬01279418136¬¬http://www.oldharlowhealth.co.uk¬01279 429650
12253¬F81057¬GP¬UNKNOWN¬Visible¬True¬True¬Whitley House Surgery¬Crompton Building¬Writtle Road¬¬Chelmsford¬Essex¬CM1 3RW¬51.726531982421875¬0.45571246743202209¬06Q¬NHS Mid Essex CCG¬01245347539¬¬http://www.whitleyhouse.co.uk¬
12255¬F81060¬GP¬UNKNOWN¬Visible¬True¬True¬Aegis Medical Centre¬568 Whitmore Way¬¬¬Basildon¬Essex¬SS14 2ER¬51.575557708740234¬0.46753942966461182¬99E¬NHS Basildon And Brentwood CCG¬01268532795¬¬¬01268 271057
12256¬F81061¬GP¬UNKNOWN¬Visible¬True¬True¬Conner & Partners¬175 Ferry Road¬Hullbridge¬¬Hockley¬Essex¬SS5 6JH¬51.623970031738281¬0.61284613609313965¬99F¬NHS Castle Point And Rochford CCG¬01702230555¬¬¬01702 231207
12257¬F81062¬GP¬UNKNOWN¬Visible¬True¬True¬Chigwell Medical Centre ¬300 Fencepiece Road¬¬¬Ilford¬Essex¬IG6 2TA¬51.605510711669922¬8.3890877664089203E-2¬07H¬NHS West Essex CCG¬02033766670¬¬http://www.chigwellmedicalcentre.co.uk¬
12258¬F81065¬GP¬UNKNOWN¬Visible¬True¬True¬William Harvey Surgery¬83-85 London Road¬¬¬Rayleigh¬Essex¬SS6 9HR¬51.593345642089844¬0.59797698259353638¬99F¬NHS Castle Point And Rochford CCG¬01268 784003¬¬http://www.williamharveysurgery.co.uk¬01268 782131
12259¬F81066¬GP¬UNKNOWN¬Visible¬True¬True¬The Greensward Surgery¬Greensward Lane¬¬¬Hockley¬Essex¬SS5 5HQ¬51.607162475585937¬0.66836929321289063¬99F¬NHS Castle Point And Rochford CCG¬01702202353¬¬http://www.greenswardsurgery.com¬01702 204535
12260¬F81067002¬GP¬UNKNOWN¬Visible¬True¬True¬Ambrose Ave Group Practice Branch Surgery¬145 London Road¬Stanway¬¬Colchester¬Essex¬CO3 8NZ¬51.886016845703125¬0.82966858148574829¬06T¬NHS North East Essex CCG¬01206 549444¬¬http://www.ambroseavenue.com/¬01206 710040
12261¬F81067¬GP¬UNKNOWN¬Visible¬True¬True¬Ambrose Avenue Group Practice¬76 Ambrose Avenue¬¬¬Colchester¬Essex¬CO3 4LN¬51.880630493164063¬0.86281114816665649¬06T¬NHS North East Essex CCG¬01206549444¬¬http://www.ambroseavenue.com¬01206 369910
12262¬F81068¬GP¬UNKNOWN¬Visible¬True¬True¬The Elizabeth Courtauld Surgery¬Factory Lane West¬¬¬Halstead¬Essex¬CO9 1EX¬51.941425323486328¬0.6381421685218811¬06Q¬NHS Mid Essex CCG¬01787475944¬¬http://www.elizabethcourtauld.gpsurgery.net/Webdesk/netblast/pages/index.html¬01787 474506
12263¬F81069¬GP¬UNKNOWN¬Visible¬True¬True¬Dr Abiodun Obisesan¬84 Winstree Road¬¬¬Colchester¬Essex¬CO3 0PZ¬51.884025573730469¬0.84179461002349854¬06T¬NHS North East Essex CCG¬01206572372¬¬¬01206 764412
12266¬F81071¬GP¬UNKNOWN¬Visible¬True¬True¬Rivermead Gate Medical Centre¬123 Rectory Lane¬¬¬Chelmsford¬Essex¬CM1 1TR¬51.740848541259766¬0.47290119528770447¬06Q¬NHS Mid Essex CCG¬01245348688¬¬http://www.rmgmc.co.uk¬01245 458800
12267¬F81071001¬GP¬UNKNOWN¬Visible¬True¬True¬Wood Street Surgery¬158 Wood Street¬¬¬Chelmsford¬Essex¬CM2 8BN¬51.715198516845703¬0.4623369574546814¬06Q¬NHS Mid Essex CCG¬01245354732¬¬https://www.rmgmc.co.uk¬01245 344562
12268¬F81072¬GP¬UNKNOWN¬Visible¬True¬True¬High Street Surgery, Epping¬301 High Street¬¬¬Epping¬Essex¬CM16 4DA¬51.7008056640625¬0.11339043825864792¬07H¬NHS West Essex CCG¬01992579270¬¬http://www.eppingsurgery.co.uk/¬
12271¬F81075¬GP¬UNKNOWN¬Visible¬True¬True¬The Hollies Surgery¬41 Rectory Road¬¬¬Benfleet¬Essex¬SS7 2NA¬51.555458068847656¬0.61056101322174072¬99F¬NHS Castle Point And Rochford CCG¬01702416966¬¬¬01702 426794
12274¬F81076¬GP¬UNKNOWN¬Visible¬True¬True¬The Tollesbury Practice¬25 High Street¬Tollesbury¬¬Maldon¬Essex¬CM9 8RG¬51.758659362792969¬0.83162254095077515¬06Q¬NHS Mid Essex CCG¬01621869204¬prescriptions.f81076@nhs.net¬http://www.tollesburysurgery.co.uk¬
12277¬F81078¬GP¬UNKNOWN¬Visible¬True¬True¬Church Langley Medical Centre¬Church Langley Way¬¬¬Harlow¬Essex¬CM17 9TG¬51.767471313476562¬0.13272121548652649¬07H¬NHS West Essex CCG¬01279638520¬¬Http://Clmp.co.uk¬
12278¬F81042003¬GP¬UNKNOWN¬Visible¬True¬True¬Parsons Health Medical Practice¬35A Parsons Heath¬¬¬Colchester¬Essex¬CO4 3HS¬51.897716522216797¬0.93755906820297241¬06T¬NHS North East Essex CCG¬01206864395¬webmaster@parsonsheath.co.uk¬http://www.parsonsheath.co.uk¬01206 869047
12279¬F81080¬GP¬UNKNOWN¬Visible¬True¬True¬The Billericay Medical Practice¬Billericay Health Centre¬Stock Road¬¬Billericay¬Essex¬CM12 0BJ¬51.631229400634766¬0.42252615094184875¬99E¬NHS Basildon And Brentwood CCG¬01277658071¬¬www.gps-billericayhealthcentre.co.uk¬01277 631892
12280¬F81081001¬GP¬UNKNOWN¬Visible¬True¬True¬Sutton Road Surgery¬508 Sutton Road¬¬¬Southend On Sea¬Essex¬SS2 5PN¬51.551528930664063¬0.71503955125808716¬99G¬NHS Southend CCG¬01702468301¬f81081.queenswaysurgery@nhs.net¬http://www.queenswaysurgery.co.uk/¬01702 468301
12281¬F81081¬GP¬UNKNOWN¬Visible¬True¬True¬Queensway Surgery¬75 Queensway¬¬¬Southend On Sea¬Essex¬SS1 2AB¬51.541786193847656¬0.71402662992477417¬99G¬NHS Southend CCG¬01702463333¬¬http://queenswaysurgery.co.uk¬
12282¬F81082001¬GP¬UNKNOWN¬Visible¬True¬True¬The Health Clinic¬Giffords Cross Road¬Corringham¬¬Stanford Le Hope¬Essex¬SS17 7QQ¬51.524147033691406¬0.45806884765625¬07G¬NHS Thurrock CCG¬01375672468¬¬http://www.drjonesandbyrne.nhs.uk/¬01375 644949
12283¬F81082¬GP¬UNKNOWN¬Visible¬True¬True¬The Rigg-Milner Medical Centre¬2 Bata Avenue¬East Tilbury¬¬Tilbury¬Essex¬RM18 8SD¬51.480068206787109¬0.41565787792205811¬07G¬NHS Thurrock CCG¬01375843217¬¬http://www.drjonesandbyrne.nhs.uk/¬01375 840423
12284¬F81083¬GP¬UNKNOWN¬Visible¬True¬True¬Beauchamp House¬37 Baddow Road¬¬¬Chelmsford¬Essex¬CM2 0DB¬51.729965209960938¬0.4767964780330658¬06Q¬NHS Mid Essex CCG¬01245262255¬katie.francis@nhs.net¬http://www.beauchamphouse.co.uk¬01245 262256
12285¬F81110002¬GP¬UNKNOWN¬Visible¬True¬True¬Chadwell Medical Centre¬Chadwell Medical Centre¬1 Brentwood Road¬Chadwell St Mary¬Grays¬Essex¬RM16 4JD¬51.482677459716797¬0.36843708157539368¬07G¬NHS Thurrock CCG¬01375842289¬¬http://www.chadwellmedicalcentre.co.uk/¬01375 840357
12286¬F81085¬GP¬UNKNOWN¬Visible¬True¬True¬Dr A Naeem & Partners,The New Surgery¬¬8 Shenfield Road¬¬Brentwood¬Essex¬CM15 8AB¬51.621753692626953¬0.30725046992301941¬99E¬NHS Basildon And Brentwood CCG¬01277 218393¬¬http://www.thenewsurgery-brentwood.co.uk/¬01277 201017
12287¬F81086¬GP¬UNKNOWN¬Visible¬True¬True¬Central Surgery - Southchurch Blvd¬27 Southchurch Boulevard¬¬¬Southend On Sea¬Essex¬SS2 4UB¬51.542190551757812¬0.7395508885383606¬99G¬NHS Southend CCG¬01702468443¬¬¬01702 603281
12288¬F81087¬GP¬UNKNOWN¬Visible¬True¬True¬Mount Chambers Medical Practice¬Mount Chambers¬92 Coggeshall Road¬¬Braintree¬Essex¬CM7 9BY¬51.879802703857422¬0.55270898342132568¬06Q¬NHS Mid Essex CCG¬01376553415¬reception.mchambers@nhs.net¬¬01376 552451
12289¬F81088¬GP¬UNKNOWN¬Visible¬True¬True¬Southend Road Surgery¬271A Southend Road¬¬¬Stanford Le Hope¬Essex¬SS17 8HD¬51.526950836181641¬0.43956360220909119¬07G¬NHS Thurrock CCG¬01375679316¬¬http://www.southendroadsurgery.co.uk/¬01375 679335
12290¬F81089¬GP¬UNKNOWN¬Visible¬True¬True¬Wakering Medical Ctr.¬274 High Street¬¬¬Great Wakering¬Essex¬SS3 0HX¬51.553871154785156¬0.79334425926208496¬99F¬NHS Castle Point And Rochford CCG¬01702216545¬¬http://www.wakeringmedicalcentre.co.uk¬01702 535430
12291¬F81090¬GP¬UNKNOWN¬Visible¬True¬True¬Angel Lane Surgery¬Angel Lane¬¬¬Dunmow¬Essex¬CM6 1AQ¬51.871959686279297¬0.36255979537963867¬07H¬NHS West Essex CCG¬01371872122¬¬http://www.angellanesurgery.co.uk/¬01371 873679
12292¬F81091¬GP¬UNKNOWN¬Visible¬True¬True¬East Hill Surgery¬78 East Hill¬¬¬Colchester¬Essex¬CO1 2RW¬51.890026092529297¬0.90933901071548462¬06T¬NHS North East Essex CCG¬01206866133¬¬http://www.easthillsurgery.co.uk/¬01206 869054
12293¬F81092001¬GP¬UNKNOWN¬Visible¬True¬True¬Leigh Road Surgery¬38-40 Leigh Road¬¬¬Leigh On Sea¬Essex¬SS9 1LF¬51.543331146240234¬0.66975224018096924¬99G¬NHS Southend CCG¬01702475105¬¬¬01702 719009
12294¬F81092¬GP¬UNKNOWN¬Visible¬True¬True¬Dr Sooriakumaran¬3 Prince Avenue¬¬¬Southend On Sea¬Essex¬SS2 6RL¬51.557720184326172¬0.69890278577804565¬99G¬NHS Southend CCG¬01702347947¬¬¬01702 435306
12295¬F81115001¬GP¬UNKNOWN¬Visible¬True¬True¬Nayland Surgery¬93 Bear Street¬Nayland¬¬Colchester¬Essex¬CO6 4LA¬51.972431182861328¬0.86665248870849609¬06T¬NHS North East Essex CCG¬01206262202¬creffieldmedicalcentre@nhs.net¬¬
12297¬F81115002¬GP¬UNKNOWN¬Visible¬True¬True¬West Bergholt Surgery¬2 Erle Havard Road¬West Bergholt¬¬Colchester¬Essex¬CO6 3LH¬51.912078857421875¬0.85316401720046997¬06T¬NHS North East Essex CCG¬01206241137¬northhillsurgery@nhs.net¬http://northhillsurgery.co.uk/¬01206 241901
12298¬F81095¬GP¬UNKNOWN¬Visible¬True¬True¬Abbey Field Medical Centre¬Ypres Road¬¬¬Colchester¬Essex¬CO2 7UW¬51.877487182617188¬0.89858978986740112¬06T¬NHS North East Essex CCG¬01206517100¬¬¬01206 765667
12300¬F81096¬GP¬UNKNOWN¬Visible¬True¬True¬Oaklands Surgery - Canvey Island¬Long Road¬¬¬Canvey Island¬Essex¬SS8 0JA¬51.520221710205078¬0.59100079536437988¬99F¬NHS Castle Point And Rochford CCG¬01268209339¬¬http://www.oaklandssurgery.net/¬
12301¬F81097¬GP¬UNKNOWN¬Visible¬True¬True¬The Valkyrie Surgery¬Valkyrie Road Primary Care Centre¬50 Valkyrie Road¬¬Westcliff On Sea¬Essex¬SS0 8BU¬51.539375305175781¬0.69090873003005981¬99G¬NHS Southend CCG¬01702221622¬valkyriesurgery@nhs.net¬¬
12302¬F81098¬GP¬UNKNOWN¬Visible¬True¬True¬The Writtle Surgery¬16A Lordship Road¬Writtle¬¬Chelmsford¬Essex¬CM1 3EH¬51.732479095458984¬0.42656204104423523¬06Q¬NHS Mid Essex CCG¬01245421205¬¬http://www.writtle.gpsurgery.net/¬01245 422094
12303¬F81099001¬GP¬UNKNOWN¬Visible¬True¬True¬Dr Haeger & Partners¬Goldring House, Rowan Drive¬Heybridge¬¬Maldon¬Essex¬CM9 4BW¬51.744182586669922¬0.69698166847229004¬06Q¬NHS Mid Essex CCG¬01621876760¬blackwater.medicalcentre1@nhs.net¬http://blackwatermedicalcentre.co.uk¬01621 876799
12304¬F81099¬GP¬UNKNOWN¬Visible¬True¬True¬Blackwater Medical Centre¬Princes Road¬¬¬Maldon¬Essex¬CM9 5GP¬51.728378295898437¬0.68096441030502319¬06Q¬NHS Mid Essex CCG¬01621876760¬blackwater.medicalcentre@nhs.net¬¬01621 876779
12305¬F81100¬GP¬UNKNOWN¬Visible¬True¬True¬Beacon Health Group¬52 Maldon Road¬Danbury¬¬Chelmsford¬Essex¬CM3 4QL¬51.716667175292969¬0.58758050203323364¬06Q¬NHS Mid Essex CCG¬01245221777¬¬http://www.thebeaconhealthgroup.co.uk¬01245 221779
12306¬F81101¬GP¬UNKNOWN¬Visible¬True¬True¬Essex Way Surgery¬34 Essex Way¬¬¬Benfleet¬Essex¬SS7 1LT¬51.545223236083984¬0.56606912612915039¬99F¬NHS Castle Point And Rochford CCG¬01268792203¬essexway.surgery@nhs.net¬http://www.essexwaysurgery.co.uk¬01268 759495
12307¬F81102¬GP¬UNKNOWN¬Visible¬True¬True¬Rockleigh Court Surgery¬Rockleigh Court, 136 Hutton Road¬Shenfield¬¬Brentwood¬Essex¬CM15 8NN¬51.630260467529297¬0.32688629627227783¬99E¬NHS Basildon And Brentwood CCG¬01277223844¬¬www.rockleighcourtsurgery.co.uk¬01277 230136
12309¬F81104¬GP¬UNKNOWN¬Visible¬True¬True¬The Chapel Street Surgery¬93 Chapel Street¬¬¬Billericay¬Essex¬CM12 9LR¬51.623203277587891¬0.41871777176856995¬99E¬NHS Basildon And Brentwood CCG¬01277315815¬¬¬01277315816
12310¬F81105¬GP¬UNKNOWN¬Visible¬True¬True¬Little Waltham & Great Notley Surgeries¬30 Brook Hill¬¬¬Chelmsford¬Essex¬CM3 3LL¬51.787395477294922¬0.47763648629188538¬06Q¬NHS Mid Essex CCG¬01245360253¬¬http://www.littlewalthamsurgery.co.uk¬01245 361343
12311¬F81105001¬GP¬UNKNOWN¬Visible¬True¬True¬Great Notley Surgery¬Great Notley¬Notley Green¬Great Notley¬Braintree¬Essex¬CM77 7GS¬51.856906890869141¬0.52339732646942139¬06Q¬NHS Mid Essex CCG¬01376341411¬¬http://google.com¬01376 341511
12312¬F81106¬GP¬UNKNOWN¬Visible¬True¬True¬The Ross Practice¬Keats House¬Bush Fair¬¬Harlow¬Essex¬CM18 6LY¬51.756999969482422¬0.11453531682491302¬07H¬NHS West Essex CCG¬01279215354¬¬http://therosspractice.com¬01279 634639
12313¬F81108¬GP¬UNKNOWN¬Visible¬True¬True¬Laindon Medical Group¬High Road¬Laindon¬¬Basildon¬Essex¬SS15 5TR¬51.573329925537109¬0.42350116372108459¬99E¬NHS Basildon And Brentwood CCG¬01268209363¬laindon.healthcentre@nhs.net¬http://www.drmarshallandpartnerslaindonhc.nhs.uk/¬
12315¬F81110¬GP¬UNKNOWN¬Visible¬True¬True¬The Tilbury Chadwell Group Practice¬Tilbury Health Centre (GP Wing)¬London Road¬¬Tilbury¬Essex¬RM18 8EB¬51.460914611816406¬0.36645632982254028¬07G¬NHS Thurrock CCG¬01375 842 028¬talk2us.cmc@nhs.net¬https://www.tilburyhealthcentre.nhs.uk/¬
12316¬F81111¬GP¬UNKNOWN¬Visible¬True¬True¬Elsenham Surgery¬Station Road¬Elsenham¬¬Bishops Stortford¬Hertfordshire¬CM22 6LA¬51.915798187255859¬0.22841694951057434¬07H¬NHS West Essex CCG¬01279814730¬kgreaves1@nhs.net¬¬01279 647342
12317¬F81112¬GP¬UNKNOWN¬Visible¬True¬True¬Highlands Surgery¬1643 London Road¬¬¬Leigh On Sea¬Essex¬SS9 2SQ¬51.548004150390625¬0.63735371828079224¬99G¬NHS Southend CCG¬01702710131¬reception.mailboxf81112@nhs.net¬http://www.highlandsurgery.nhs.uk¬01702 471154
12318¬F81113¬GP¬UNKNOWN¬Visible¬True¬True¬Dr T Abela & Partners¬Drake Road¬Chafford Hundred¬¬Grays¬Essex¬RM16 6RS¬51.4901123046875¬0.30401113629341125¬07G¬NHS Thurrock CCG¬01375480000¬¬http://www.chaffordhundredmedicalcentre.co.uk/¬01375 483084
12319¬F81114¬GP¬UNKNOWN¬Visible¬True¬True¬Baddow Village Surgery¬Longmead Avenue¬Great Baddow¬¬Chelmsford¬Essex¬CM2 7EZ¬51.719261169433594¬0.50357651710510254¬06Q¬NHS Mid Essex CCG¬01245473251¬baddow.surgery@nhs.net¬http://baddowvillagesurgery.co.uk¬
12320¬F81115¬GP¬UNKNOWN¬Visible¬True¬True¬Creffield Medical Centre¬15 Cavalry Road¬¬¬Colchester¬Essex¬CO2 7GH¬51.881816864013672¬0.89253246784210205¬06T¬NHS North East Essex CCG¬01206570371¬annread@nhs.net¬http://www.creffieldmedicalcentre.nhs.uk¬01206 369908
12321¬F81116¬GP¬UNKNOWN¬Visible¬True¬True¬Colne Medical Centre¬40 Station Road¬¬¬Colchester¬Essex¬CO7 0DT¬51.809852600097656¬1.0214922428131104¬06T¬NHS North East Essex CCG¬01206302522¬¬http://www.colnemedicalcentre.nhs.uk¬00000000000
12322¬F81116001¬GP¬UNKNOWN¬Visible¬True¬True¬Coach Road Surgery¬1 Coach Road¬¬¬Colchester¬Essex¬CO7 8EA¬51.853328704833984¬1.0025476217269897¬06T¬NHS North East Essex CCG¬01206 302522¬¬¬
12323¬F81117¬GP¬UNKNOWN¬Visible¬True¬True¬Sutherland Lodge Surgery¬115 Baddow Road¬¬¬Chelmsford¬Essex¬CM2 7PY¬51.725662231445313¬0.48258522152900696¬06Q¬NHS Mid Essex CCG¬01245351351¬¬http://www.sutherlandlodgesurgery.co.uk¬01245 494192
12324¬F81118001¬GP¬UNKNOWN¬Visible¬True¬False¬The Felsted Surgery¬Braintree Road¬Dunmow¬¬Felsted¬Essex¬CM6 3DL¬51.857368469238281¬0.43635636568069458¬07H¬NHS West Essex CCG¬01371820410¬¬http://www.jth.org.uk¬01371 821476
12325¬F81118¬GP¬UNKNOWN¬Visible¬True¬False¬John Tasker House Surgery¬56 New Street¬¬¬Dunmow¬Essex¬CM6 1BH¬51.870136260986328¬0.36327779293060303¬07H¬NHS West Essex CCG¬01371872121¬¬http://www.jth.org.uk¬01371 873793
12326¬F81119¬GP¬UNKNOWN¬Visible¬True¬True¬The Pump House Surgery¬Nonancourt Way¬Earls Colne¬¬Colchester¬Essex¬CO6 2SW¬51.926624298095703¬0.69522541761398315¬06Q¬NHS Mid Essex CCG¬01787222022¬¬http://www.thepumphousesurgery.co.uk¬
12327¬F81120¬GP¬UNKNOWN¬Visible¬True¬True¬Nuffield House Doctors Surgery¬Nuffield House Health Centre¬The Stow¬¬Harlow¬Essex¬CM20 3AX¬51.774440765380859¬0.11284278333187103¬07H¬NHS West Essex CCG¬01279213101¬¬http://www.nuffieldhouse.co.uk/¬01279 621799
12328¬F81121¬GP¬UNKNOWN¬Visible¬True¬True¬The Thorpe Bay Surgery¬99 Tyrone Road¬¬¬Southend On Sea¬Essex¬SS1 3HD¬51.534599304199219¬0.75800055265426636¬99G¬NHS Southend CCG¬01702582670¬¬¬01702 589146
12329¬F81122¬GP¬UNKNOWN¬Visible¬True¬True¬Tennyson House Surgery¬20 Merlin Place¬¬¬Chelmsford¬Essex¬CM1 4HW¬51.749313354492188¬0.45952713489532471¬06Q¬NHS Mid Essex CCG¬01245260459¬¬http://www.tennysonhouse.com¬01245 344287
12330¬F81123¬GP¬UNKNOWN¬Visible¬True¬True¬Audley Mills Surgery¬57 Eastwood Road¬¬¬Rayleigh¬Essex¬SS6 7JF¬51.584976196289063¬0.6071428656578064¬99F¬NHS Castle Point And Rochford CCG¬01268209309¬¬http://www.audleymills.co.uk¬01268 770176
12332¬F81125¬GP¬UNKNOWN¬Visible¬True¬True¬Church View Surgery¬Burley House¬15-17 High Street¬¬Rayleigh¬Essex¬SS6 7EW¬51.587104797363281¬0.60722154378890991¬99F¬NHS Castle Point And Rochford CCG¬01268 774477¬¬http://www.churchviewsurgery.co.uk/¬01268 771293
12333¬F81126¬GP¬UNKNOWN¬Visible¬True¬True¬Burnham Surgery¬Foundry Lane¬¬¬Burnham On Crouch¬Essex¬CM0 8SJ¬51.63214111328125¬0.81452655792236328¬06Q¬NHS Mid Essex CCG¬01621782054¬¬http://www.burnhamsurgery.co.uk¬01621 785592
12336¬F81128002¬GP¬UNKNOWN¬Visible¬True¬True¬Dr S H H Zaidi & Partner¬346 Rayleigh Road¬¬¬Leigh-On-Sea¬Essex¬SS9 5PU¬51.570087432861328¬0.65075474977493286¬99G¬NHS Southend CCG¬01702525289¬¬¬01702 520134
12337¬F81128001¬GP¬UNKNOWN¬Visible¬True¬True¬Dr S H H Zaidi & Partner¬335 Eastwood Road North¬¬¬Leigh-On-Sea¬Essex¬SS9 4LT¬51.559024810791016¬0.6476294994354248¬99G¬NHS Southend CCG¬01702529111¬¬¬01702 528887
12338¬F81128¬GP¬UNKNOWN¬Visible¬True¬True¬Dr S H H Zaidi & Dr S T A Zaidi¬Kent Elms Health Centre¬1 Rayleigh Road¬¬Leigh-On-Sea¬Essex¬SS9 5UU¬51.563831329345703¬0.6641278862953186¬99G¬NHS Southend CCG¬01702421888¬¬¬01702 421818
12340¬F81130¬GP¬UNKNOWN¬Visible¬True¬True¬William Fisher Medical Centre¬High Street¬¬¬Southminster¬Essex¬CM0 7AY¬51.662818908691406¬0.82692736387252808¬06Q¬NHS Mid Essex CCG¬01621772360¬¬¬01621 773880
12341¬F81131¬GP¬UNKNOWN¬Visible¬True¬False¬Thaxted Surgery¬Margaret Street¬¬¬Dunmow¬Essex¬CM6 2QN¬51.955188751220703¬0.34347182512283325¬07H¬NHS West Essex CCG¬01371830213¬we-pct.thaxtedsurgery@nhs.net¬http://www.thaxted-surgery.co.uk¬01371 831278
12342¬F81132¬GP¬UNKNOWN¬Visible¬True¬True¬Blandford Medical Centre¬Mace Avenue¬¬¬Braintree¬Essex¬CM7 2AE¬51.879032135009766¬0.54082322120666504¬06Q¬NHS Mid Essex CCG¬01376 347100¬blandford.administration@nhs.net¬http://www.blandfordmedicalcentre.co.uk¬
12343¬F81133¬GP¬UNKNOWN¬Visible¬True¬True¬Dr N A Turner & Partners¬Church Road¬¬¬Tiptree¬Essex¬CO5 0HB¬51.810237884521484¬0.75125569105148315¬06T¬NHS North East Essex CCG¬01621816475¬tiptreemedicalcentre@nhs.net¬http://www.tiptree-medcentre.co.uk¬01621 819902
12344¬F81134¬GP¬UNKNOWN¬Visible¬True¬True¬Peartree Surgery¬4 West Road¬¬¬South Ockendon¬Essex¬RM15 6PR¬51.524055480957031¬0.29656997323036194¬07G¬NHS Thurrock CCG¬01708852318¬¬http://www.peartreesurgery.co.uk¬
12345¬F81134001¬GP¬UNKNOWN¬Visible¬True¬True¬West Horndon Surgery¬129 Station Road¬West Horndon¬¬Brentwood¬Essex¬CM13 3NB¬51.569927215576172¬0.34661903977394104¬07G¬NHS Thurrock CCG¬01277811770¬¬http://www.peartreesurgery.co.uk¬
12346¬F81136¬GP¬UNKNOWN¬Visible¬True¬True¬The Loughton Surgery¬¬25 Traps Hill¬¬Loughton¬Essex¬IG10 1SZ¬51.648838043212891¬0.06039249524474144¬07H¬NHS West Essex CCG¬0208 418 1340¬¬http://www.loughtonsurgery.co.uk¬020 8508 9961
12347¬F81137001¬GP¬UNKNOWN¬Visible¬True¬True¬Dr M Colburn & Partners¬1 King Edward Drive¬¬¬Grays¬Essex¬RM16 2GG¬51.487350463867188¬0.35078832507133484¬07G¬NHS Thurrock CCG¬01375374458¬¬http://www.orsettsurgery.wordpress.com¬01375 892487
12348¬F81137¬GP¬UNKNOWN¬Visible¬True¬True¬The Orsett Surgery¬63 Rowley Road¬¬¬Orsett¬Essex¬RM16 3ET¬51.51104736328125¬0.36642065644264221¬07G¬NHS Thurrock CCG¬01375892082¬¬http://www.orsettsurgery.wordpress.com¬01375 892487
12350¬Y00293002¬GP¬UNKNOWN¬Visible¬True¬True¬Hedingham Medical Centre (Sible)¬77 Swan Street¬Sible Hedingham¬¬Halstead¬Essex¬CO9 3HT¬51.974773406982422¬0.59397035837173462¬06Q¬NHS Mid Essex CCG¬01787460612¬¬http://www.hiltonhousesurgery.co.uk¬01787 462754
12351¬F81141¬GP¬UNKNOWN¬Visible¬True¬True¬Rowhedge Surgery¬7 Rectory Road¬Rowhedge¬¬Colchester¬Essex¬CO5 7HP¬51.857669830322266¬0.9450719952583313¬06T¬NHS North East Essex CCG¬01206728585¬rowhedgesurgery@nhs.net¬www.rowhedgesurgery.co.uk¬01206 729262
12352¬F81141001¬GP¬UNKNOWN¬Visible¬True¬True¬University Health Centre¬Wivenhoe Park¬¬¬Colchester¬Essex¬CO4 3SQ¬51.876796722412109¬0.94656950235366821¬06T¬NHS North East Essex CCG¬01206794484¬universityhealthcentre.gp-f81141@nhs.net¬www.rowhedgesurgery.co.uk¬01206 864396
12353¬F81142¬GP¬UNKNOWN¬Visible¬True¬True¬St George's Medical Practice¬91 Rushbottom Lane¬¬¬Benfleet¬Essex¬SS7 4EA¬51.570732116699219¬0.54818171262741089¬99F¬NHS Castle Point And Rochford CCG¬01268209269¬¬http://www.thebakerpractice.co.uk/¬01268 795150
12354¬F81144¬GP¬UNKNOWN¬Visible¬True¬True¬The Pall Mall Surgery¬1St Floor, Leigh Primary Care Centre¬918 London Road¬¬Leigh On Sea¬Essex¬SS9 3NG¬51.547306060791016¬0.66339302062988281¬99G¬NHS Southend CCG¬01702482900¬pallmallsurgery@nhs.net¬¬01702 714301
12355¬F81147¬GP¬UNKNOWN¬Visible¬True¬True¬Central Surgery - North Road Pcc¬North Road Primary Care Centre¬1St Floor, 183-195 North Road¬Westcliff On Sea¬Southend On Sea¬Essex¬SS0 7AF¬51.544986724853516¬0.70188480615615845¬99G¬NHS Southend CCG¬01702 342589¬¬http://www.centralandthorpesurgery.co.uk¬01702 437015
12356¬F81147001¬GP¬UNKNOWN¬Visible¬True¬True¬Thorpe Surgery¬38 Acacia Drive¬¬¬Southend¬Essex¬SS1 3JX¬51.537212371826172¬0.75918269157409668¬99G¬NHS Southend CCG¬01702 588046¬¬¬01702 585821
12357¬F81149002¬GP¬UNKNOWN¬Visible¬True¬True¬Sidney House Surgery¬Strutt Close¬Hatfield Peverel¬¬Chelmsford¬Essex¬CM3 2HB¬51.775474548339844¬0.59519726037979126¬06Q¬NHS Mid Essex CCG¬01245380324¬sidney.laurels@nhs.net¬http://www.sidneyhouseandthelaurels.nhs.uk/¬
12358¬F81149¬GP¬UNKNOWN¬Visible¬True¬True¬The Laurels Surgery¬Juniper Road¬Boreham¬¬Chelmsford¬Essex¬CM3 3DX¬51.757942199707031¬0.54468387365341187¬06Q¬NHS Mid Essex CCG¬01245380324¬sidney.laurels@nhs.net¬http://www.sidneyhouseandthelaurels.nhs.uk/¬
12359¬F81150¬GP¬UNKNOWN¬Visible¬True¬True¬Ballards Walk Surgery¬49 Ballards Walk¬¬¬Basildon¬Essex¬SS15 5HL¬51.573226928710938¬0.44182470440864563¬99E¬NHS Basildon And Brentwood CCG¬01268542901¬¬¬01268 491246
12361¬F81152¬GP¬UNKNOWN¬Visible¬True¬True¬Forest Practice¬26 Pyrles Lane¬¬¬Loughton¬Essex¬IG10 2NH¬51.654788970947266¬7.5249902904033661E-2¬07H¬NHS West Essex CCG¬02085084580¬¬http://www.forestpractice.co.uk¬0208 5084383
12362¬F81153¬GP¬UNKNOWN¬Visible¬True¬True¬Hassengate Medical Centre¬Southend Road¬¬¬Stanford Le Hope¬Essex¬SS17 0PH¬51.519317626953125¬0.42742151021957397¬07G¬NHS Thurrock CCG¬01375808210¬¬http://www.hassengatemedicalcentre.co.uk/¬08712 264360
12363¬F81155¬GP¬UNKNOWN¬Visible¬True¬True¬Balfour Medical Centre¬¬2 Balfour Road¬¬Grays¬Essex¬RM17 5NS¬51.486274719238281¬0.33804258704185486¬07G¬NHS Thurrock CCG¬01375373366¬¬¬01375 394562
12365¬F81156¬GP¬UNKNOWN¬Visible¬True¬True¬Ranworth Surgery¬103 Pier Avenue¬¬¬Clacton On Sea¬Essex¬CO15 1NJ¬51.79168701171875¬1.1497241258621216¬06T¬NHS North East Essex CCG¬01255422587¬¬www.ranworthsurgery.co.uk¬01255 473581
12367¬F81681002¬GP¬UNKNOWN¬Visible¬True¬True¬Frinton Road Medical Centre¬68 Frinton Road¬¬¬Holland-On-Sea¬Essex¬CO15 5UW¬51.804237365722656¬1.1863763332366943¬06T¬NHS North East Essex CCG¬01255814936¬¬http://www.frintonroadmedicalcentre.co.uk¬01255 812384
12368¬F81158¬GP¬UNKNOWN¬Visible¬True¬True¬Dr Nasah & Partners¬South Wing, Dipple Medical Centre¬Wickford Avenue¬Pitsea¬Basildon¬Essex¬SS13 3HQ¬51.567729949951172¬0.50554412603378296¬99E¬NHS Basildon And Brentwood CCG¬01268553321¬¬http://www.tnasah-southwing.co.uk/¬01268 552407
12370¬F81159¬GP¬UNKNOWN¬Visible¬True¬True¬Southend Medical Centre¬50-52 London Road¬¬¬Southend On Sea¬Essex¬SS1 1NX¬51.540069580078125¬0.7085304856300354¬99G¬NHS Southend CCG¬01702333298¬¬¬
12372¬F81163¬GP¬UNKNOWN¬Visible¬True¬True¬The New Folly Surgery¬Bell Mead¬¬¬Ingatestone¬Essex¬CM4 0FA¬51.669620513916016¬0.38478714227676392¬99E¬NHS Basildon And Brentwood CCG¬01277 352 224¬¬¬01277 352 868
12373¬F81164¬GP¬UNKNOWN¬Visible¬True¬True¬West Road Surgery¬North Road Primary Care Centre¬183-195 North Road¬¬Westcliff On Sea¬Essex¬SS0 7AF¬51.544986724853516¬0.70188480615615845¬99G¬NHS Southend CCG¬01702339865¬¬www.westroadsurgery.co.uk¬01702 224949
12374¬F81165¬GP¬UNKNOWN¬Visible¬True¬True¬Palmerston Road Surgery¬18 Palmerston Road¬¬¬Buckhurst Hill¬Essex¬IG9 5LT¬51.626869201660156¬4.4833019375801086E-2¬07H¬NHS West Essex CCG¬02085041552¬¬¬020 8559 2517
12375¬F81168¬GP¬UNKNOWN¬Visible¬True¬False¬SOUTHVIEW PARK SURGERY¬London Road¬¬¬Basildon¬Essex¬SS16 4QX¬51.557327270507813¬0.48095059394836426¬99E¬NHS Basildon And Brentwood CCG¬01268553292¬¬https://southviewpark.gpsurgery.net/¬01268 559805
12376¬F81169¬GP¬UNKNOWN¬Visible¬True¬True¬Kings Medical Centre¬23 Kings Avenue¬¬¬Buckhurst Hill¬Essex¬IG9 5LP¬51.626228332519531¬4.2940355837345123E-2¬07H¬NHS West Essex CCG¬0208 504 0122¬weccg.kmc@nhs.net¬http://www.kingsmedicalcentre.co.uk¬0208 559 2984
12377¬F81170¬GP¬UNKNOWN¬Visible¬True¬True¬Kingsway Surgery¬42 Kings Way¬South Woodham Ferrers¬¬Chelmsford¬Essex¬CM3 5QH¬51.65203857421875¬0.60442674160003662¬06Q¬NHS Mid Essex CCG¬01245321391¬kingsway.receptionist@nhs.net¬http://www.kingswaysurgery.net¬01245 325627
12378¬F81170001¬GP¬UNKNOWN¬Visible¬True¬True¬Anson Close Surgery¬3 Anson Close¬Chelmsford¬¬South Woodham Ferrers¬Essex¬CM3 5YJ¬51.641246795654297¬0.62168824672698975¬06Q¬NHS Mid Essex CCG¬01245328040¬¬¬01245 325627
12380¬F81173¬GP¬UNKNOWN¬Visible¬True¬True¬Douglas Grove Surgery¬Douglas Grove¬¬¬Witham¬Essex¬CM8 1TE¬51.802474975585937¬0.62231236696243286¬06Q¬NHS Mid Essex CCG¬01376512827¬adminf81173@nhs.net¬http://www.douglasgrovesurgery.nhs.uk¬01376 502463
12381¬F81176¬GP¬UNKNOWN¬Visible¬True¬True¬North Avenue Surgery¬332 North Avenue¬¬¬Southend On Sea¬Essex¬SS2 4EQ¬51.546615600585938¬0.73520106077194214¬99G¬NHS Southend CCG¬01702467215¬reception.mailboxf81176@nhs.net¬https://www.northavenuesurgery.nhs.uk/¬01702 603160
12382¬F81177¬GP¬UNKNOWN¬Visible¬True¬True¬Dr Am Deshpande & Dr P Gurjar Practice¬2 Wharf Road¬¬¬Stanford Le Hope¬Essex¬SS17 0BY¬51.513839721679688¬0.42688533663749695¬07G¬NHS Thurrock CCG¬01375672109¬stevemckenna@nhs.net¬¬01375 671724
12384¬F81181¬GP¬UNKNOWN¬Visible¬True¬True¬Addison House - Haque Practice¬Hamstel Road¬¬¬Harlow¬Essex¬CM20 1DS¬51.770889282226562¬8.8993027806282043E-2¬07H¬NHS West Essex CCG¬01279621900¬¬http://www.addison-surgery.nhs.uk¬01279 621909
12385¬F81183¬GP¬UNKNOWN¬Visible¬True¬True¬The Dengie Medical Partnership¬61 South Street¬Tillingham¬¬Southminster¬Essex¬CM0 7TH¬51.693340301513672¬0.88244718313217163¬06Q¬NHS Mid Essex CCG¬01621778383¬dengie.medical@nhs.net¬http://www.dengiemedicalpartnership.nhs.uk/¬01621 778034
12386¬F81184¬GP¬UNKNOWN¬Visible¬True¬True¬Dr. D. Colvin & Dr. O. B. Isinkaye¬37 Ongar Road¬Abridge¬¬Romford¬Essex¬RM4 1UH¬51.653629302978516¬0.12456764280796051¬07H¬NHS West Essex CCG¬01992812961¬¬¬01992 815925
12388¬F81186001¬GP¬UNKNOWN¬Visible¬True¬True¬Long Riding Surgery¬30 Long Riding¬¬¬Basildon¬Essex¬SS14 1QY¬51.571540832519531¬0.48316794633865356¬99E¬NHS Basildon And Brentwood CCG¬01268285285¬mary.abraham@nhs.net¬www.longridingsurgery.co.uk¬01268 526081
12389¬F81186¬GP¬UNKNOWN¬Visible¬True¬True¬Northlands Surgery¬Felmores Medical Centre¬Felmores End¬¬Basildon¬Essex¬SS13 1PN¬51.579048156738281¬0.50735050439834595¬99E¬NHS Basildon And Brentwood CCG¬01268728108¬mary.abraham@nhs.net¬www.felmoresmedicalcentre.co.uk¬01268 726870
12390¬F81192¬GP¬UNKNOWN¬Visible¬True¬True¬Stifford Clays Medical Centre¬Crammavill Street¬Stifford Clays¬¬Grays¬Essex¬RM16 2AP¬51.49761962890625¬0.32918599247932434¬07G¬NHS Thurrock CCG¬01375800450¬¬https://www.mysurgerywebsite.co.uk/ppg.aspx?pr=F81192¬01375 394520
12391¬F81193¬GP¬UNKNOWN¬Visible¬True¬True¬Witham Health Centre¬Witham Health Centre¬4 Mayland Road¬¬Witham¬Essex¬CM8 2UX¬51.800556182861328¬0.64289009571075439¬06Q¬NHS Mid Essex CCG¬01376 337272¬¬¬
12393¬F81197¬GP¬UNKNOWN¬Visible¬True¬True¬Dr H Kadim ¬Daiglen Drive¬¬¬South Ockendon¬Essex¬RM15 5SZ¬51.507881164550781¬0.28399676084518433¬07G¬NHS Thurrock CCG¬01708853114¬¬http://www.sanctamariacentre.nhs.uk¬01708 856570
12394¬F81198¬GP¬UNKNOWN¬Visible¬True¬True¬Dr Raman Chandel¬High Road¬Horndon-On-The-Hill¬¬Horndon-on the-Hill¬Essex¬SS17 8LB¬51.523326873779297¬0.40620777010917664¬07G¬NHS Thurrock CCG¬01375642362¬practicemanager.f81198@nhs.net¬http://www.thesurgeryhorndon-on-the-hill.co.uk/¬01375 641747
12395¬F81200¬GP¬UNKNOWN¬Visible¬True¬False¬Dr Sankarakumaran Sathanandan¬9 Blenheim Chase¬¬¬Leigh On Sea¬Essex¬SS9 3BZ¬51.555141448974609¬0.65027493238449097¬99G¬NHS Southend CCG¬01702470336¬¬http://www.drsathanandanspractice.co.uk/¬01702 476210
12396¬F81205¬GP¬UNKNOWN¬Visible¬True¬True¬Drs J B & A J Ghauri¬1A Hawkesbury Road¬¬¬Canvey Island¬Essex¬SS8 0EX¬51.517978668212891¬0.57115352153778076¬99F¬NHS Castle Point And Rochford CCG¬01268682303¬¬http://www.thesurgerycanveyisland.co.uk¬01268 690498
12397¬F81206¬GP¬UNKNOWN¬Visible¬True¬True¬Commonwealth Health Centre¬Quebec Road¬¬¬Tilbury¬Essex¬RM18 7RB¬51.463165283203125¬0.36306393146514893¬07G¬NHS Thurrock CCG¬1375842396¬¬http://www.commonwealthhealthcentre.nhs.uk/¬01375 840448
12398¬Y00999¬GP¬UNKNOWN¬Visible¬True¬True¬Oddfellows Hall Health Centre¬Oddfellows Hall¬Dell Road¬¬Grays¬Essex¬RM17 5JY¬51.480854034423828¬0.32845517992973328¬07G¬NHS Thurrock CCG¬01375 388070¬oddfellowshall.hc@nhs.net¬http://www.oddfellowsandstclements.nhs.uk¬01375 388099
12399¬F81207¬GP¬UNKNOWN¬Visible¬True¬True¬Dr Bekas Medical Centre¬48 Argyll Road¬¬¬Westcliff On Sea¬Essex¬SS0 7HN¬51.542060852050781¬0.69386523962020874¬99G¬NHS Southend CCG¬01702432040¬drbekas.medicalpractice@nhs.net¬¬01702 680680
12400¬F81209¬GP¬UNKNOWN¬Visible¬True¬True¬The Shaftesbury Avenue Surgery¬119 Shaftesbury Avenue¬Thorpe Bay¬¬Southend On Sea¬Essex¬SS1 3AN¬51.5316162109375¬0.74126631021499634¬99G¬NHS Southend CCG¬01702582687¬¬http://www.shaftesburysurgery.co.uk¬01702 589143
12403¬F81211¬GP¬UNKNOWN¬Visible¬True¬True¬Dr Yadava N Practice¬34 East Thurrock Road¬¬¬Grays¬Essex¬RM17 6SP¬51.476703643798828¬0.33460065722465515¬07G¬NHS Thurrock CCG¬01375390575¬practice.managerf81211@nhs.net¬http://www.yadavasurgery@wordpress.com¬01375 384136
12404¬F81212001¬GP¬UNKNOWN¬Visible¬True¬True¬Clacton Road Surgery¬103 Clacton Road¬St Osyth¬Clacton-On-Sea¬St Osyth¬Essex¬CO16 8PP¬51.800697326660156¬1.0848103761672974¬06T¬NHS North East Essex CCG¬01255820512¬¬http://www.oldroadsurgery.org.uk¬01255 475687
12405¬F81212¬GP¬UNKNOWN¬Visible¬True¬True¬Old Road Surgery¬145-149 Old Road¬¬¬Clacton On Sea¬Essex¬CO15 3AU¬51.795463562011719¬1.1484353542327881¬06T¬NHS North East Essex CCG¬01255424334¬lisa.maddox@gpf81212.nhs.uk¬http://www.oldroadsurgery.org.uk¬01255 475687
12406¬F81213¬GP¬UNKNOWN¬Visible¬True¬True¬Thorpe-Le-Soken Surgery¬High Street¬¬¬Thorpe-Le-Soken¬Essex¬CO16 0EA¬51.857841491699219¬1.1611526012420654¬06T¬NHS North East Essex CCG¬01255861850¬¬http://www.thorpe-le-sokensurgery.co.uk/¬01255 860330
12408¬F81215¬GP¬UNKNOWN¬Visible¬True¬True¬Deal Tree Health Centre¬Blackmore Road¬Doddinghurst¬¬Brentwood¬Essex¬CM15 0HU¬51.672473907470703¬0.29079437255859375¬99E¬NHS Basildon And Brentwood CCG¬01277821699¬¬https://www.dealtreehealthcentre.co.uk¬01277 821226
12409¬F81216¬GP¬UNKNOWN¬Visible¬True¬True¬The River Surgery¬16 Rous Road¬¬¬Buckhurst Hill¬Essex¬IG9 6BN¬51.628791809082031¬5.1609396934509277E-2¬07H¬NHS West Essex CCG¬02085047364¬¬http://www.theriversurgery.co.uk¬020 8559 0269
12410¬F81218¬GP¬UNKNOWN¬Visible¬True¬True¬Dr Joseph L Practice¬78 High Street¬¬¬Grays¬Essex¬RM17 6HU¬51.475090026855469¬0.32257986068725586¬07G¬NHS Thurrock CCG¬01375390717¬¬http://www.thegrayssurgery.co.uk¬01375 383489
12411¬F81219¬GP¬UNKNOWN¬Visible¬True¬True¬Dell Medical Centre¬111 Orsett Road¬¬¬Grays¬Essex¬RM17 5HB¬51.480258941650391¬0.32812824845314026¬07G¬NHS Thurrock CCG¬01375369265¬¬http://www.dellandstanford-le-hopemedicalcentres.nhs.uk¬01375 369270
12412¬F81219001¬GP¬UNKNOWN¬Visible¬True¬True¬Dr A K Abeyewardene & Partner¬19 Wharf Road¬¬¬Stanford-Le-Hope¬Essex¬SS17 0BZ¬51.513652801513672¬0.4276537299156189¬07G¬NHS Thurrock CCG¬01375641623¬¬http://www.dellandstanford-le-hopemedicalcentres.nhs.uk/¬
12413¬F81221¬GP¬UNKNOWN¬Visible¬True¬True¬Fronks Road Family Surgery¬Cleveleys¬77 Fronks Road¬¬Harwich¬Essex¬CO12 3RS¬51.932308197021484¬1.2727649211883545¬06T¬NHS North East Essex CCG¬01255556868¬¬¬01255 556969
12415¬F81222¬GP¬UNKNOWN¬Visible¬True¬True¬Queens Park Surgery¬24 The Pantiles¬¬¬Billericay¬Essex¬CM12 0UA¬51.637336730957031¬0.41376098990440369¬99E¬NHS Basildon And Brentwood CCG¬01277626446¬admin.mailboxf81222@nhs.net¬¬01277 630623
12416¬F81223¬GP¬UNKNOWN¬Visible¬True¬True¬Dr Malik - Kent Elms Hc¬1 Rayleigh Road¬¬¬Leigh On Sea¬Essex¬SS9 5UU¬51.563831329345703¬0.6641278862953186¬99G¬NHS Southend CCG¬01702529333¬¬¬01702 522696
12417¬F81606¬GP¬UNKNOWN¬Visible¬True¬True¬Dr Michael Coggan¬Harewood¬Harwich Road¬Great Oakley¬Harwich¬Essex¬CO12 5AD¬51.905891418457031¬1.1929167509078979¬06T¬NHS North East Essex CCG¬01255880341¬neeccg.harewoodsurgery@nhs.net¬http://harewoodsurgery.nhs.uk¬
12419¬F81613¬GP¬UNKNOWN¬Visible¬True¬True¬Dr N Kumar & Partner, Shoebury Health Centre¬Campfield Road¬Shoeburyness¬¬Southend On Sea¬Essex¬SS3 9BX¬51.529880523681641¬0.78750574588775635¬99G¬NHS Southend CCG¬01702577702¬¬www.shoeburyhealthcentre.co.uk¬01702 577726
12420¬F81618¬GP¬UNKNOWN¬Visible¬True¬True¬High Road Family Doctors¬119 High Road¬¬¬Benfleet¬Essex¬SS7 5LN¬51.549285888671875¬0.56282150745391846¬99F¬NHS Castle Point And Rochford CCG¬01268753591¬¬http://highroadfamilydoctors.co.uk¬01268 794585
12421¬F81619¬GP¬UNKNOWN¬Visible¬True¬True¬Sydenham House Surgery¬Monkswick Road¬¬¬Harlow¬Essex¬CM20 3NT¬51.76922607421875¬0.11220796406269073¬07H¬NHS West Essex CCG¬01279422525¬¬¬
12424¬F81623¬GP¬UNKNOWN¬Visible¬True¬True¬Kadim Primecare Medical Centre¬167 Bridge Road¬¬¬Grays¬Essex¬RM17 6DB¬51.479904174804688¬0.33061617612838745¬07G¬NHS Thurrock CCG¬01375373322¬¬http://www.primecaremedicalcentre-grays.nhs.uk/¬
12425¬F81632¬GP¬UNKNOWN¬Visible¬True¬True¬Dr Samra Yasin¬The Health Centre¬Darenth Lane¬¬South Ockendon¬Essex¬RM15 5LP¬51.508243560791016¬0.28287646174430847¬07G¬NHS Thurrock CCG¬01708853113¬¬http://www.dryasin.co.uk¬01708 851265
12426¬F81633¬GP¬UNKNOWN¬Visible¬True¬True¬Dr Hazim Ahmad¬2 Edgefield Avenue¬Lawford¬¬Manningtree¬Essex¬CO11 2HD¬51.940639495849609¬1.0496903657913208¬06T¬NHS North East Essex CCG¬01206392617¬lawford.surgery@nhs.net¬¬
12427¬F81635¬GP¬UNKNOWN¬Visible¬True¬True¬Collingwood Road Surgery¬40 Collingwood Road¬¬¬Witham¬Essex¬CM8 2DZ¬51.802936553955078¬0.63828575611114502¬06Q¬NHS Mid Essex CCG¬01376502264¬nagalingam.chandralingam@gp-f81635.nhs.uk¬¬01376 520312
12428¬F81636¬GP¬UNKNOWN¬Visible¬True¬True¬Mill Road Surgery¬47 Mill Road¬Mile End¬¬Colchester¬Essex¬CO4 5LE¬51.912433624267578¬0.89607119560241699¬06T¬NHS North East Essex CCG¬01206845900¬¬http://www.millroad-surgery.co.uk¬01206 228309
12431¬F81640¬GP¬UNKNOWN¬Visible¬True¬True¬Aryan Medical Centre¬Felmores End¬¬¬Basildon¬Essex¬SS13 1PN¬51.579048156738281¬0.50735050439834595¬99E¬NHS Basildon And Brentwood CCG¬01268728142¬reception.felmores@nhs.net¬http://www.aryanmedicalcentre.nhs.uk/¬01268 726567
12432¬F81641¬GP¬UNKNOWN¬Visible¬True¬True¬MILTON ROAD SURGERY ¬12 Milton Road¬¬¬Grays¬Essex¬RM17 5EZ¬51.479877471923828¬0.32596293091773987¬07G¬NHS Thurrock CCG¬01375381612¬¬http://www.miltonroadsurgery.nhs.uk¬01375 392366
12436¬F81645¬GP¬UNKNOWN¬Visible¬True¬True¬Dr Mk Kamdar & Partner¬6 Rectory Park Drive¬¬¬Basildon¬Essex¬SS13 3DW¬51.566230773925781¬0.50663059949874878¬99E¬NHS Basildon And Brentwood CCG¬01268552999¬¬http://www.rosevillasurgery.co.uk/¬01268 559986
12437¬F81697¬GP¬UNKNOWN¬Visible¬True¬True¬Devaraja V C & Partner¬7 The Sorrells¬¬¬Stanford Le Hope¬Essex¬SS17 7DZ¬51.520015716552734¬0.44360387325286865¬07G¬NHS Thurrock CCG¬01375641740¬sorrells.surgery@nhs.net¬http://www.sorrellssurgery.co.uk¬01375 678285
12439¬F81649¬GP¬UNKNOWN¬Visible¬True¬True¬Shoebury Health Centre¬Campfield Road¬¬¬Shoeburyness¬Essex¬SS3 9BX¬51.529880523681641¬0.78750574588775635¬99G¬NHS Southend CCG¬01702577703¬¬¬01702 577726
12440¬F81651¬GP¬UNKNOWN¬Visible¬True¬True¬South Green Surgery¬14 - 18 Grange Road¬¬¬Billericay¬Essex¬CM11 2RE¬51.613410949707031¬0.43051847815513611¬99E¬NHS Basildon And Brentwood CCG¬01277651702¬¬http://www.southgreensurgery.co.uk/¬01277 631894
12441¬F81652001¬GP¬UNKNOWN¬Visible¬True¬True¬Appledore Integrated Medical Centre¬8 Coronation Avenue¬¬¬East Tilbury¬Essex¬RM18 8SJ¬51.483741760253906¬0.41946732997894287¬07G¬NHS Thurrock CCG¬01375858657¬¬¬01375 855286
12442¬F81652¬GP¬UNKNOWN¬Visible¬True¬True¬Medic House Surgery¬Ottawa Road¬¬¬Tilbury¬Essex¬RM18 7RJ¬51.462932586669922¬0.36214485764503479¬07G¬NHS Thurrock CCG¬01375855288¬¬¬01375 855544
12443¬F81656¬GP¬UNKNOWN¬Visible¬True¬True¬Warrior Square Surgery¬61 Warrior Square¬¬¬Southend On Sea¬Essex¬SS1 2JJ¬51.539531707763672¬0.71651744842529297¬99G¬NHS Southend CCG¬01702618411¬¬¬01702 464163
12446¬F81665¬GP¬UNKNOWN¬Visible¬True¬True¬Chelmer Village Surgery¬Ashton Place¬¬¬Chelmsford¬Essex¬CM2 6ST¬51.735095977783203¬0.50543665885925293¬06Q¬NHS Mid Essex CCG¬01245467759¬¬http://www.chelmervillagesurgery.nhs.uk/¬01245 461910
12447¬F81666¬GP¬UNKNOWN¬Visible¬True¬True¬Dr Sharma & Partners¬Bridge Street¬Noak Bridge¬¬Basildon¬Essex¬SS15 4EZ¬51.588180541992187¬0.44760733842849731¬99E¬NHS Basildon And Brentwood CCG¬01268284285¬¬http://www.noakbridgemedicalcentre.co.uk¬01268 289324
12449¬F81669¬GP¬UNKNOWN¬Visible¬True¬True¬Derry Court Medical Practice¬Unit 2 &3 Derry Court¬Derry Avenue¬¬South Ockendon¬Essex¬RM15 5GN¬51.509307861328125¬0.2812579870223999¬07G¬NHS Thurrock CCG¬01708607444¬¬http://www.thederrycourtmedicalpractice.co.uk¬01708 852276
12451¬F81670¬GP¬UNKNOWN¬Visible¬True¬False¬Epping Close Surgery¬The Old Renal Unit¬Kennedy Way¬¬Clacton On Sea¬Essex¬CO15 4AB¬51.803581237792969¬1.1660189628601074¬06T¬NHS North East Essex CCG¬01255222668¬¬http://www.eppingclosesurgery.nhs.uk¬01255 220946
12454¬F81674¬GP¬UNKNOWN¬Visible¬True¬True¬Wyncroft Surgery¬3 Priory Road¬Bicknacre¬¬Chelmsford¬Essex¬CM3 4EY¬51.69317626953125¬0.58153688907623291¬06Q¬NHS Mid Essex CCG¬01245224253¬¬http://www.wyncroftsurgery.co.uk¬01245 224253
12456¬F81675¬GP¬UNKNOWN¬Visible¬True¬True¬The Practice Leecon Way & Hawkwell¬1 Leecon Way¬¬¬Rochford¬Essex¬SS4 1TU¬51.588066101074219¬0.69758313894271851¬99F¬NHS Castle Point And Rochford CCG¬01702547828¬¬https://www.thepracticeleeconway.nhs.uk¬01702 530139
12457¬F81675001¬GP¬UNKNOWN¬Visible¬True¬True¬Hawkwell Park Drive - Branch Surgery¬2 Hawkwell Park Drive¬¬¬Hockley¬Essex¬SS5 4HB¬51.596244812011719¬0.66962063312530518¬99F¬NHS Castle Point And Rochford CCG¬01702207146¬¬¬01702 200029
12460¬F81679¬GP¬UNKNOWN¬Visible¬True¬True¬Highwoods Surgery¬Highwoods Square¬Highwoods¬¬Colchester¬Essex¬CO4 9SR¬51.911087036132812¬0.91824781894683838¬06T¬NHS North East Essex CCG¬01206752010¬¬http://www.highwoodssurgery.co.uk¬01206 843280
12462¬F81681001¬GP¬UNKNOWN¬Visible¬True¬True¬Nayland Drive Surgery¬2 Nayland Drive¬¬¬Clacton-On-Sea¬Essex¬CO16 8TJ¬51.799797058105469¬1.1276013851165771¬06T¬NHS North East Essex CCG¬01255207680¬jayne.roe@gp-f81681.nhs.uk¬http://www.greenelms.co.uk/¬01255 207681
12463¬F81681¬GP¬UNKNOWN¬Visible¬True¬True¬Green Elms Health Centre¬32 Crossways¬Jaywick¬¬Clacton On Sea¬Essex¬CO15 2NB¬51.780620574951172¬1.1179071664810181¬06T¬NHS North East Essex CCG¬01255207660¬sheilaporter@nhs.net¬http://www.greenelms.co.uk/¬01255 207661
12464¬F81683¬GP¬UNKNOWN¬Visible¬True¬True¬Blyth's Meadow Surgery¬Trinovantian Way¬¬¬Braintree¬Essex¬CM7 3JN¬51.877273559570313¬0.56145197153091431¬06Q¬NHS Mid Essex CCG¬01376552508¬blyths.meadow@nhs.net¬http://www.blythsmeadowsurgery.nhs.uk¬01376 552690
12465¬F81684¬GP¬UNKNOWN¬Visible¬True¬True¬North Shoebury Surgery¬Frobisher Way¬Shoeburyness¬¬Southend On Sea¬Essex¬SS3 8UT¬51.542209625244141¬0.78449499607086182¬99G¬NHS Southend CCG¬01702297976¬¬http://www.northshoeburysurgery.nhs.uk¬01702 290131
12466¬F81688¬GP¬UNKNOWN¬Visible¬True¬True¬Eagle Way Surgery¬129 Eagle Way¬Shoeburyness¬¬Southend On Sea¬Essex¬SS3 9YA¬51.54010009765625¬0.78854864835739136¬99G¬NHS Southend CCG¬01702298109¬¬¬
12467¬F81690001¬GP¬UNKNOWN¬Visible¬True¬True¬The Dome Surgery¬Dome Caravan Park¬Lower Road¬¬Hockley¬Essex¬SS5 5LU¬51.619300842285156¬0.65073317289352417¬99F¬NHS Castle Point And Rochford CCG¬01702232157¬¬¬
12468¬F81690¬GP¬UNKNOWN¬Visible¬True¬True¬Ashingdon Medical centre¬57 Lascelles Gardens¬¬¬Rochford¬Essex¬SS4 3BW¬51.600746154785156¬0.69023305177688599¬99F¬NHS Castle Point And Rochford CCG¬01702414970¬¬https://ashingdonmedicalcentre.co.uk¬01702 530160
12474¬F81696¬GP¬UNKNOWN¬Visible¬True¬True¬The Leigh Surgery¬194 Elmsleigh Drive¬¬¬Leigh On Sea¬Essex¬SS9 4JQ¬51.555503845214844¬0.65616780519485474¬99G¬NHS Southend CCG¬01702470705¬¬¬01702 471153
12475¬F81110001¬GP¬UNKNOWN¬Visible¬True¬True¬The Dilip Sabnis Medical Centre¬Linford Road¬Chadwell St. Mary¬¬Grays¬Essex¬RM16 4JW¬51.481826782226562¬0.37015005946159363¬07G¬NHS Thurrock CCG¬01375851578¬¬¬01375 857539
12477¬F81700¬GP¬UNKNOWN¬Visible¬True¬True¬Rahman Practice¬391 Long Road¬¬¬Canvey Island¬Essex¬SS8 0JH¬51.519496917724609¬0.56591969728469849¬99F¬NHS Castle Point And Rochford CCG¬01268510520¬¬http://www.canveyvillagesurgery.com/¬01268 684083
12478¬F81704¬GP¬UNKNOWN¬Visible¬True¬True¬Downhall Park Surgery¬49 Rawreth Lane¬¬¬Rayleigh¬Essex¬SS6 9QD¬51.602848052978516¬0.60384857654571533¬99F¬NHS Castle Point And Rochford CCG¬01268780408¬¬¬01268 784088
12479¬F81707¬GP¬UNKNOWN¬Visible¬True¬True¬FRYERNS MEDICAL CENTRE¬Peterborough Way¬¬¬Basildon¬Essex¬SS14 3SS¬51.578498840332031¬0.48975387215614319¬99E¬NHS Basildon And Brentwood CCG¬01268532344¬sbasu@nhs.net¬http://www.fryernsmedicalcentre.nhs.uk¬01268 287641
12480¬F81708¬GP¬UNKNOWN¬Visible¬True¬True¬Sai Medical Centre¬Sai Medical Centre¬105 Calcutta Road¬¬Tilbury¬Essex¬RM18 7QA¬51.461738586425781¬0.35750508308410645¬07G¬NHS Thurrock CCG¬01375855643¬¬https://www.easttilburyandcorringham.nhs.uk/¬
12482¬F81711¬GP¬UNKNOWN¬Visible¬True¬True¬Knights Surgery¬32 Knights¬¬¬Basildon¬Essex¬SS15 5LE¬51.575634002685547¬0.43633931875228882¬99E¬NHS Basildon And Brentwood CCG¬01268415888¬pm.f81711@nhs.net¬http://www.knights.gpsurgery.net/¬01268 491318
12483¬F81713¬GP¬UNKNOWN¬Visible¬True¬True¬Benfleet Surgery¬12 Constitution Hill¬¬¬Benfleet¬Essex¬SS7 1ED¬51.555023193359375¬0.56125408411026001¬99F¬NHS Castle Point And Rochford CCG¬01268566400¬¬¬
12484¬F81716¬GP¬UNKNOWN¬Visible¬True¬True¬Tollgate Health Centre¬145 London Road¬Stanway¬¬Colchester¬Essex¬CO3 8NZ¬51.886016845703125¬0.82966858148574829¬06T¬NHS North East Essex CCG¬01206574483¬¬¬01206 767558
12489¬F81721¬GP¬UNKNOWN¬Visible¬True¬True¬Brickfields Surgery¬Crouch Vale Medical Centre¬Burnham Road¬South Woodham Ferrers¬Chelmsford¬Essex¬CM3 5QP¬51.65313720703125¬0.60515487194061279¬06Q¬NHS Mid Essex CCG¬01245328855¬brickfieldssurgery@nhs.net¬http://www.brickfieldssurgery.co.uk¬
12491¬F81725¬GP¬UNKNOWN¬Visible¬True¬True¬Maynard Court Surgery¬17-18 Maynard Court¬¬¬Waltham Abbey¬Essex¬EN9 3DU¬51.685604095458984¬2.0179297775030136E-2¬07H¬NHS West Essex CCG¬01992761387¬maynardcourtsurgery@nhs.net¬http://www.maynardcourtsurgery.co.uk¬01992 716163
12493¬F81729¬GP¬UNKNOWN¬Visible¬True¬True¬Matching Green Surgery¬49 Matching Green¬¬¬Basildon¬Essex¬SS14 2PB¬51.582851409912109¬0.48125842213630676¬99E¬NHS Basildon And Brentwood CCG¬01268533928¬¬http://www.matchinggreensurgery.com¬01268 289415
12494¬F81730¬GP¬UNKNOWN¬Visible¬True¬True¬The Coggeshall Surgery¬Stoneham Street¬Coggeshall¬¬Colchester¬Essex¬CO6 1UH¬51.872936248779297¬0.68496614694595337¬06Q¬NHS Mid Essex CCG¬01376561242¬¬http://www.coggeshallsurgery.co.uk¬01376 563486
12495¬F81732¬GP¬UNKNOWN¬Visible¬True¬True¬Swanwood Partnership¬Applewood Surgery¬Wickford Health Centre¬Market Avenue¬Wickford¬Essex¬SS12 0AG¬51.613372802734375¬0.51861667633056641¬99E¬NHS Basildon And Brentwood CCG¬01268 562444¬¬http://www.swanwood.com¬
12499¬F81737¬GP¬UNKNOWN¬Visible¬True¬True¬The Highwood Surgery¬Geary Drive¬¬¬Brentwood¬Essex¬CM15 9DY¬51.62603759765625¬0.29645800590515137¬99E¬NHS Basildon And Brentwood CCG¬01277236640¬¬¬01277 236648
12501¬F81739¬GP¬UNKNOWN¬Visible¬True¬True¬The Island Surgery¬Central Canvey Primary Care Centre¬¬¬Canvey Island¬Essex¬SS8 0JA¬51.519752502441406¬0.59124886989593506¬99F¬NHS Castle Point And Rochford CCG¬01268686190¬¬http://www.theislandsurgery.nhs.uk¬01268 686191
12502¬F81740¬GP¬UNKNOWN¬Visible¬True¬True¬Chaudhury Surgery¬Canvey Central Primary Care Centre¬Long Road¬¬Canvey Island¬Essex¬SS8 0JA¬51.520221710205078¬0.59100079536437988¬99F¬NHS Castle Point And Rochford CCG¬01268 222188¬¬¬01268 686161
12503¬F81741¬GP¬UNKNOWN¬Visible¬True¬True¬North Clacton Medical Group¬Units 5, 7-8 Crusader Business Park¬Stephenson Road West¬¬Clacton On Sea¬Essex¬CO15 4TN¬51.818119049072266¬1.1626123189926147¬06T¬NHS North East Essex CCG¬01255688805¬ncmg.admin@nhs.net¬http://www.crusadersurgery.com¬
12506¬F81744¬GP¬UNKNOWN¬Visible¬True¬True¬Scott Park Surgery¬205 Western Approaches¬¬¬Southend On Sea¬Essex¬SS2 6XY¬51.571075439453125¬0.66974735260009766¬99G¬NHS Southend CCG¬01702420642¬¬http://www.scottparksurgery.co.uk¬01702 527852
12507¬F81746¬GP¬UNKNOWN¬Visible¬True¬True¬Bluebell Surgery¬Jack Andrews Drive¬Highwoods¬¬Colchester¬Essex¬CO4 9YN¬51.916469573974609¬0.92191320657730103¬06T¬NHS North East Essex CCG¬01206855222¬¬http://www.bluebellsurgery.nhs.uk¬01206 845681
12508¬F81749¬GP¬UNKNOWN¬Visible¬True¬True¬Market Square Surgery¬Waltham Abbey Health Centre¬13 Sewardstone Road¬¬Waltham Abbey¬Essex¬EN9 1NP¬51.685321807861328¬1.9962482620030642E-3¬07H¬NHS West Essex CCG¬01992260002¬¬¬
12509¬F81751¬GP¬UNKNOWN¬Visible¬True¬False¬The Trinity Medical Practice¬1 The Drive¬Mayland¬¬Chelmsford¬Essex¬CM3 6AB¬51.684978485107422¬0.76031970977783203¬06Q¬NHS Mid Essex CCG¬01621745400¬¬¬
12512¬F81757¬GP¬UNKNOWN¬Visible¬True¬True¬The Riverside Health Ctr¬Station Road¬¬¬Manningtree¬Essex¬CO11 1AA¬51.945724487304688¬1.0607466697692871¬06T¬NHS North East Essex CCG¬01206397070¬melanie.lodge@nhs.net¬¬
12514¬F82001¬GP¬UNKNOWN¬Visible¬True¬True¬Halbutt Street Surgery¬2 Halbutt Street¬¬¬Dagenham¬Essex¬RM9 5AS¬51.547019958496094¬0.14675614237785339¬07L¬NHS Barking And Dagenham CCG¬02085921544¬¬¬020 8596 9833
12515¬F82002001¬GP¬UNKNOWN¬Visible¬True¬True¬Haiderian Medical Centre- Dorkins Way branch¬2 Dorkins Way¬¬¬Upminster¬Essex¬RM14 1XX¬51.564727783203125¬0.2658359706401825¬08F¬NHS Havering CCG¬01708225216¬¬http://www.haiderian.co.uk¬01708 226094
12516¬F82002¬GP¬UNKNOWN¬Visible¬True¬True¬Haiderian Medical Centre¬181 Corbets Tey Road¬¬¬Upminster¬Essex¬RM14 2YN¬51.54949951171875¬0.24730835855007172¬08F¬NHS Havering CCG¬01708225161¬¬http://www.haiderian.co.uk¬01708 641477
12517¬F82003¬GP¬UNKNOWN¬Visible¬True¬True¬Dr M Fateh's Practice¬2 First Avenue¬¬¬Dagenham¬Essex¬RM10 9AT¬51.529575347900391¬0.1575559675693512¬07L¬NHS Barking And Dagenham CCG¬02085924082¬¬http://drfatehsurgery.co.uk/¬020 8592 8182
12518¬F82003001¬GP¬UNKNOWN¬Visible¬True¬True¬Dr M Fateh¬39 Frederick Road¬¬¬Rainham¬Essex¬RM13 8NJ¬51.528179168701172¬0.17793393135070801¬07L¬NHS Barking And Dagenham CCG¬01708552738¬¬¬01708 551463
12521¬F82005¬GP¬UNKNOWN¬Visible¬True¬True¬Church Elm Lane Medical Practice¬Church Elm Lane¬¬¬Dagenham¬Essex¬RM10 9RR¬51.540065765380859¬0.15672546625137329¬07L¬NHS Barking And Dagenham CCG¬02084653000¬¬http://www.celmp.co.uk¬020 8465 3003
12522¬F82006001¬GP¬UNKNOWN¬Visible¬True¬True¬Little Gaynes Surgery¬1 Little Gaynes Lane¬¬¬Upminster¬Essex¬RM14 2JP¬51.549007415771484¬0.2456686943769455¬08F¬NHS Havering CCG¬01708228881¬¬http://cranhamvillagesurgery.co.uk¬01708 220605
12523¬F82006¬GP¬UNKNOWN¬Visible¬True¬True¬Cranham Village Surgery¬143 Ingrebourne Gardens¬Cranham¬¬Upminster¬Essex¬RM14 1BJ¬51.562614440917969¬0.26340800523757935¬08F¬NHS Havering CCG¬01708228888¬¬http://www.cranhamvillagesurgery.co.uk¬01708 251770
12524¬F82007001¬GP¬UNKNOWN¬Visible¬True¬True¬The Green Wood Practice¬106 Ardleigh Green Road¬¬¬Hornchurch¬Essex¬RM11 2LP¬51.583656311035156¬0.22080180048942566¬08F¬NHS Havering CCG¬01708476455¬¬¬01708 479485
12525¬F82007¬GP¬UNKNOWN¬Visible¬True¬True¬The Green Wood Practice¬89 Gubbins Lane¬¬¬Romford¬Essex¬RM3 0DR¬51.595325469970703¬0.23273447155952454¬08F¬NHS Havering CCG¬01708346666¬¬¬01708 381300
12526¬F82008¬GP¬UNKNOWN¬Visible¬True¬True¬Maylands Health Care¬300 Upper Rainham Road¬¬¬Hornchurch¬Essex¬RM12 4EQ¬51.552909851074219¬0.19058310985565186¬08F¬NHS Havering CCG¬01708460180¬¬http://www.maylandshealthcare.co.uk¬01708 620039
12527¬F82009¬GP¬UNKNOWN¬Visible¬True¬True¬North Street Medical Care¬274 North Street¬¬¬Romford¬Essex¬RM1 4QJ¬51.586181640625¬0.1733589768409729¬08F¬NHS Havering CCG¬01708629733¬¬http://www.northstreetmedicalcare.co.uk¬01708 629745
12528¬F82010¬GP¬UNKNOWN¬Visible¬True¬True¬Petersfield Surgery¬70 Petersfield Avenue¬¬¬Romford¬Essex¬RM3 9PD¬51.605720520019531¬0.23281118273735046¬08F¬NHS Havering CCG¬01708343113¬petersfieldsurgery@nhs.net¬http://www.petersfieldsurgery.co.uk¬01708 384672
12529¬F82011¬GP¬UNKNOWN¬Visible¬True¬True¬St. Edwards Medical Centre¬7 St. Edwards Way¬¬¬Romford¬Essex¬RM1 3DQ¬51.580341339111328¬0.18175511062145233¬08F¬NHS Havering CCG¬01708741096¬stedwards.medical@nhs.net¬http://www.stedwardsmedicalcentre.co.uk¬01708 738244
12530¬F82012¬GP¬UNKNOWN¬Visible¬True¬True¬Five Elms Medical Practice¬Five Elms Road¬¬¬Dagenham¬Essex¬RM9 5TT¬51.553314208984375¬0.14236429333686829¬07L¬NHS Barking And Dagenham CCG¬02085171175¬¬http://www.fiveelmsmedical.co.uk¬020 8592 0114
12531¬F82013¬GP¬UNKNOWN¬Visible¬True¬True¬Western Road Medical Centre¬99 Western Road¬¬¬Romford¬Essex¬RM1 3LS¬51.578983306884766¬0.18750680983066559¬08F¬NHS Havering CCG¬01708775300¬¬http://www.westernroad.co.uk¬01708 737936
12532¬F82014¬GP¬UNKNOWN¬Visible¬True¬True¬Drs N A Kuchhai & Dr B S Saheecha¬The Health Centre, Gooshays Drive¬¬¬Romford¬Essex¬RM3 9SU¬51.606266021728516¬0.22490917146205902¬08F¬NHS Havering CCG¬01708343991¬¬http://www.drkuchhai-saheecha.co.uk¬01708 346795
12533¬F82014001¬GP¬UNKNOWN¬Visible¬True¬True¬Dr N A Kuchhai & Dr B S Saheecha¬1 Heaton Avenue¬Harold Hill¬¬Romford¬Essex¬RM3 7HR¬51.599018096923828¬0.21021594107151031¬08F¬NHS Havering CCG¬01708343300¬¬http://www.drkuchhai-saheecha.co.uk/¬01708 344792
12534¬F82015¬GP¬UNKNOWN¬Visible¬True¬True¬Hedgemans Medical Centre¬92 Hedgemans Road¬¬¬Dagenham¬Essex¬RM9 6HT¬51.539756774902344¬0.14322717487812042¬07L¬NHS Barking And Dagenham CCG¬02085924242¬gp.f82015@nhs.net¬¬020 8593 2094
12535¬F82016¬GP¬UNKNOWN¬Visible¬True¬True¬Central Park Surgery¬Harold Hill Health Centre¬Gooshays Drive¬¬Romford¬Essex¬RM3 9SU¬51.606266021728516¬0.22490917146205902¬08F¬NHS Havering CCG¬01708331802¬kakadbhatt.tanna@nhs.net¬http://www.drkakad-bhattandtanna.co.uk/¬01708 332839
12536¬F82017¬GP¬UNKNOWN¬Visible¬True¬True¬St Albans Surgery¬Urswick Medical Centre¬Urswick Road¬Dagenham¬Dagenham¬Essex¬RM9 6EA¬51.537113189697266¬0.13335496187210083¬07L¬NHS Barking And Dagenham CCG¬02089844460¬stalbans.surgery@nhs.net¬http://www.stalbanssurgery.co.uk¬020 8984 4463
12537¬F82017002¬GP¬UNKNOWN¬Visible¬True¬True¬St Albans Surgery¬St Albans Surgery¬35 Maplestead Road¬¬Dagenham¬Essex¬RM9 4XH¬51.534587860107422¬0.11387176066637039¬07L¬NHS Barking And Dagenham CCG¬02085950017¬stalbans.surgery@nhs.net¬http://www.drmohanandassociates.co.uk¬020 595 7741
12538¬F82018001¬GP¬UNKNOWN¬Visible¬True¬True¬Dr As Chopra & Ptnrs¬Orchards Health Centre¬Gascoigne Road¬¬Barking¬Essex¬IG11 7RS¬51.531444549560547¬8.1386052072048187E-2¬07L¬NHS Barking And Dagenham CCG¬02087091855¬¬http://www.barkingmedicalgroup.co.uk/¬0844 884 0156
12539¬F82018¬GP¬UNKNOWN¬Visible¬True¬True¬Barking Medical Group Practice¬130 Upney Lane¬¬¬Barking¬Essex¬IG11 9LT¬51.541313171386719¬9.7267262637615204E-2¬07L¬NHS Barking And Dagenham CCG¬02084774317¬barkingmedical.grouppractice@nhs.net¬http://www.barkingmedicalgroup.co.uk/¬0208 594 8322
12540¬F82019¬GP¬UNKNOWN¬Visible¬True¬True¬The Upstairs Surgery¬Chadwell Heath Health Centre¬Ashton Gardens¬Chadwell Heath¬Romford¬Essex¬RM6 6RT¬51.572483062744141¬0.13925373554229736¬08F¬NHS Havering CCG¬0208 597 1840¬theupstairssurgery@nhs.net¬https://www.upstairs-surgery.co.uk/home¬
12542¬F82021¬GP¬UNKNOWN¬Visible¬True¬True¬The New Medical Centre¬264 Brentwood Road¬¬¬Romford¬Essex¬RM2 5SU¬51.574466705322266¬0.2040310800075531¬08F¬NHS Havering CCG¬01708478800¬¬http://www.thenewmedicalcentre.co.uk¬01708 471422
12543¬F82022¬GP¬UNKNOWN¬Visible¬True¬True¬The Rosewood Medical Centre¬30 Astra Close¬Elm Park¬¬Hornchurch¬Essex¬RM12 5NJ¬51.542633056640625¬0.20093490183353424¬08F¬NHS Havering CCG¬01708523168¬¬http://www.rosewoodmedicalcentre.co.uk¬0844 8151207
12545¬F82023¬GP¬UNKNOWN¬Visible¬True¬True¬High Street Surgery¬219 High Street¬¬¬Hornchurch¬Essex¬RM11 3XT¬51.561550140380859¬0.22357690334320068¬08F¬NHS Havering CCG¬01708447747¬¬http://www.highstreetsurgery.co.uk/¬01708 451408
12546¬F82025¬GP¬UNKNOWN¬Visible¬True¬True¬Julia Engwell Health Ctr.¬Julia Engwell Health Centre¬Woodward Road¬¬Dagenham¬Essex¬RM9 4SR¬51.538932800292969¬0.12560974061489105¬07L¬NHS Barking And Dagenham CCG¬02085925500¬¬¬020 8592 1127
12547¬F82027¬GP¬UNKNOWN¬Visible¬True¬True¬Faircross Health Centre¬51 Upney Lane¬¬¬Barking¬Essex¬IG11 9LD¬51.542861938476562¬9.6256747841835022E-2¬07L¬NHS Barking And Dagenham CCG¬02085943667¬¬¬020 8477 9920
12548¬F82028¬GP¬UNKNOWN¬Visible¬True¬True¬Wood Lane Medical Centre¬39 Wood Lane¬¬¬Hornchurch¬Essex¬RM12 5HX¬51.544120788574219¬0.19601644575595856¬08F¬NHS Havering CCG¬01708450902¬havccg.wlmc@nhs.net¬¬01708 470875
12549¬F82030¬GP¬UNKNOWN¬Visible¬True¬True¬Lynwood Medical Centre¬2a-6 Lynwood Drive¬Collier Row¬¬Romford¬Essex¬RM5 3QL¬51.601593017578125¬0.16431444883346558¬08F¬NHS Havering CCG¬01708208669¬havccg.lynwood@nhs.net¬https://www.lmccr.com/¬01708 765410
12550¬F82031¬GP¬UNKNOWN¬Visible¬True¬True¬Rush Green Medical Centre - Dr Sanomi¬261 Dagenham Road¬¬¬Romford¬Essex¬RM7 0XR¬51.560718536376953¬0.17598238587379456¬08F¬NHS Havering CCG¬01708728261¬¬¬
12551¬F82033¬GP¬UNKNOWN¬Visible¬True¬True¬The Surgery - Dr Vijay Patel and Dr Lata Patel¬9 Glanville Drive¬¬¬Hornchurch¬Essex¬RM11 3SZ¬51.561111450195313¬0.22876390814781189¬08F¬NHS Havering CCG¬01708442117¬drvpatel.surgery@nhs.net¬http://www.drvpatelsurgery.nhs.uk¬01708 620095
12552¬F82034¬GP¬UNKNOWN¬Visible¬True¬True¬Victoria Medical Centre - Barking (Dr Niranjan's Practice)¬1 Queens Road¬¬¬Barking¬Essex¬IG11 8GD¬51.540927886962891¬7.6151125133037567E-2¬07L¬NHS Barking And Dagenham CCG¬02084778760¬¬http://www.victoriamc.co.uk/¬02085941816
12553¬F82038¬GP¬UNKNOWN¬Visible¬True¬True¬Valence Medical Centre¬561-563 Valence Avenue¬561-563 Valence Avenue¬¬Dagenham¬Essex¬RM8 3RH¬51.553077697753906¬0.13072642683982849¬07L¬NHS Barking And Dagenham CCG¬02085929111¬valencemedicalcentre@nhs.net¬¬020 8595 5373
12554¬F82039¬GP¬UNKNOWN¬Visible¬True¬True¬Dr. Poolo's Surgery - Rush Green Medical Centre¬261 Dagenham Road¬¬¬Romford¬Essex¬RM7 0XR¬51.560718536376953¬0.17598238587379456¬08F¬NHS Havering CCG¬01708209220¬¬http://www.dpsrgmc.co.uk¬
12555¬F82040¬GP¬UNKNOWN¬Visible¬True¬True¬John Smith Medical Centre¬145 Bevan Avenue¬¬¬Barking¬Essex¬IG11 9LL¬51.538898468017578¬0.11213920265436172¬07L¬NHS Barking And Dagenham CCG¬02085949013¬¬¬020 8594 1573
12556¬F82042¬GP¬UNKNOWN¬Visible¬True¬True¬Aurora Medcare¬Thames View Health Centre¬Bastable Avenue¬¬Barking¬Essex¬IG11 0LG¬51.527942657470703¬0.10387556254863739¬07L¬NHS Barking And Dagenham CCG¬02085073056¬¬¬
12557¬F82042001¬GP¬UNKNOWN¬Visible¬True¬True¬King Edwards Medical Centre¬1 King Edwards Road¬¬¬Barking¬Essex¬IG11 7TB¬51.533641815185547¬0.08424030989408493¬07L¬NHS Barking And Dagenham CCG¬2085941177¬¬http://www.kingedwardsmedicalgroup.com¬02037548914
12558¬F82045¬GP¬UNKNOWN¬Visible¬True¬True¬Dr Rana Chowdhury¬6 Oak Road¬Harold Wood¬Essex¬Romford¬Essex¬RM3 0PT¬51.592334747314453¬0.23388725519180298¬08F¬NHS Havering CCG¬01708342139¬caroline.scott13@nhs.net¬¬01708 348091
12559¬F82051¬GP¬UNKNOWN¬Visible¬True¬True¬Laburnum Health Centre¬Althorne Way¬¬¬Dagenham¬Essex¬RM10 7DF¬51.560661315917969¬0.15122188627719879¬07L¬NHS Barking And Dagenham CCG¬02085170222¬¬www.laburnumhealth.co.uk¬020 8596 9778
12561¬F82053¬GP¬UNKNOWN¬Visible¬True¬True¬Upminster Medical Centre¬224 - 226 St. Mary's Lane¬¬¬Upminster¬Essex¬RM14 3DH¬51.556903839111328¬0.25431632995605469¬08F¬NHS Havering CCG¬01708251407¬baig.surgery@nhs.net¬http://www.upminstermedicalcentre.co.uk¬01708 221 878
12562¬F82055¬GP¬UNKNOWN¬Visible¬True¬True¬Hornchurch Healthcare¬58B Billet Lane¬¬¬Hornchurch¬Essex¬RM11 1XA¬51.566890716552734¬0.21903227269649506¬08F¬NHS Havering CCG¬01708440187¬¬www.hornchurchhealthcare.co.uk¬01708 457919
12563¬F82604¬GP¬UNKNOWN¬Visible¬True¬True¬Dr Kashyap & Partners¬Marks Gate HC¬Lawn Farm Grove¬¬Romford¬Essex¬RM6 5LL¬51.584644317626953¬0.13705325126647949¬07L¬NHS Barking And Dagenham CCG¬02089180560¬¬https://www.drkashyap.co.uk¬
12564¬F82607¬GP¬UNKNOWN¬Visible¬True¬True¬Spring Farm Surgery¬382 Upminster Road North¬¬¬Rainham¬Essex¬RM13 9RZ¬51.521991729736328¬0.21416731178760529¬08F¬NHS Havering CCG¬01708553120¬havccg.springfarm@nhs.net¬http://www.springfarmsurgery.co.uk¬
12566¬F82609¬GP¬UNKNOWN¬Visible¬True¬True¬Suttons Avenue Surgery¬24 Suttons Avenue¬¬¬Hornchurch¬Essex¬RM12 4LF¬51.556320190429687¬0.21926780045032501¬08F¬NHS Havering CCG¬01708442711¬suttonsavenue.surgery@nhs.net¬¬
12567¬F82610¬GP¬UNKNOWN¬Visible¬True¬True¬Dr Nagendra Kumar Gupta¬206 Mawney Road¬¬¬Romford¬Essex¬RM7 8BU¬51.582912445068359¬0.16470107436180115¬08F¬NHS Havering CCG¬01708739379¬nagendra.gupta@nhs.net¬¬01708 780457
12568¬F82612¬GP¬UNKNOWN¬Visible¬True¬True¬The White House Surgery¬12 Movers Lane¬¬¬Barking¬Essex¬IG11 7UN¬51.534004211425781¬8.8178813457489014E-2¬07L¬NHS Barking And Dagenham CCG¬02085944042¬thewhitehousesurgery@nhs.net¬https://www.gpbarking.com¬02085071390
12569¬F82612001¬GP¬UNKNOWN¬Visible¬True¬True¬The Green House Surgery¬37 Cavendish Gardens¬¬¬Barking¬Essex¬IG11 9DU¬51.546867370605469¬9.8517835140228271E-2¬07L¬NHS Barking And Dagenham CCG¬02085944700¬thewhitehousesurgery@nhs.net¬https://gpbarking.com¬
12572¬F82619¬GP¬UNKNOWN¬Visible¬True¬True¬Harlow Road Surgery¬1 Harlow Road¬¬¬Rainham¬Essex¬RM13 7UP¬51.531936645507813¬0.18643264472484589¬08F¬NHS Havering CCG¬01708552072¬¬¬
12573¬F82621¬GP¬UNKNOWN¬Visible¬True¬True¬The Surgery (Dewey Road)¬36 Dewey Road¬¬¬Dagenham¬Essex¬RM10 8AR¬51.5423583984375¬0.1636841744184494¬07L¬NHS Barking And Dagenham CCG¬020 85920049¬¬http://www.thesurgerydeweyroad.co.uk/¬020 8984 8635
12574¬F82624¬GP¬UNKNOWN¬Visible¬True¬True¬Dr John O'Moore¬126 Upminster Road¬¬¬Hornchurch¬Essex¬RM12 6PL¬51.558956146240234¬0.23526614904403687¬08F¬NHS Havering CCG¬01708440642¬hav-pct.dromoore@nhs.net¬http://www.upminsterbridgesurgery.nhs.uk/¬01708 477329
12575¬F82625¬GP¬UNKNOWN¬Visible¬True¬True¬Abbey Medical Centre¬1 Harpour Road¬¬¬Barking¬Essex¬IG11 8RJ¬51.541385650634766¬0.07929682731628418¬07L¬NHS Barking And Dagenham CCG¬02080908106¬¬https://www.abbeymedicalcentrebarking.co.uk¬020 8594 2660
12577¬F82627¬GP¬UNKNOWN¬Visible¬True¬True¬Rainham Health Centre¬Upminster Road South¬¬¬Rainham¬Essex¬RM13 9AB¬51.519363403320313¬0.19705934822559357¬08F¬NHS Havering CCG¬01708796579¬¬¬01708 796577
12579¬F82630¬GP¬UNKNOWN¬Visible¬True¬True¬Dr Selvaratnam Kulendran¬13-15 Chase Cross Road¬¬¬Romford¬Essex¬RM5 3PJ¬51.600116729736328¬0.16478265821933746¬08F¬NHS Havering CCG¬01708749918¬¬¬01708 742692
12580¬F82634¬GP¬UNKNOWN¬Visible¬True¬True¬Heathway Medical Centre¬Broad Street Resource Centre¬Morland Road¬Essex¬Dagenham¬Essex¬RM10 9HU¬51.535186767578125¬0.15212565660476685¬07L¬NHS Barking And Dagenham CCG¬02085921771¬heathwaymedicalcentre@nhs.net¬http://heathwaymedicalcentre.com¬0208 592 1751
12581¬F82638¬GP¬UNKNOWN¬Visible¬True¬True¬Modern Medical Centre¬195 Rush Green Road¬¬¬Romford¬Essex¬RM7 0PX¬51.565418243408203¬0.17760643362998962¬08F¬NHS Havering CCG¬01708741872¬¬https://www.modernmedicalcentre.net/¬01708 722103
12584¬F82642¬GP¬UNKNOWN¬Visible¬True¬True¬Gables Surgery¬Markyate Road¬¬¬Dagenham¬Essex¬RM8 2LD¬51.545063018798828¬0.11746904999017715¬07L¬NHS Barking And Dagenham CCG¬02036675410¬¬http://www.gablessurgery.com/¬0844 815 1491
12589¬F82647¬GP¬UNKNOWN¬Visible¬True¬True¬Dr Gupta and Partner¬7 Salisbury Avenue¬¬¬Barking¬Essex¬IG11 9XQ¬51.539402008056641¬8.2588173449039459E-2¬07L¬NHS Barking And Dagenham CCG¬02036757127¬¬http://salisburyavenue.nhs.uk/¬
12590¬F82648¬GP¬UNKNOWN¬Visible¬True¬True¬Ingrebourne Medical Centre¬Ingrebourne Medical Centre¬135 Straight Road¬¬Romford¬Essex¬RM3 7JJ¬51.599117279052734¬0.21119809150695801¬08F¬NHS Havering CCG¬01708 372021¬reception.kaw@nhs.net¬http://www.ingrebournemedicalcentre.co.uk¬01708 925867
12591¬F82649¬GP¬UNKNOWN¬Visible¬True¬True¬Berwick Surgery¬17 Berwick Road¬Rainham¬Essex¬rainham¬Essex¬RM13 9QU¬51.527172088623047¬0.21395747363567352¬08F¬NHS Havering CCG¬01708520830¬havccg.berwicksurgery@nhs.net¬http://www.berwicksurgeryrainham.nhs.uk/¬01708 522137
12592¬F82650¬GP¬UNKNOWN¬Visible¬True¬True¬Dr Aa Ansari's Practice¬364-370 Ripple Road¬¬¬Barking¬Essex¬IG11 9RS¬51.535423278808594¬9.4314388930797577E-2¬07L¬NHS Barking And Dagenham CCG¬02089113777¬¬http://www.rippleroadmedicalcentre.co.uk/¬0208 594 3528
12595¬F82660¬GP¬UNKNOWN¬Visible¬True¬True¬Tulasi Medical Centre¬10 Bennetts Castle Lane¬¬¬Dagenham¬Essex¬RM8 3XU¬51.561004638671875¬0.12450356036424637¬07L¬NHS Barking And Dagenham CCG¬02085901773¬tulasi.medicalcentre@nhs.net¬http://www.tulasimedicalcentre.co.uk/¬020 8599 6604
12597¬F82661¬GP¬UNKNOWN¬Visible¬True¬True¬Dr Teotia And Partners¬872 Green Lane¬Dagenham¬¬Romford¬Essex¬RM8 1BX¬51.561294555664062¬0.13376529514789581¬07L¬NHS Barking And Dagenham CCG¬02085997151¬¬¬020 8983 8063
12599¬F82663¬GP¬UNKNOWN¬Visible¬True¬True¬Dr Marks Practice¬107 Brentwood Road¬¬¬Romford¬Essex¬RM1 2SB¬51.572551727294922¬0.19239333271980286¬08F¬NHS Havering CCG¬01708740244¬¬http://www.DrColinMarksSurgery.nhs.uk¬01708 722336
12601¬F82666¬GP¬UNKNOWN¬Visible¬True¬True¬The Surgery, Dr T Rahman and Dr C Y Tsoi¬482 South End Road¬¬¬Hornchurch¬Essex¬RM12 5PA¬51.547279357910156¬0.2040582001209259¬08F¬NHS Havering CCG¬01708476036¬¬¬
12602¬F82666001¬GP¬UNKNOWN¬Visible¬True¬True¬Dr T Rahman & Dr C Y Tsoi - Stanley Road (Branch site)¬105 Stanley Road¬¬¬Hornchurch¬Essex¬RM12 4JP¬51.558399200439453¬0.21238645911216736¬08F¬NHS Havering CCG¬01708442062¬¬¬
12604¬F82670¬GP¬UNKNOWN¬Visible¬True¬True¬AbbaMoor Surgery (Dr A Jabbar)¬Gooshays Drive¬Harold Hill¬¬Romford¬Essex¬RM3 9SU¬51.606266021728516¬0.22490917146205902¬08F¬NHS Havering CCG¬01708 957100¬¬http://www.jabbarsurgery.co.uk¬01708 957102
12605¬F82671¬GP¬UNKNOWN¬Visible¬True¬True¬Straight Road Surgery¬137 Straight Road¬¬¬Romford¬Essex¬RM3 7JJ¬51.600303649902344¬0.21056731045246124¬08F¬NHS Havering CCG¬01708 343281¬¬http://www.straightroadsurgery.nhs.uk¬01708 345386
12606¬F82674¬GP¬UNKNOWN¬Visible¬True¬True¬Cranham Health Centre¬AVON ROAD SURGERY¬Avon Road¬¬Upminster¬Essex¬RM14 1RG¬51.568862915039063¬0.2653057873249054¬08F¬NHS Havering CCG¬0300 300 1863¬havccg.avonroadsurgery@nhs.net¬¬
12607¬F82675¬GP¬UNKNOWN¬Visible¬True¬True¬Billet Lane Medical Practice¬58B Billet Lane¬¬¬Hornchurch¬Essex¬RM11 1XA¬51.566890716552734¬0.21903227269649506¬08F¬NHS Havering CCG¬01708442377¬¬¬01708 447362
12608¬F82676¬GP¬UNKNOWN¬Visible¬True¬True¬King Edwards Medical Centre¬Aurora Medcare¬1 King Edwards Road¬¬Barking¬Essex¬IG11 7TB¬51.533641815185547¬0.08424030989408493¬07L¬NHS Barking And Dagenham CCG¬02085942988¬kingedwardsmedicalgroup@nhs.net¬¬
12609¬F82677¬GP¬UNKNOWN¬Visible¬True¬True¬Becontree Medical Centre¬641-645 Becontree Avenue¬¬¬Dagenham¬Essex¬RM8 3HP¬51.559371948242187¬0.14109084010124207¬07L¬NHS Barking And Dagenham CCG¬02037473020¬becontreemc@nhs.net¬http://www.becontreemedicalcentre.co.uk/¬0870 890 2581
12610¬F82678¬GP¬UNKNOWN¬Visible¬True¬True¬Drs K Alkaisy & F Islam Associates¬Urswick Medical Centre¬Urswick Road¬¬Dagenham¬Essex¬RM9 6EA¬51.537113189697266¬0.13335496187210083¬07L¬NHS Barking And Dagenham CCG¬02089844470¬¬¬020 8984 4478
12611¬F82679¬GP¬UNKNOWN¬Visible¬True¬True¬Parkview Medical Centre part of Aurora Medcare¬199 - 201 Reede Road¬¬¬Dagenham¬Essex¬RM10 8EJ¬51.545120239257813¬0.16005101799964905¬07L¬NHS Barking And Dagenham CCG¬02085922664¬parkview.dagenham@nhs.net¬http://www.parkviewmedicalcentreessex.nhs.uk/¬
12612¬F82680¬GP¬UNKNOWN¬Visible¬True¬True¬Highgrove Surgery¬Barking Community Hospital¬Upney Lane¬¬Barking¬Essex¬IG11 9LX¬51.538562774658203¬9.8741449415683746E-2¬07L¬NHS Barking And Dagenham CCG¬02038174117¬¬http://www.highgrovesurgery.co.uk¬0871 221 4262
12613¬F82686¬GP¬UNKNOWN¬Visible¬True¬True¬Dr A Patel Surgery¬Ashton Gardens¬¬¬Romford¬Essex¬RM6 6RT¬51.573715209960938¬0.14011965692043304¬08F¬NHS Havering CCG¬02089180580¬¬http://www.drapatelsurgery.co.uk¬020 8918 0582
12615¬F83002¬GP¬UNKNOWN¬Visible¬True¬True¬The Group Practice At River Place¬River Place¬Essex Road¬¬London¬Greater London¬N1 2DE¬51.540512084960938¬-9.6572525799274445E-2¬93C¬NHS North Central London CCG¬02077042832¬¬http://www.riverplacegrouppractice.co.uk¬0203 227 0981
12616¬F83003¬GP¬UNKNOWN¬Visible¬True¬True¬The Park End Surgery¬3 Park End¬¬¬London¬Greater London¬NW3 2SE¬51.556026458740234¬-0.16565810143947601¬93C¬NHS North Central London CCG¬02074357282¬parkend.surgery@nhs.net¬http://www.parkendsurgery.co.uk/¬020 7794 2455
12617¬F83004¬GP¬UNKNOWN¬Visible¬True¬True¬Archway Medical Centre¬652 Holloway Road¬¬¬London¬Greater London¬N19 3NU¬51.562400817871094¬-0.12575462460517883¬93C¬NHS North Central London CCG¬02072720111¬¬¬
12618¬F83005¬GP¬UNKNOWN¬Visible¬True¬True¬Gower Street Practice¬20 Gower Street¬¬¬London¬Greater London¬WC1E 6DP¬51.520118713378906¬-0.12981168925762177¬93C¬NHS North Central London CCG¬02074676800¬¬http://www.gowerstreetpractice.org.uk¬020 7467 6831
12619¬F83006¬GP¬UNKNOWN¬Visible¬True¬True¬Ampthill Practice¬Crowndale Health Centre¬59 Crowndale Road¬¬London¬Greater London¬NW1 1TN¬51.534599304199219¬-0.13727836310863495¬93C¬NHS North Central London CCG¬02073837333¬¬http://www.ampthillpractice2.co.uk/¬020 7388 1234
12620¬F83007¬GP¬UNKNOWN¬Visible¬True¬True¬Roman Way Medical Centre¬28 Laycock Street¬¬¬London¬Greater London¬N1 1SW¬51.54461669921875¬-0.10522592812776566¬93C¬NHS North Central London CCG¬02076077502¬¬http://www.romanwaymedicalcentre.co.uk/¬
12621¬F83008¬GP¬UNKNOWN¬Visible¬True¬True¬The Goodinge Group Practice¬Goodinge Health Centre¬20 North Road¬¬London¬Greater London¬N7 9EW¬51.548252105712891¬-0.12542755901813507¬93C¬NHS North Central London CCG¬02076196670¬¬http://www.goodingegrouppractice.com¬020 7619 6688
12622¬F83010¬GP¬UNKNOWN¬Visible¬True¬True¬Islington Central Medical Centre¬28 Laycock Street¬¬¬London¬Greater London¬N1 1SW¬51.544509887695313¬-0.10471273213624954¬93C¬NHS North Central London CCG¬02073590445¬¬http://www.islingtoncentralmedicalcentre.org¬0870 890 2618
12623¬F83011¬GP¬UNKNOWN¬Visible¬True¬True¬Primrose Hill Surgery¬97-99 Regents Park Road¬¬¬London¬Greater London¬NW1 8UR¬51.542182922363281¬-0.15630744397640228¬93C¬NHS North Central London CCG¬02077220038¬¬www.primrosehillsurgery.co.uk¬020 7722 9724
12624¬F83012¬GP¬UNKNOWN¬Visible¬True¬True¬Elizabeth Avenue Group Practice¬2 Elizabeth Avenue¬¬¬London¬Greater London¬N1 3BS¬51.539024353027344¬-9.1890335083007813E-2¬93C¬NHS North Central London CCG¬02072266363¬¬¬
12626¬F83015¬GP¬UNKNOWN¬Visible¬True¬True¬St John's Way Medical Centre¬96 St John's Way¬¬¬London¬Greater London¬N19 3RN¬51.568023681640625¬-0.13090559840202332¬93C¬NHS North Central London CCG¬02072721585¬¬http://www.stjohnsway.nhs.uk/¬020 7561 1237
12627¬F83017¬GP¬UNKNOWN¬Visible¬True¬True¬Hampstead Group Practice¬75 Fleet Road¬¬¬London¬Greater London¬NW3 2QU¬51.553173065185547¬-0.16306114196777344¬93C¬NHS North Central London CCG¬02074354000¬hgp@nhs.net¬http://www.hampsteadgrouppractice.co.uk¬
12628¬F83018¬GP¬UNKNOWN¬Visible¬True¬True¬Prince Of Wales Group Surgery¬Prince Of Wales Medical Centre¬52 Prince Of Wales Road¬¬London¬Greater London¬NW5 3LN¬51.546913146972656¬-0.14710213243961334¬93C¬NHS North Central London CCG¬02072670067¬¬http://www.princeofwalesgrouppractice.nhs.uk¬020 7485 8211
12629¬F83019¬GP¬UNKNOWN¬Visible¬True¬True¬The Abbey Medical Centre¬85 Abbey Road¬¬¬London¬Greater London¬NW8 0AG¬51.537921905517578¬-0.18511740863323212¬93C¬NHS North Central London CCG¬02076042455¬abbeymedical@nhs.net¬http://www.abbeymc.co.uk/¬ 020 7604 2456
12630¬F83020¬GP¬UNKNOWN¬Visible¬True¬True¬Adelaide Medical Centre¬111 Adelaide Road¬¬¬London¬Greater London¬NW3 3RY¬51.543548583984375¬-0.16124221682548523¬93C¬NHS North Central London CCG¬02077224135¬¬http://www.adelaidemedicalcentre.nhs.uk¬020 7586 7558
12631¬F83021¬GP¬UNKNOWN¬Visible¬True¬True¬Ritchie Street Group Practice¬34 Ritchie Street¬¬¬London¬Greater London¬N1 0DG¬51.534740447998047¬-0.10784372687339783¬93C¬NHS North Central London CCG¬02078371663¬ritchiestreetgrouppractice@nhs.net¬http://www.ritchiestreethealthcentre.co.uk¬020 7837 3656
12632¬F83022¬GP¬UNKNOWN¬Visible¬True¬True¬Caversham Group Practice¬4 Peckwater Street¬Kentish Town¬¬London¬Greater London¬NW5 2UP¬51.550468444824219¬-0.13810154795646667¬93C¬NHS North Central London CCG¬02074285700¬caversham.practice@nhs.net¬http://www.cavershamgrouppractice.co.uk/¬020 7428 9028
12633¬F83023¬GP¬UNKNOWN¬Visible¬True¬True¬James Wigg Group Practice¬2 Bartholomew Road¬¬¬London¬Greater London¬NW5 2BX¬51.546405792236328¬-0.13994039595127106¬93C¬NHS North Central London CCG¬02074284555¬jameswiggpractice@nhs.net¬http://www.jameswigg.co.uk¬020 7813 8668
12634¬F83025¬GP¬UNKNOWN¬Visible¬True¬True¬The Regents Park Practice¬Cumberland Market¬¬¬London¬Greater London¬NW1 3RH¬51.529331207275391¬-0.14180417358875275¬93C¬NHS North Central London CCG¬02073884474¬¬¬020 7387 2331
12635¬F83027¬GP¬UNKNOWN¬Visible¬True¬True¬The Family Practice¬117 Holloway Road¬¬¬London¬Greater London¬N7 8LT¬51.548179626464844¬-0.10691124945878983¬93C¬NHS North Central London CCG¬02076074322¬¬http://www.thefamilypractice-islington.nhs.uk/¬
12638¬F83032¬GP¬UNKNOWN¬Visible¬True¬True¬St Peter's Street Medical Practice¬16 1/2 St. Peter's Street¬Islington¬¬London¬Greater London¬N1 8JG¬51.535453796386719¬-0.10039202123880386¬93C¬NHS North Central London CCG¬02072889320¬¬http://www.stpetersstreetmedicalpractice.co.uk/¬020 73549120
12639¬F83033¬GP¬UNKNOWN¬Visible¬True¬True¬Dr Tahir Haffiz¬Bingfield Primary Care Centre¬8 Bingfield Street¬¬London¬Greater London¬N1 0AL¬51.539321899414063¬-0.1192476823925972¬93C¬NHS North Central London CCG¬020 77009700¬islccg.admin.drhaffiz@nhs.net¬http://www.barnsburymedicalpractice.nhs.uk¬020 77002274
12640¬F83034¬GP¬UNKNOWN¬Visible¬True¬True¬Dr Cecil Skelly¬287-293 New North Road¬¬¬London¬Greater London¬N1 7AA¬51.537532806396484¬-9.1577693819999695E-2¬93C¬NHS North Central London CCG¬02072269090¬¬http://www.newnorthhealthcentre.com/¬
12641¬F83039¬GP¬UNKNOWN¬Visible¬True¬True¬The Rise Group Practice¬Hornsey Rise¬¬¬London¬Greater London¬N19 3YU¬51.571445465087891¬-0.12499306350946426¬93C¬NHS North Central London CCG¬02075613420¬rise.group@nhs.net¬https://www.therisegrouppractice.co.uk/¬
12643¬F83042¬GP¬UNKNOWN¬Visible¬True¬True¬Grays Inn Road Medical Practice¬77 Grays Inn Road¬Holborn¬¬London¬Greater London¬WC1X 8TS¬51.522789001464844¬-0.1145232617855072¬93C¬NHS North Central London CCG¬02074059360¬graysinnmedical@nhs.net¬http://www.graysinnmedical.co.uk/¬02074046687
12644¬F83043¬GP¬UNKNOWN¬Visible¬True¬True¬Ridgmount Practice¬8 Ridgmount Street¬¬¬London¬Greater London¬WC1E 7AA¬51.520465850830078¬-0.13118129968643188¬93C¬NHS North Central London CCG¬02073876306¬¬¬020 7387 3645
12645¬F83044¬GP¬UNKNOWN¬Visible¬True¬True¬The Bloomsbury Surgery¬1 Handel Street¬¬¬London¬Greater London¬WC1N 1PD¬51.525672912597656¬-0.12324119359254837¬93C¬NHS North Central London CCG¬02078378559¬bloomsburysurgery@nhs.net¬https://www.bloomsburysurgery.nhs.uk/¬
12646¬F83045¬GP¬UNKNOWN¬Visible¬True¬True¬The Miller Practice¬49 Highbury New Park¬¬¬London¬Greater London¬N5 2ET¬51.551418304443359¬-9.2150583863258362E-2¬93C¬NHS North Central London CCG¬02073541972¬miller.practice@nhs.net¬http://www.millerpractice.nhs.uk¬
12647¬F83048¬GP¬UNKNOWN¬Visible¬True¬True¬Brunswick Medical Centre¬39 Brunswick Centre¬¬¬London¬Greater London¬WC1N 1AF¬51.524272918701172¬-0.12351492792367935¬93C¬NHS North Central London CCG¬02078373057¬brunswickmedicalcentre@nhs.net¬http://www.camdengp.co.uk¬
12649¬F83050¬GP¬UNKNOWN¬Visible¬True¬True¬Fortune Green Road Surgery¬80 Fortune Green Road¬¬¬London¬Greater London¬NW6 1DS¬51.554653167724609¬-0.19661179184913635¬93C¬NHS North Central London CCG¬02034355602¬fortunegreenpractice@nhs.net¬https://www.fortunegreenpractice.nhs.uk¬020 7431 0789
12651¬F83052¬GP¬UNKNOWN¬Visible¬True¬True¬Brookfield Park Surgery¬68 Chester Road¬¬¬London¬Greater London¬N19 5BZ¬51.563720703125¬-0.14266763627529144¬93C¬NHS North Central London CCG¬020 7263 9633¬¬http://www.brookfieldparksurgery.co.uk¬
12652¬F83053¬GP¬UNKNOWN¬Visible¬True¬True¬Mildmay Medical Practice¬2A Green Lanes¬¬¬London¬Greater London¬N16 9NF¬51.552474975585938¬-8.5716359317302704E-2¬93C¬NHS North Central London CCG¬02079231999¬admin.mildmay@nhs.net¬http://www.mildmaymedicalpractice.co.uk¬020 7923 1616
12653¬F83055¬GP¬UNKNOWN¬Visible¬True¬True¬West Hampstead Medical Centre¬9 Solent Road¬¬¬London¬Greater London¬NW6 1TP¬51.550041198730469¬-0.1965634673833847¬93C¬NHS North Central London CCG¬02074311588¬whmc@nhs.net¬http://www.westhampsteadmedicalcentre.com¬
12654¬F83056¬GP¬UNKNOWN¬Visible¬True¬True¬Mitchison Road Surgery¬2 Mitchison Road¬¬¬London¬Greater London¬N1 3NG¬51.544990539550781¬-8.7342828512191772E-2¬93C¬NHS North Central London CCG¬02072266016¬¬http://www.mitchisonroadsurgery.co.uk¬
12655¬F83057¬GP¬UNKNOWN¬Visible¬True¬True¬Parliament Hill Medical Centre¬113-117 Highgate Road¬¬¬London¬Greater London¬NW5 1TR¬51.555301666259766¬-0.14521479606628418¬93C¬NHS North Central London CCG¬02074829280¬¬http://www.parliamenthillmedical.org/¬020 7284 4677
12656¬F83058¬GP¬UNKNOWN¬Visible¬True¬True¬The Holborn Medical Centre¬64 - 66 Lamb's Conduit Street¬Holborn¬¬London¬Greater London¬WC1N 3NA¬51.522232055664063¬-0.11852475255727768¬93C¬NHS North Central London CCG¬02030770044¬¬http://www.holbornmedicalcentre.com¬020 7421 1207
12657¬F83059¬GP¬UNKNOWN¬Visible¬True¬True¬Brondesbury Medical Centre¬279 Kilburn High Road¬¬¬London¬Greater London¬NW6 7JQ¬51.54345703125¬-0.20014062523841858¬93C¬NHS North Central London CCG¬02076249853¬¬http://www.brondesburymedicalcentre.co.uk/¬020 7372 3660
12658¬F83060¬GP¬UNKNOWN¬Visible¬True¬True¬The Northern Medical Centre¬580 Holloway Road¬¬¬London¬Greater London¬N7 6LB¬51.560935974121094¬-0.12360746413469315¬93C¬NHS North Central London CCG¬02038173975¬northern.medicalcentre@nhs.net¬http://www.northernmedicalcentre.co.uk/¬0207 690 2869
12659¬F83061¬GP¬UNKNOWN¬Visible¬True¬True¬Museum Practice¬58 Great Russell Street¬¬¬London¬Greater London¬WC1B 3BA¬51.518440246582031¬-0.12552578747272491¬93C¬NHS North Central London CCG¬02074052739¬¬http://www.museumpractice.gpsurgery.net¬020 7404 1642
12660¬F83063¬GP¬UNKNOWN¬Visible¬True¬True¬Killick Street Health Centre¬75 Killick Street¬¬¬London¬Greater London¬N1 9RH¬51.534236907958984¬-0.11905352026224136¬93C¬NHS North Central London CCG¬020 7833 9939¬¬http://www.killickstreet.co.uk¬
12661¬F83064¬GP¬UNKNOWN¬Visible¬True¬True¬City Road Medical Centre¬190 - 196 City Road¬¬¬London¬Greater London¬EC1V 2QH¬51.527896881103516¬-9.1101355850696564E-2¬93C¬NHS North Central London CCG¬02073368170¬cityroadmedicalcentre@nhs.net¬http://www.cityroadmedicalcentre.org.uk/¬020 7690 3566
12663¬F83615¬GP¬UNKNOWN¬Visible¬True¬True¬Cholmley Gardens Surgery¬1 Cholmley Gardens¬Mill Lane¬¬London¬Greater London¬NW6 1AE¬51.552261352539063¬-0.19540822505950928¬93C¬NHS North Central London CCG¬02077946256¬cholmley.gardens@nhs.net¬http://www.cholmleygardensmc.nhs.uk/welcome,47856.htm¬020 7794 0540
12664¬F83623¬GP¬UNKNOWN¬Visible¬True¬True¬Keats Group Practice¬1B Downshire Hill¬¬¬London¬Greater London¬NW3 1NR¬51.555534362792969¬-0.17101527750492096¬93C¬NHS North Central London CCG¬02034354672¬¬http://www.keatsgrouppractice.nhs.uk¬020 7431 8501
12665¬F83624¬GP¬UNKNOWN¬Visible¬True¬True¬Clerkenwell Medical Practice¬17 Pine Street¬¬¬London¬Greater London¬EC1R 0LP¬51.524864196777344¬-0.1088297963142395¬93C¬NHS North Central London CCG¬02078335906¬clerkenwellmp@nhs.net¬http://www.clerkenwellmedicalpractice.org.uk/¬020 7520 0432
12667¬F83632¬GP¬UNKNOWN¬Visible¬True¬True¬Queens Crescent Practice¬76 Queens Crescent¬¬¬London¬Greater London¬NW5 4EB¬51.549655914306641¬-0.15176482498645782¬93C¬NHS North Central London CCG¬02074856104¬queenscrescentsurgery@nhs.net¬http://www.queenscrescent.co.uk/¬020 7485 5277
12668¬F83633¬GP¬UNKNOWN¬Visible¬True¬True¬Daleham Gardens Health Centre¬Daleham Gardens Health Centre¬5 Daleham Gardens¬¬London¬Greater London¬NW3 5BY¬51.547950744628906¬-0.17436261475086212¬93C¬NHS North Central London CCG¬02031120800¬dalehamgardens@nhs.net¬http://www.dalehamgardensmedical.co.uk/¬0203 112 0808
12669¬F83635¬GP¬UNKNOWN¬Visible¬True¬True¬Kings Cross Surgery¬The Bloomsbury Building¬St. Pancras Hospital¬4 St Pancras Way¬London¬Greater London¬NW1 0PE¬51.536651611328125¬-0.131643146276474¬93C¬NHS North Central London CCG¬02072789074¬kingscrosssurgery@nhs.net¬http://www.kingscrosssurgery.co.uk¬020 7833 2508
12671¬F83652¬GP¬UNKNOWN¬Visible¬True¬True¬Amwell Group Practice¬4 Naoroji Street¬¬¬London¬Greater London¬WC1X 0GB¬51.528041839599609¬-0.11080290377140045¬93C¬NHS North Central London CCG¬02078372020¬amwellgrouppractice@nhs.net¬www.amwellgrouppractice.co.uk¬020 7278 7135
12672¬F83658¬GP¬UNKNOWN¬Visible¬True¬True¬Belsize Priory Medical Practice (Group)¬Belsize Priory Medical Practice¬208 Belsize Road¬¬Kilburn¬Greater London¬NW6 4DX¬51.539772033691406¬-0.18799988925457001¬93C¬NHS North Central London CCG¬020 7328 8200¬reception.bpmp@nhs.net¬http://www.belsizepriorymedicalpractice.co.uk/¬020 7372 6138
12673¬F83660¬GP¬UNKNOWN¬Visible¬True¬True¬Dr Trosser¬1-5 Highbury Grange¬Islington¬¬London¬Greater London¬N5 2QB¬51.555091857910156¬-9.5660969614982605E-2¬93C¬NHS North Central London CCG¬02072262462¬¬http://www.highburygrangemedicalpractice.co.uk¬020 7226 3375
12675¬F83664¬GP¬UNKNOWN¬Visible¬True¬True¬The Village Practice¬115 Isledon Road¬¬¬London¬Greater London¬N7 7JJ¬51.559711456298828¬-0.1099957600235939¬93C¬NHS North Central London CCG¬02077006464¬¬https://thevillagepractice.org¬
12676¬F83665¬GP¬UNKNOWN¬Visible¬True¬True¬Swiss Cottage Surgery¬2 Winchester Mews¬¬¬London¬Greater London¬NW3 3NP¬51.542690277099609¬-0.17238019406795502¬93C¬NHS North Central London CCG¬02077222772¬swisscottagesurgery@nhs.net¬http://www.swisscottagesurgery.nhs.uk¬0870 890 2441
12677¬F83666¬GP¬UNKNOWN¬Visible¬True¬True¬Andover Medical Centre¬270-282 Hornsey Road¬Holloway¬¬London¬Greater London¬N7 7QZ¬51.561767578125¬-0.11644617468118668¬93C¬NHS North Central London CCG¬020 7281 6956¬andover.medical-centre@nhs.net¬https://www.theandovermedicalcentre.co.uk¬020 7561 1515
12678¬F83671¬GP¬UNKNOWN¬Visible¬True¬True¬The Beaumont Practice¬Hornsey Rise Health Centre¬Hornsey Rise¬¬London¬Greater London¬N19 3YU¬51.571445465087891¬-0.12499306350946426¬93C¬NHS North Central London CCG¬02072723155¬thebeaumont@nhs.net¬http://www.thebeaumontpractice.co.uk/¬020 7561 0648
12679¬F83672¬GP¬UNKNOWN¬Visible¬True¬True¬St Philips Medical Centre¬Tower 3, 2nd Floor¬Clement's Inn¬¬London¬Greater London¬WC2A 2AZ¬51.513755798339844¬-0.11532866954803467¬93C¬NHS North Central London CCG¬02076115131¬¬http://www.stphilipsmedicalcentre.co.uk/¬0207 955 6818
12680¬F83673¬GP¬UNKNOWN¬Visible¬True¬True¬Dr Simon Edoman¬The Medical Centre¬140 Holloway Road¬¬London¬Greater London¬N7 8DD¬51.551166534423828¬-0.10951995849609375¬93C¬NHS North Central London CCG¬02076078259¬edo.rec@nhs.net¬http://www.themedicalcentreislington.co.uk/¬020 7609 8803
12681¬F83674¬GP¬UNKNOWN¬Visible¬True¬True¬The Junction Medical Practice¬244 Tufnell Park Road¬¬¬London¬Greater London¬N19 5EW¬51.557178497314453¬-0.13655801117420197¬93C¬NHS North Central London CCG¬02072729105¬junction.medicalpractice@nhs.net¬https://www.junctionmedicalpractice.uk¬
12682¬F83677¬GP¬UNKNOWN¬Visible¬True¬False¬Dr Philip Matthewman¬87-89 Prince Of Wales Road¬Kentish Town¬¬London¬Greater London¬NW5 3NT¬51.545822143554687¬-0.14926649630069733¬93C¬NHS North Central London CCG¬02072843888¬¬http://www.matthewmanpractice.co.uk¬020 72676067
12683¬F83678¬GP¬UNKNOWN¬Visible¬True¬True¬Dr John Segarajasinghe¬17 Pine Street¬Islington¬¬London¬Greater London¬EC1R 0LP¬51.524864196777344¬-0.1088297963142395¬93C¬NHS North Central London CCG¬02077135256¬psmp@nhs.net¬http://www.pinestreetpractice.co.uk¬0207 833 2159
12684¬F83680¬GP¬UNKNOWN¬Visible¬True¬True¬Sobell Medical Centre¬272 Holloway Road¬¬¬London¬Greater London¬N7 6NE¬51.553867340087891¬-0.11336825788021088¬93C¬NHS North Central London CCG¬02076093050¬¬http://www.sobellmedicalcentre.nhs.uk¬
12685¬F83681¬GP¬UNKNOWN¬Visible¬True¬True¬Partnership Primary Care Centre¬331 Camden Road¬Islington¬¬London¬Greater London¬N7 0SL¬51.554718017578125¬-0.12097841501235962¬93C¬NHS North Central London CCG¬02038174431¬¬http://www.partnershipprimarycarecentre.co.uk¬020 7690 3501
12686¬F83682¬GP¬UNKNOWN¬Visible¬True¬True¬Rosslyn Hill Surgery¬20 Rosslyn Hill¬Hampstead¬¬London¬Greater London¬NW3 1PD¬51.55419921875¬-0.17083796858787537¬93C¬NHS North Central London CCG¬02074351132¬¬http://www.rosslynhillsurgery.co.uk/¬
12687¬F83683¬GP¬UNKNOWN¬Visible¬True¬True¬Somers Town Medical Centre¬77-83 Chalton Street¬¬¬London¬Greater London¬NW1 1HY¬51.529914855957031¬-0.13059248030185699¬93C¬NHS North Central London CCG¬02073876855¬¬http://www.somerstownmedicalcentre.co.uk/¬020 7388 3325
12688¬F83686¬GP¬UNKNOWN¬Visible¬True¬True¬Stroud Green Medical Centre¬181 Stroud Green Road¬Finsbury Park¬¬London¬Greater London¬N4 3PZ¬51.570060729980469¬-0.11431410163640976¬93C¬NHS North Central London CCG¬02072724323¬stroudgreenreception@nhs.net¬http://www.stroudgreenmedicalclinic.co.uk¬020 7263 5343
12689¬F84003¬GP¬UNKNOWN¬Visible¬True¬True¬LOWER CLAPTON GROUP PRACTICE¬Lower Clapton Health Centre¬36, Lower Clapton Road¬¬London¬Greater London¬E5 0PQ¬51.550922393798828¬-5.0976205617189407E-2¬07T¬NHS City And Hackney CCG¬02089867111¬lower.claptongp@nhs.net¬https://www.lowerclaptongroup.co.uk/¬020 8986 8140
12690¬F84004¬GP¬UNKNOWN¬Visible¬True¬True¬Market Street Health Group¬52 Market Street¬¬¬London¬Greater London¬E6 2RA¬51.530994415283203¬5.7503607124090195E-2¬08M¬NHS Newham CCG¬02085482200¬¬http://www.marketstreethealthgroup.org¬020 8548 2288
12691¬F84006¬GP¬UNKNOWN¬Visible¬True¬True¬The Shrewsbury Centre¬Shrewsbury Road Surgery¬Shrewsbury Road Surgery¬Shrewsbury Road¬London¬Greater London¬E7 8QP¬51.540939331054688¬4.3258998543024063E-2¬08M¬NHS Newham CCG¬0300 033 7700¬¬http://shrewsburyroadsurgery.co.uk¬020 8586 5046
12692¬F84008¬GP¬UNKNOWN¬Visible¬True¬True¬BARTON HOUSE GROUP PRACTICE¬233 Albion Road¬¬¬London¬Greater London¬N16 9JT¬51.560455322265625¬-8.3909586071968079E-2¬07T¬NHS City And Hackney CCG¬02072495511¬¬¬020 7254-8985
12693¬F84009¬GP¬UNKNOWN¬Visible¬True¬True¬Stratford Village Surgery¬50C Romford Road¬Stratford¬¬London¬Greater London¬E15 4BZ¬51.542095184326172¬6.4474656246602535E-3¬08M¬NHS Newham CCG¬02085344133¬¬http://www.first4healthgroup.co.uk¬020 8534 3860
12694¬F84010¬GP¬UNKNOWN¬Visible¬True¬True¬St. Bartholomews Surgery¬292A Barking Road¬¬¬London¬Greater London¬E6 3BA¬51.53240966796875¬5.1742300391197205E-2¬08M¬NHS Newham CCG¬02084720669¬¬www.st.bartholomewssurgery.gpsurgery.net¬020 8471 9122
12695¬F84012¬GP¬UNKNOWN¬Visible¬True¬True¬ALBION HEALTH CENTRE¬333 Whitechapel Road¬¬¬London¬Greater London¬E1 1BU¬51.520015716552734¬-0.05764368548989296¬08V¬NHS Tower Hamlets CCG¬02074569820¬thccg.albion-health@nhs.net¬http://www.albionhealth.nhs.uk¬020 7247 2589
12696¬F84013¬GP¬UNKNOWN¬Visible¬True¬True¬STAMFORD HILL GROUP PRACTICE¬2 Egerton Road¬¬¬London¬Greater London¬N16 6UA¬51.573974609375¬-7.1478530764579773E-2¬07T¬NHS City And Hackney CCG¬02088001000¬¬www.stamfordhillgrouppractice.co.uk¬
12697¬F84014¬GP¬UNKNOWN¬Visible¬True¬True¬Upton Lane Medical Centre¬75-77 Upton Lane¬¬¬London¬Greater London¬E7 9PB¬51.543098449707031¬2.6408180594444275E-2¬08M¬NHS Newham CCG¬02084716912¬¬http://www.uptonlanesurgery.nhs.uk¬020 8471 3845
12698¬F84015¬GP¬UNKNOWN¬Visible¬True¬True¬Kingsmead Healthcare¬4 Kingsmead Way¬¬¬London¬Greater London¬E9 5QG¬51.551803588867188¬-0.03476879745721817¬07T¬NHS City And Hackney CCG¬02089851930¬¬¬020 8533 3951
12699¬F84016¬GP¬UNKNOWN¬Visible¬True¬True¬Mission Medical Practice¬208 Cambridge Heath Road¬Bethnal Green¬¬London¬Greater London¬E2 9LS¬51.5313720703125¬-5.6468278169631958E-2¬08V¬NHS Tower Hamlets CCG¬02089837300¬¬www.themissionpractice.nhs.uk¬020 8983 6800
12700¬F84017¬GP¬UNKNOWN¬Visible¬True¬True¬Star Lane Medical Centre¬121 Star Lane¬¬¬London¬Greater London¬E16 4QH¬51.519874572753906¬1.0688613168895245E-2¬08M¬NHS Newham CCG¬02074764862¬¬http://www.starlanemedicalcentre.nhs.uk¬020 7540 5306
12701¬F84018¬GP¬UNKNOWN¬Visible¬True¬True¬The Nightingale Practice¬10 Kenninghall Road¬Clapton¬¬London¬Greater London¬E5 8BY¬51.558261871337891¬-6.2420010566711426E-2¬07T¬NHS City And Hackney CCG¬02089858388¬¬¬020 8986 6004
12702¬F84021¬GP¬UNKNOWN¬Visible¬True¬True¬LONDON FIELDS MEDICAL CENTRE¬38-44 Broadway Market¬¬¬London¬Greater London¬E8 4QJ¬51.536582946777344¬-6.1595972627401352E-2¬07T¬NHS City And Hackney CCG¬02079238100¬¬http://www.londonfieldsmedical.nhs.uk/¬0207 923 8101
12703¬F84022¬GP¬UNKNOWN¬Visible¬True¬True¬Stratford Health Centre¬121-123 The Grove¬Stratford¬¬London¬Greater London¬E15 1EN¬51.544651031494141¬4.7282986342906952E-3¬08M¬NHS Newham CCG¬02085553936¬¬https://www.stratfordhealthcentre.co.uk¬
12704¬F84025¬GP¬UNKNOWN¬Visible¬True¬True¬Dr Nagappan Selvan¬Newby Place Health & Wellbeing Centre¬21 Newby Place¬¬London¬Greater London¬E14 0EY¬51.510475158691406¬-1.2610477395355701E-2¬08V¬NHS Tower Hamlets CCG¬02075154701¬¬http://www.goughwalksurgery.nhs.uk¬020 7515 2414
12705¬Y03049¬GP¬UNKNOWN¬Visible¬True¬True¬Spring Hill Practice¬57 Stamford Hill¬¬¬London¬Greater London¬N16 5SR¬51.566024780273438¬-7.3618568480014801E-2¬07T¬NHS City And Hackney CCG¬02088066993¬cahccg.springhillpractice@nhs.net¬http://www.springhillpractice.nhs.uk/¬020 8806 6008
12706¬F84030¬GP¬UNKNOWN¬Visible¬True¬True¬RUSTON STREET CLINIC¬Ruston Street¬¬¬London¬Greater London¬E3 2LR¬51.536262512207031¬-2.7291182428598404E-2¬08V¬NHS Tower Hamlets CCG¬02089801652¬¬http://www.rustonstreet.nhs.uk¬020 8981 3397
12707¬F84031¬GP¬UNKNOWN¬Visible¬True¬True¬JUBILEE STREET PRACTICE¬368-374 Commercial Road¬¬¬London¬Greater London¬E1 0LS¬51.513595581054687¬-5.0537765026092529E-2¬08V¬NHS Tower Hamlets CCG¬02077808000¬thccg.jubileestreetpractice@nhs.net¬http://www.jubileestreetpractice.nhs.uk¬020 7780 8001
12710¬F84033¬GP¬UNKNOWN¬Visible¬True¬True¬SOMERFORD GROVE PRACTICE¬The Health Centre¬Somerford Grove¬¬London¬Greater London¬N16 7UA¬51.553798675537109¬-7.2606213390827179E-2¬07T¬NHS City And Hackney CCG¬02080492549¬cahccg.sgpadmin@nhs.net¬http://www.somerfordgrovepractice.co.uk¬
12711¬F84034¬GP¬UNKNOWN¬Visible¬True¬True¬ST STEPHENS HEALTH CENTRE¬Bow Community Hall¬William Place¬¬London¬Greater London¬E3 5ED¬51.532451629638672¬-3.1175855547189713E-2¬08V¬NHS Tower Hamlets CCG¬02089801760¬¬http://www.ststephenstowerhamlets.nhs.uk¬020 8980 6619
12712¬F84035¬GP¬UNKNOWN¬Visible¬True¬True¬Richmond Road Medical Centre¬136 Richmond Road¬¬¬London¬Greater London¬E8 3HN¬51.543052673339844¬-6.5517827868461609E-2¬07T¬NHS City And Hackney CCG¬02072542298¬¬http://www.richmondroadmedicalcentre.nhs.uk/¬020 7923 9247
12713¬F84036¬GP¬UNKNOWN¬Visible¬True¬True¬Cedar Practice¬John Scott Health Centre¬Green Lanes¬¬London¬Greater London¬N4 2NU¬51.568531036376953¬-9.3743026256561279E-2¬07T¬NHS City And Hackney CCG¬020 8036 6388¬¬http://www.cedarpractice.co.uk¬020 8809 6900
12715¬F84038¬GP¬UNKNOWN¬Visible¬True¬True¬Beechwood Medical Centre¬86A Dalston Lane¬¬¬London¬Greater London¬E8 3AH¬51.546085357666016¬-7.0581302046775818E-2¬07T¬NHS City And Hackney CCG¬02072542855¬¬http://beechwoodmci.co.uk¬020 7923 0444
12716¬F84039¬GP¬UNKNOWN¬Visible¬True¬True¬Whitechapel Health Centre¬44 Hessel Street¬(Entrance On Burslem Street)¬¬London¬Greater London¬E1 2LP¬51.514125823974609¬-6.2520675361156464E-2¬08V¬NHS Tower Hamlets CCG¬02077022036¬¬http://www.whitechapelhealthcentre.co.uk/¬020 7488 2323
12717¬F84041¬GP¬UNKNOWN¬Visible¬True¬True¬Dr Tahalani And Partners¬101-103 Southgate Road¬Islington¬¬London¬Greater London¬N1 3JS¬51.540859222412109¬-8.5482694208621979E-2¬07T¬NHS City And Hackney CCG¬02077042233¬¬www.southgateandwhistonpractice.nhs.uk¬02077042299
12718¬F84041001¬GP¬UNKNOWN¬Visible¬True¬True¬Whiston Road Surgery¬219 Kingsland Road¬¬¬London¬Greater London¬E2 8AN¬51.5343017578125¬-7.7553637325763702E-2¬07T¬NHS City And Hackney CCG¬02077398625¬¬¬020 7739 9162
12721¬F84044¬GP¬UNKNOWN¬Visible¬True¬True¬Harley Grove Medical Centre¬15 Harley Grove¬Bow¬¬London¬Greater London¬E3 2AT¬51.527961730957031¬-2.7765370905399323E-2¬08V¬NHS Tower Hamlets CCG¬02089837479¬¬http://www.harleygrove.nhs.uk¬020 8983 9099
12722¬F84046¬GP¬UNKNOWN¬Visible¬True¬True¬Brayford Square Surgery¬5 Brayford Square¬¬¬London¬Greater London¬E1 0SG¬51.514373779296875¬-5.0389166921377182E-2¬08V¬NHS Tower Hamlets CCG¬02036675009¬brayford.surgery@nhs.net¬http://www.brayfordsquaresurgery.nhs.uk/¬0207 790 0802
12723¬F84047¬GP¬UNKNOWN¬Visible¬True¬True¬Custom House Surgery¬16 Freemasons Road¬Custom House¬¬London¬Greater London¬E16 3NA¬51.512687683105469¬0.02523120678961277¬08M¬NHS Newham CCG¬02074762255¬¬https://customhousesurgery.co.uk/¬
12724¬F84050¬GP¬UNKNOWN¬Visible¬True¬True¬Boleyn Medical Centre¬152 Barking Road¬Ground Floor, East Ham¬¬London¬Greater London¬E6 3BD¬51.531234741210937¬4.4855307787656784E-2¬08M¬NHS Newham CCG¬02084758500¬¬http://www.boleynmedicalcentre.co.uk/¬020 8475 8501
12725¬F84051¬GP¬UNKNOWN¬Visible¬True¬True¬STROUTS PLACE MEDICAL CENTRE¬3 Strouts Place¬¬¬London¬Greater London¬E2 7QU¬51.52947998046875¬-7.4138045310974121E-2¬08V¬NHS Tower Hamlets CCG¬02077398859¬¬http://www.stroutsplace.nhs.uk¬020 7739 6906
12726¬F84052¬GP¬UNKNOWN¬Visible¬True¬True¬Essex Lodge¬Essex Lodge Surgery¬94 Greengate Street¬Plaistow¬London¬Greater London¬E13 0AS¬51.527198791503906¬2.7643252164125443E-2¬08M¬NHS Newham CCG¬02084724888¬info.essexlodge@nhs.net¬http://www.essexlodge.com/¬020 8472 5777
12727¬F84053¬GP¬UNKNOWN¬Visible¬True¬True¬Greengate Medical Centre¬497 Barking Road¬Plaistow¬¬London¬Greater London¬E13 8PS¬51.525211334228516¬2.7675259858369827E-2¬08M¬NHS Newham CCG¬02084717160¬greengatemedicalcentre@nhs.net¬¬020 8552 0794
12728¬F84054¬GP¬UNKNOWN¬Visible¬True¬True¬The Limehouse Practice¬Gill Street Health Centre¬11 Gill Street¬¬London¬Greater London¬E14 8HQ¬51.511253356933594¬-2.8732160106301308E-2¬08V¬NHS Tower Hamlets CCG¬02075152211¬¬http://www.limehousepractice.co.uk/¬020 7538 0594
12729¬F84055¬GP¬UNKNOWN¬Visible¬True¬True¬The Grove Road Surgery¬3 Ivanhoe House¬130 Grove Road¬¬London¬Greater London¬E3 5TW¬51.52978515625¬-3.8860131055116653E-2¬08V¬NHS Tower Hamlets CCG¬02089801767¬¬http://www.thegroveroadsurgery.nhs.uk¬
12730¬F84060¬GP¬UNKNOWN¬Visible¬True¬True¬Athena Medical Centre¬21 Atherden Road¬¬¬London¬Greater London¬E5 0QP¬51.554943084716797¬-5.3242195397615433E-2¬07T¬NHS City And Hackney CCG¬0208 985 6675¬¬http://www.athenamedicalcentre.co.uk¬0208 533 7775
12731¬F84062¬GP¬UNKNOWN¬Visible¬True¬True¬The Chrisp Street Hth Ctr¬Chrisp Street Health Centre¬100 Chrisp Street¬¬London¬Greater London¬E14 6PG¬51.514209747314453¬-1.4321589842438698E-2¬08V¬NHS Tower Hamlets CCG¬0207 515 4860¬¬http://www.chrispstreet.org/¬
12732¬F84063¬GP¬UNKNOWN¬Visible¬True¬True¬The Dalston Practice¬1B Madinah Road¬¬¬London¬Greater London¬E8 1PG¬51.547771453857422¬-6.7192547023296356E-2¬07T¬NHS City And Hackney CCG¬02072750077¬¬¬020 7923 9209
12733¬Y03023¬GP¬UNKNOWN¬Visible¬True¬True¬St Andrews Health Centre¬2 Hannaford Walk¬Bow¬¬London¬Greater London¬E3 3FF¬51.523948669433594¬-1.4287173748016357E-2¬08V¬NHS Tower Hamlets CCG¬02089801888¬¬https://www.bbbc.org.uk/health-centres/st-andrews-health-centre/¬020 8980 2753
12734¬F84069¬GP¬UNKNOWN¬Visible¬True¬True¬WELL STREET SURGERY¬28 Shore Road¬¬¬London¬Greater London¬E9 7TA¬51.539360046386719¬-5.2854515612125397E-2¬07T¬NHS City And Hackney CCG¬020 8985 2050¬cahccg.wellstreetsurgery@nhs.net¬http://www.wellstreetsurgery.co.uk¬
12735¬F84070¬GP¬UNKNOWN¬Visible¬True¬True¬Lathom Road Medical Centre¬2A Lathom Road¬East Ham¬¬London¬Greater London¬E6 2DU¬51.538066864013672¬5.2688930183649063E-2¬08M¬NHS Newham CCG¬02085485640¬info.lathomroadmedicalcentre@nhs.net¬http://www.lathomroadmedicalcentre.co.uk/¬0208 552 3706
12736¬F84072¬GP¬UNKNOWN¬Visible¬True¬True¬DE BEAUVOIR SURGERY¬30 Hertford Road¬¬¬London¬Greater London¬N1 5QT¬51.538459777832031¬-7.8200452029705048E-2¬07T¬NHS City And Hackney CCG¬02079233684¬¬https://www.debeauvoirsurgery.nhs.uk¬02079238909
12737¬F84074¬GP¬UNKNOWN¬Visible¬True¬True¬The Graham Practice¬19 Wordsworth Avenue¬¬¬London¬Greater London¬E12 6SU¬51.541549682617187¬4.8807784914970398E-2¬08M¬NHS Newham CCG¬02085485960¬¬¬020 8548 5963
12738¬F84077¬GP¬UNKNOWN¬Visible¬True¬True¬Dr R Samuel & Dr S Khan ¬10 Vicarage Lane¬Vicarage Lane Health Centre¬Stratford¬London¬Greater London¬E15 4ES¬51.541839599609375¬9.6439039334654808E-3¬08M¬NHS Newham CCG¬02085362266¬¬http://www.drsamueldrkhan.net¬
12739¬F84079¬GP¬UNKNOWN¬Visible¬True¬True¬The Wapping Group Practice¬The Wapping Group Practice¬22 Wapping Lane¬¬London¬¬E1W 2RL¬51.505336761474609¬-5.8541774749755859E-2¬08V¬NHS Tower Hamlets CCG¬02074819376¬¬http://www.wappinggrouppractice.nhs.uk¬020 7481 6199
12740¬F84080¬GP¬UNKNOWN¬Visible¬True¬True¬Fountayne Road Health Centre¬1A Fountayne Road¬¬¬London¬Greater London¬N16 7EA¬51.564418792724609¬-6.5130412578582764E-2¬07T¬NHS City And Hackney CCG¬0203 928 0777¬cahccg.thegadhvi-practice@nhs.net¬http://www.thegadhvipractice.nhs.uk/¬
12741¬F84081¬GP¬UNKNOWN¬Visible¬True¬True¬The Spitalfields Practice¬20 Old Montague Street¬¬¬London¬Greater London¬E1 5PB¬51.517353057861328¬-6.9590426981449127E-2¬08V¬NHS Tower Hamlets CCG¬02072477070¬¬http://www.thespitalfieldspractice.nhs.uk¬020 7650 1920
12742¬F84083¬GP¬UNKNOWN¬Visible¬True¬True¬BETHNAL GREEN HEALTH CENTRE¬60 Florida Street¬¬¬London¬Greater London¬E2 6LL¬51.52691650390625¬-6.4241193234920502E-2¬08V¬NHS Tower Hamlets CCG¬02077396677¬¬http://www.bethnalgreenhealthcentre.nhs.uk¬020 7729 4048
12743¬F84086¬GP¬UNKNOWN¬Visible¬True¬True¬The Forest Practice¬Lord Lister Health Centre¬121 Woodgrange Road¬Forest Gate¬London¬¬E7 0EP¬51.550556182861328¬2.4878721684217453E-2¬08M¬NHS Newham CCG¬020 8250 7510¬¬http://www.theforestpractice.org.uk¬
12744¬F84087¬GP¬UNKNOWN¬Visible¬True¬True¬HARFORD HEALTH CENTRE¬115 Harford Street¬¬¬London¬Greater London¬E1 4FG¬51.518386840820313¬-3.8124583661556244E-2¬08V¬NHS Tower Hamlets CCG¬02077901059¬harfordhealthcentre@nhs.net¬www.harfordhealthcentre.nhs.uk¬020 7791 3999
12745¬F84088¬GP¬UNKNOWN¬Visible¬True¬True¬Plashet Road Medical Centre¬152 Plashet Road¬¬¬London¬Greater London¬E13 0QT¬51.537490844726563¬3.3037364482879639E-2¬08M¬NHS Newham CCG¬02084720473¬newccg.plashet-medical-centre@nhs.net¬https://plashetmedicalcentre.co.uk/¬020 8471 2243
12747¬F84658003¬GP¬UNKNOWN¬Visible¬True¬True¬Sangam Surgery @ Gladstone Avenue¬57 Gladstone Avenue¬¬¬London¬Greater London¬E12 6NR¬51.541496276855469¬5.2973087877035141E-2¬08M¬NHS Newham CCG¬2084714764¬¬¬020 8472 3378
12748¬F84092¬GP¬UNKNOWN¬Visible¬True¬True¬Glen Road Medical Centre¬1-9 Glen Road¬Plaistow¬¬London¬Greater London¬E13 8RU¬51.522220611572266¬3.2544553279876709E-2¬08M¬NHS Newham CCG¬02074763434¬¬http://www.glenroadmedicalcentre.nhs.uk¬020 7476 3411
12749¬F84093¬GP¬UNKNOWN¬Visible¬True¬True¬Tollgate Medical Centre¬220 Tollgate Road¬¬¬London¬Greater London¬E6 5JS¬51.515571594238281¬5.6376181542873383E-2¬08M¬NHS Newham CCG¬02074739399¬¬http://www.tollgatemedicalcentre.nhs.uk/¬020 7473 9388
12750¬F84096¬GP¬UNKNOWN¬Visible¬True¬True¬The Lawson Practice¬St Leonards Hospital¬85 Nuttall Street¬¬London¬Greater London¬N1 5HZ¬51.533775329589844¬-7.9450242221355438E-2¬07T¬NHS City And Hackney CCG¬02035386044¬lawson.practice@nhs.net¬http://www.lawsonpractice.nhs.uk/¬0844 387 8756
12751¬F84097¬GP¬UNKNOWN¬Visible¬True¬True¬Claremont Clinic¬459-463 Romford Road¬¬¬Forest Gate¬Greater London¬E7 8AB¬51.547500610351563¬0.03352683037519455¬08M¬NHS Newham CCG¬02085220222¬¬http://www.claremontclinic.co.uk/¬020 8522 0444
12752¬F84105¬GP¬UNKNOWN¬Visible¬True¬True¬The Lea Surgery¬Alfred Health Centre¬186 Homerton High Street¬¬London¬Greater London¬E9 6AG¬51.548271179199219¬-4.3098922818899155E-2¬07T¬NHS City And Hackney CCG¬02089863106¬leasurgery@nhs.net¬www.leasurgery.co.uk¬020 8985 1909
12753¬F84111¬GP¬UNKNOWN¬Visible¬True¬True¬Abbey Road Medical Practice¬28A Abbey Road¬South West Newham¬Stratford¬London¬Greater London¬E15 3LT¬51.534782409667969¬5.8952444233000278E-3¬08M¬NHS Newham CCG¬02085342515¬¬http://www.abbeyroadmedicalcentre.co.uk/¬
12754¬F84114¬GP¬UNKNOWN¬Visible¬True¬True¬City Wellbeing Practice¬129 Cannon Street Road¬¬¬London¬Greater London¬E1 2LX¬51.513359069824219¬-6.1774987727403641E-2¬08V¬NHS Tower Hamlets CCG¬02074884240¬¬http://www.citywellbeingpractice.nhs.uk¬020 7702 2443
12755¬F84115¬GP¬UNKNOWN¬Visible¬True¬True¬The Statham Grove Surgery¬Statham Grove¬¬¬London¬Greater London¬N16 9DP¬51.557464599609375¬-8.9445225894451141E-2¬07T¬NHS City And Hackney CCG¬02072544327¬¬www.stathamgrovesurgery.co.uk¬020 7241 4098
12756¬F84117¬GP¬UNKNOWN¬Visible¬True¬True¬Queensbridge Group Practice¬24 Holly Street¬Hackney¬¬London¬Greater London¬E8 3XP¬51.541469573974609¬-7.1468792855739594E-2¬07T¬NHS City And Hackney CCG¬02072541101¬queensbridge@nhs.net¬http://www.queensbridgegroup.co.uk/¬020 7923 1541
12757¬F84118¬GP¬UNKNOWN¬Visible¬True¬True¬MERCHANT STREET PRACTICE¬Wellington Way Health Centre¬1A Wellington Way¬¬London¬Greater London¬E3 4NE¬51.525917053222656¬-2.4826362729072571E-2¬08V¬NHS Tower Hamlets CCG¬02089803676¬thccg.merchantstreet@nhs.net¬http://www.merchantstreet.nhs.uk¬
12758¬F84119¬GP¬UNKNOWN¬Visible¬True¬True¬The Heron Practice¬John Scott Health Centre¬Green Lanes¬¬London¬Greater London¬N4 2NU¬51.568531036376953¬-9.3743026256561279E-2¬07T¬NHS City And Hackney CCG¬020 3994 6900¬¬http://www.heronpractice.co.uk¬020 8809 0999
12759¬F84121¬GP¬UNKNOWN¬Visible¬True¬True¬First 4 Health Group - Church Road Health¬The Centre - Manor Park¬First Floor¬30 Church Road¬London¬Greater London¬E12 6AQ¬51.547828674316406¬5.3752616047859192E-2¬08M¬NHS Newham CCG¬020 3325 9888¬¬http://www.first4healthgroup.co.uk¬
12760¬F84122001¬GP¬UNKNOWN¬Visible¬True¬True¬Bromley-By-Bow Health Centre¬St. Leonards Street¬Bow¬¬London¬Greater London¬E3 3BT¬51.526390075683594¬-1.2422148138284683E-2¬08V¬NHS Tower Hamlets CCG¬0203 7280980¬¬https://www.bbbc.org.uk/health-centres/bromley-by-bow-health-centre/¬020 8983 4098
12761¬F84122¬GP¬UNKNOWN¬Visible¬True¬True¬XX Place Health Centre¬Alderney Building¬Mile End Hospital Site¬Bancroft Road¬London¬Greater London¬E1 4DG¬51.524147033691406¬-4.2701747268438339E-2¬08V¬NHS Tower Hamlets CCG¬02071672828¬thccg.f84122-workflow@nhs.net¬https://www.bbbc.org.uk/health-centres/¬020 7702 7024
12762¬F84123¬GP¬UNKNOWN¬Visible¬True¬True¬The Globe Town Surgery¬82-86 Roman Road¬¬¬London¬Greater London¬E2 0PJ¬51.528495788574219¬-4.9352645874023438E-2¬08V¬NHS Tower Hamlets CCG¬02089803023¬¬http://www.globetown.org¬020 8983 4627
12763¬F84124¬GP¬UNKNOWN¬Visible¬True¬True¬The Project Surgery¬10 Lettsom Walk¬¬¬London¬Greater London¬E13 0LN¬51.532272338867187¬2.0650194957852364E-2¬08M¬NHS Newham CCG¬02084725234¬¬http://theprojectsurgery.com¬020 8472 5345
12764¬F84601¬GP¬UNKNOWN¬Visible¬True¬True¬ELSDALE STREET SURGERY¬28 Elsdale Street¬¬¬London¬Greater London¬E9 6QY¬51.54302978515625¬-4.9106881022453308E-2¬07T¬NHS City And Hackney CCG¬020 8525 2980¬cahccg.elsdalestreet@nhs.net¬https://www.elsdalestreetsurgery.nhs.uk¬
12765¬F84619¬GP¬UNKNOWN¬Visible¬True¬True¬The Riverside Practice¬Theydon Road Health Centre¬14 Urban Hive¬Theydon Road¬London¬Greater London¬E5 9BQ¬51.565261840820313¬-5.1315329968929291E-2¬07T¬NHS City And Hackney CCG¬02088061928¬cahccg.theriversidepractice@nhs.net¬http://www.theriversidepractice-hackney.nhs.uk¬020 8806 8823
12766¬F84620¬GP¬UNKNOWN¬Visible¬True¬True¬The Wick Health Centre¬10 Kenworthy Road¬¬¬London¬Greater London¬E9 5TD¬51.548030853271484¬-0.03767181932926178¬07T¬NHS City And Hackney CCG¬02089866341¬¬¬0208 510 0575
12767¬F84620001¬GP¬UNKNOWN¬Visible¬True¬True¬Branch Surgery¬28 Median Road¬¬¬London¬Greater London¬E5 0PL¬51.551914215087891¬-0.05001068115234375¬07T¬NHS City And Hackney CCG¬02089852664¬rebecca.alexander@nhs.net¬http://www.thewickhealthcentre.co.uk¬020 8510 0575
12768¬F84621¬GP¬UNKNOWN¬Visible¬True¬True¬SANDRINGHAM PRACTICE¬1A Madinah Road¬¬¬London¬Greater London¬E8 1PG¬51.547771453857422¬-6.7192547023296356E-2¬07T¬NHS City And Hackney CCG¬02072750022¬cahccg.sandringhampractice@nhs.net¬http://www.sandringhampractice.nhs.uk/¬020 7923 2622
12772¬F84635¬GP¬UNKNOWN¬Visible¬True¬True¬SHOREDITCH PARK SURGERY¬10 Rushton Street¬¬¬London¬Greater London¬N1 5DR¬51.533527374267578¬-8.6814157664775848E-2¬07T¬NHS City And Hackney CCG¬02077398525¬¬www.shoreditchparksurgery.com¬020 7739 5352
12773¬F84636¬GP¬UNKNOWN¬Visible¬True¬True¬The Surgery - Barretts Grove¬6 Barretts Grove¬¬¬London¬Greater London¬N16 8AR¬51.552200317382813¬-0.07827044278383255¬07T¬NHS City And Hackney CCG¬02072541661¬cahccg.barrettsgrove@nhs.net¬http://www.barrettsgrovesurgery.co.uk/¬020 7275 8777
12774¬F84640¬GP¬UNKNOWN¬Visible¬True¬True¬The Neaman Practice¬15 Half Moon Court¬¬¬London¬Greater London¬EC1A 7HF¬51.51898193359375¬-0.09820537269115448¬07T¬NHS City And Hackney CCG¬02076009740¬¬http://www.theneamanpractice.nhs.uk¬0207 606 0071
12775¬F84641¬GP¬UNKNOWN¬Visible¬True¬True¬Birchdale Road Medical Centre¬2 Birchdale Road¬North East Newham¬¬London¬Greater London¬E7 8AR¬51.546756744384766¬3.8440834730863571E-2¬08M¬NHS Newham CCG¬02084721600¬newccg.infobirchdale@nhs.net¬http://www.birchdalemedicalcentre.nhs.uk¬020 8471 7712
12776¬F84642¬GP¬UNKNOWN¬Visible¬True¬True¬Lucas Avenue Practice¬1A Lucas Avenue¬Plaistow¬¬London¬Greater London¬E13 0QP¬51.5362548828125¬3.0747182667255402E-2¬08M¬NHS Newham CCG¬02084717239¬¬http://www.lucasgp.co.uk¬02084718699
12777¬F84647¬GP¬UNKNOWN¬Visible¬True¬True¬Roserton Street Surgery¬ISLAND MEDICAL CENTRE - Roserton Street¬¬¬London¬Greater London¬E14 3PG¬51.498481750488281¬-1.0034690611064434E-2¬08V¬NHS Tower Hamlets CCG¬02079874231¬thccg.imc@nhs.net¬http://www.islandmedical.co.uk¬020 7987 1117
12780¬F84656¬GP¬UNKNOWN¬Visible¬True¬True¬DOCKLANDS MEDICAL CENTRE¬100 Spindrift Avenue¬¬¬London¬Greater London¬E14 9WU¬51.491153717041016¬-2.1129077300429344E-2¬08V¬NHS Tower Hamlets CCG¬02075371444¬¬http://docklandsmedicalcentre.com/¬020 7537 0666
12781¬F84657¬GP¬UNKNOWN¬Visible¬True¬True¬First 4 Health Group - Cumberland Medical Centre¬179 Cumberland Road¬Plaistow¬¬London¬Greater London¬E13 8LS¬51.518558502197266¬2.5667918846011162E-2¬08M¬NHS Newham CCG¬02074761029¬¬¬020 7476 6616
12782¬F84658¬GP¬UNKNOWN¬Visible¬True¬True¬Sangam Practice¬At Greenhill Centre¬31A Snowshill Road¬Manor Park¬London¬Greater London¬E12 6BE¬51.548622131347656¬4.9134526401758194E-2¬08M¬NHS Newham CCG¬02089118378¬¬https://www.sangamsurgery.nhs.uk/¬020 8911 8369
12783¬F84660¬GP¬UNKNOWN¬Visible¬True¬True¬DR CM PATEL'S SURGERY¬2 Jephson Road¬¬¬London¬¬E7 8LZ¬51.540569305419922¬3.5619735717773438E-2¬08M¬NHS Newham CCG¬02084706429¬¬http://www.drpatelsurgery.co.uk/¬
12785¬F84666¬GP¬UNKNOWN¬Visible¬True¬True¬The Ruiz Medical Practice¬2 St Lukes Square¬¬¬London¬Greater London¬E16 1HT¬51.511928558349609¬1.3610215857625008E-2¬08M¬NHS Newham CCG¬02073666440¬¬http://www.stlukesmedicalcentre-drruizanddrjoarder.co.uk/¬020 7366 6441
12786¬F84668¬GP¬UNKNOWN¬Visible¬True¬True¬THE CLAPTON SURGERY¬14 Urban Hive¬Theydon Road¬¬London¬Greater London¬E5 9BQ¬51.565261840820313¬-5.1315329968929291E-2¬07T¬NHS City And Hackney CCG¬02088067735¬clapton.surgery@nhs.net¬www.theclaptonsurgery.co.uk¬020 8806 2991
12787¬F84669¬GP¬UNKNOWN¬Visible¬True¬True¬Newham Medical Centre¬576 Green Street¬¬¬London¬Greater London¬E13 9DA¬51.531436920166016¬3.7208463996648788E-2¬08M¬NHS Newham CCG¬020 3668 0788¬newhammedicalcentre@nhs.net¬¬0844 499 6993
12788¬F84670¬GP¬UNKNOWN¬Visible¬True¬True¬Westbury Road Medical Practice¬¬32 Westbury Road¬Forest Gate¬London¬Greater London¬E7 8BU¬51.545787811279297¬3.0205303803086281E-2¬08M¬NHS Newham CCG¬02084724123¬¬http://www.westburyroadmedicalpractice.co.uk/¬020 8552 5329
12789¬F84658002¬GP¬UNKNOWN¬Visible¬True¬True¬Sangam Surgery @ Katherine Road¬511 Katherine Road¬¬¬London¬Greater London¬E7 8DR¬51.545475006103516¬3.6292143166065216E-2¬08M¬NHS Newham CCG¬02084727029¬katherineroad.medicalcentre@nhs.net¬https://www.sangamsurgery.nhs.uk/¬020 8471 9294
12790¬F84672¬GP¬UNKNOWN¬Visible¬True¬True¬E7 Health - First 4 Health Group¬Lord Lister Health Centre¬121 Woodgrange Road¬Forest Gate¬London¬Greater London¬E7 0EP¬51.550556182861328¬2.4878721684217453E-2¬08M¬NHS Newham CCG¬020 8534 1026¬¬https://sites.google.com/a/first4healthgroup.co.uk/e12-healthcare-centre/¬
12791¬F84673¬GP¬UNKNOWN¬Visible¬True¬True¬Esk Road Medical Centre¬12 Esk Road¬¬¬London¬Greater London¬E13 8LJ¬51.522453308105469¬0.02428055927157402¬08M¬NHS Newham CCG¬02074749002¬¬¬020 7473 1917
12792¬F84676¬GP¬UNKNOWN¬Visible¬True¬True¬STROUDLEY WALK PRACTICE¬Wellington Way Health Centre¬1A WellingtonWay¬¬London¬Greater London¬E3 4NE¬51.525917053222656¬-2.4826362729072571E-2¬08V¬NHS Tower Hamlets CCG¬02089814742¬thccg.stroudleywalk@nhs.net¬http://www.stroudleywalk.nhs.uk¬
12793¬F84677¬GP¬UNKNOWN¬Visible¬True¬True¬East End Medical Centre¬61 Plashet Road¬¬¬London¬Greater London¬E13 0QA¬51.537311553955078¬2.5242563337087631E-2¬08M¬NHS Newham CCG¬02084708186¬¬https://www.eastendmedicalcentre.nhs.uk/¬020 8503 4989
12795¬F84681¬GP¬UNKNOWN¬Visible¬True¬True¬Balaam Street Practice¬113 Balaam Street¬Newham¬¬London¬Greater London¬E13 8AF¬51.525680541992188¬2.3924786597490311E-2¬08M¬NHS Newham CCG¬020 8472 1238¬newccg.balaamstreet@nhs.net¬http://balaamstreetsurgery.nhs.uk¬
12796¬F84682002¬GP¬UNKNOWN¬Visible¬True¬True¬Cable Street Surgery¬445 Cable Street¬¬¬London¬Greater London¬E1W 3DE¬51.511367797851563¬-4.8683300614356995E-2¬08V¬NHS Tower Hamlets CCG¬02074239022¬¬¬
12797¬F84682¬GP¬UNKNOWN¬Visible¬True¬True¬East One Health¬14 Deancross Street¬¬¬London¬Greater London¬E1 2QA¬51.513599395751953¬-5.5144693702459335E-2¬08V¬NHS Tower Hamlets CCG¬02077902978¬¬http://www.eastonehealth.nhs.uk/¬
12798¬F84685¬GP¬UNKNOWN¬Visible¬True¬True¬The Elm Practice¬1A Fountayne Road¬¬¬London¬Greater London¬N16 7EA¬51.564418792724609¬-6.5130412578582764E-2¬07T¬NHS City And Hackney CCG¬02039280999¬cahccg.elm-practice@nhs.net¬http://www.elmpractice.nhs.uk/¬
12799¬F84686¬GP¬UNKNOWN¬Visible¬True¬True¬The Surgery - Cranwich Road¬62 Cranwich Road¬¬¬London¬Greater London¬N16 5JF¬51.573657989501953¬-8.1637218594551086E-2¬07T¬NHS City And Hackney CCG¬02088022002¬¬http://www.cranwichroadsurgery.nhs.uk/¬02088802112
12800¬F84692¬GP¬UNKNOWN¬Visible¬True¬True¬The Hoxton Surgery¬12 Rushton Street¬¬¬London¬Greater London¬N1 5DR¬51.533527374267578¬-8.6814157664775848E-2¬07T¬NHS City And Hackney CCG¬02034870200¬hoxton.surgery@nhs.net¬http://www.hoxtonsurgery.nhs.uk/¬020 7729 3197
12801¬F84694¬GP¬UNKNOWN¬Visible¬True¬True¬The Surgery (Brooke Road)¬40-42 Brooke Road¬¬¬London¬Greater London¬N16 7LR¬51.560050964355469¬-7.0740357041358948E-2¬07T¬NHS City And Hackney CCG¬02072545652¬¬¬020 7275 7666
12803¬F84696¬GP¬UNKNOWN¬Visible¬True¬True¬TREDEGAR PRACTICE¬35 St. Stephens Road¬¬¬London¬Greater London¬E3 5JD¬51.531314849853516¬-3.1816191971302032E-2¬08V¬NHS Tower Hamlets CCG¬02089801822¬¬http://www.tredegarpractice.nhs.uk¬020 8983 7131
12804¬F84698¬GP¬UNKNOWN¬Visible¬True¬True¬ABERFELDY PRACTICE¬2A Ettrick Street¬¬¬London¬Greater London¬E14 0PU¬51.514484405517578¬-4.9126977100968361E-3¬08V¬NHS Tower Hamlets CCG¬02075155622¬¬http://www.aberfeldypractice.nhs.uk¬020 7538-3462
12808¬F84706¬GP¬UNKNOWN¬Visible¬True¬True¬Dr Swedan and Partner¬Lord Lister Health Centre¬121 Woodgrange Road¬¬London¬Greater London¬E7 0EP¬51.550556182861328¬2.4878721684217453E-2¬08M¬NHS Newham CCG¬02082507530¬¬https://www.drswedanandpartner.co.uk¬020 8250 7535
12811¬F84710¬GP¬UNKNOWN¬Visible¬True¬True¬ISLAND HEALTH¬145 East Ferry Road¬¬¬London¬Greater London¬E14 3BQ¬51.495357513427734¬-1.3498717918992043E-2¬08V¬NHS Tower Hamlets CCG¬02073631111¬¬http://www.islandhealth.nhs.uk/¬020 7363 1112
12812¬F84711¬GP¬UNKNOWN¬Visible¬True¬True¬Rosewood Practice¬1A Fountayne Road¬¬¬London¬Greater London¬N16 7EA¬51.564418792724609¬-6.5130412578582764E-2¬07T¬NHS City And Hackney CCG¬0203 928 0555¬cahccg.therosewoodpractice@nhs.net¬http://www.rosewoodpractice.nhs.uk¬020 8442 9843
12814¬F84714¬GP¬UNKNOWN¬Visible¬True¬True¬ST PAULS WAY MEDICAL CENTRE¬St Pauls Way Medical Centre¬First Floor¬11 Selsey Street¬London¬Greater London¬E14 7LJ¬51.517864227294922¬-2.4468583986163139E-2¬08V¬NHS Tower Hamlets CCG¬02075380833¬stpaulswaymedicalcentre@nhs.net¬http://www.stpaulswaymedicalcentre.nhs.uk/¬02075153032
12815¬F84716¬GP¬UNKNOWN¬Visible¬True¬True¬The Allerton Road Surgery¬34A Allerton Road¬Stoke Newington¬¬London¬Greater London¬N16 5UF¬51.565723419189453¬-9.0368665754795074E-2¬07T¬NHS City And Hackney CCG¬02088022882¬allertonroadmedicalcentre@nhs.net¬http://allertonroadmedicalcentre.com¬02088027438
12816¬F84717¬GP¬UNKNOWN¬Visible¬True¬True¬Royal Docks Medical Practice¬21 East Ham Manor Way¬¬¬London¬Greater London¬E6 5NA¬51.50946044921875¬6.2946200370788574E-2¬08M¬NHS Newham CCG¬02075114466¬newccg.royaldockspractice@nhs.net¬¬020 7511 1492
12817¬F84718¬GP¬UNKNOWN¬Visible¬True¬True¬The Blithehale Medical Centre¬22 Dunbridge Street¬¬¬London¬Greater London¬E2 6JA¬51.523773193359375¬-0.0651816725730896¬08V¬NHS Tower Hamlets CCG¬02077395497¬¬www.blithehalemedicalcentre.nhs.uk¬020 7739 2251
12818¬F84719¬GP¬UNKNOWN¬Visible¬True¬True¬LATIMER HEALTH CENTRE¬4 Homerton Terrace¬¬¬London¬Greater London¬E9 6RT¬51.546588897705078¬-4.9488309770822525E-2¬07T¬NHS City And Hackney CCG¬02089852249¬¬http://www.latimerhealthcentre.nhs.uk¬020 89857333
12819¬F84720¬GP¬UNKNOWN¬Visible¬True¬True¬Healy Medical Centre¬200 Upper Clapton Road¬¬¬London¬Greater London¬E5 9DH¬51.5670166015625¬-6.0042135417461395E-2¬07T¬NHS City And Hackney CCG¬02088061611¬cahccg.healymedicalcentre@nhs.net¬http://www.healymedicalcentre.co.uk/¬020 8806 9027
12820¬F84724¬GP¬UNKNOWN¬Visible¬True¬True¬Woodgrange Medical Practice¬40 Woodgrange Road¬Forest Gate¬¬London¬Greater London¬E7 0QH¬51.548595428466797¬2.5267748162150383E-2¬08M¬NHS Newham CCG¬02082213100¬¬www.wmp-gp.co.uk.¬0208 221 3129
12822¬F84729¬GP¬UNKNOWN¬Visible¬True¬True¬The Manor Park Practice¬The Manor Park Practice¬778 Romford Road¬Manor Park¬London¬Greater London¬E12 5JG¬51.553047180175781¬5.5622715502977371E-2¬08M¬NHS Newham CCG¬02084780533¬¬https://www.themanorparkpractice.nhs.uk/¬02085145403
12823¬F84730¬GP¬UNKNOWN¬Visible¬True¬True¬The Vicarage Lane Surgery¬Vicarage Lane Health Centre¬10 Vicarage Lane¬¬Stratford¬Greater London¬E15 4ES¬51.541412353515625¬1.0037194937467575E-2¬08M¬NHS Newham CCG¬02085362244¬drknight.surgery@nhs.net¬http://www.thevicaragelanesurgery.nhs.uk¬
12824¬F84731¬GP¬UNKNOWN¬Visible¬True¬True¬St. Katherine's Dock Practice¬12-14 Nightingale House¬50 Thomas More Street¬¬London¬Greater London¬E1W 1UA¬51.506980895996094¬-6.8270809948444366E-2¬08V¬NHS Tower Hamlets CCG¬02074883653¬thccg.skd@nhs.net¬http://www.stkatharinedocks.nhs.uk/¬
12825¬F84733¬GP¬UNKNOWN¬Visible¬True¬True¬Spitalfields Medical Centre - Health E1¬9-11 Brick Lane¬¬¬London¬Greater London¬E1 6PU¬51.518302917480469¬-7.1510575711727142E-2¬08V¬NHS Tower Hamlets CCG¬02072470090¬¬http://www.healthe1practice.nhs.uk¬020 7375 0602
12826¬F84734¬GP¬UNKNOWN¬Visible¬True¬True¬Boleyn Road Practice¬1a Lucas Avenue¬Upton Park¬¬London¬Greater London¬E13 0QP¬51.5362548828125¬3.0747182667255402E-2¬08M¬NHS Newham CCG¬020 8471 7239¬¬https://newhampractice.co.uk/¬
12827¬F84735¬GP¬UNKNOWN¬Visible¬True¬True¬The Azad Practice ¬1St Floor Boleyn Centre¬152 Barking Road¬East Ham¬London¬Greater London¬E6 3BD¬51.531234741210937¬4.4855307787656784E-2¬08M¬NHS Newham CCG¬02084758550¬newccg.theazadpractice@nhs.net¬http://www.theazadpractice.nhs.uk¬0208 475 8551
12829¬F84739¬GP¬UNKNOWN¬Visible¬True¬True¬E12 Medical Centre¬243 High Street North¬¬¬London¬Greater London¬E12 6SJ¬51.541164398193359¬5.0405550748109818E-2¬08M¬NHS Newham CCG¬02084702500¬¬¬020 8470 2200
12830¬F84740¬GP¬UNKNOWN¬Visible¬True¬True¬Newham Transitional Practice ¬30 Church Road¬¬¬London¬Greater London¬E12 6AQ¬51.547782897949219¬5.3847536444664001E-2¬08M¬NHS Newham CCG¬02085537460¬info.trathen@nhs.net¬¬0208 553 7461
12831¬F84741¬GP¬UNKNOWN¬Visible¬True¬True¬Dr Krishnamurthy's Practice¬¬Shrewsbury Road¬Forest Gate¬London¬Greater London¬E7 8QR¬51.539588928222656¬4.5373991131782532E-2¬08M¬NHS Newham CCG¬02085866555¬¬https://www.drkrishnamurthyandbapupractice.co.uk/¬020 8586 7802
12832¬F84742¬GP¬UNKNOWN¬Visible¬True¬True¬The Summitt Practice¬East Ham Memorial Building¬Shrewsbury Road¬Forest Gate¬London¬Greater London¬E7 8QR¬51.539588928222656¬4.5373991131782532E-2¬08M¬NHS Newham CCG¬02085522299¬summitpractice@nhs.net¬¬
12833¬F84747¬GP¬UNKNOWN¬Visible¬True¬True¬The Barkantine Practice¬121 Westferry Road¬¬¬London¬Greater London¬E14 8JH¬51.500804901123047¬-0.0257105752825737¬08V¬NHS Tower Hamlets CCG¬02075104000¬thccg.barkantine@nhs.net¬http://www.barkantine.nhs.uk¬020 7510 4070
12835¬F84749¬GP¬UNKNOWN¬Visible¬True¬True¬Carpenters Practice¬236-252 High Street¬¬¬Stratford¬Greater London¬E15 2JA¬51.537223815917969¬-3.2869963906705379E-3¬08M¬NHS Newham CCG¬0208 534 8057¬¬https://www.newhampractice.co.uk¬
12836¬F85002¬GP¬UNKNOWN¬Visible¬True¬True¬Forest Road Group Practice ¬1St Floor, Forest Primary Care Centre¬308A Hertford Road¬Edmonton¬London¬Greater London¬N9 7HD¬51.633621215820313¬-5.3536895662546158E-2¬93C¬NHS North Central London CCG¬02083444550¬¬http://www.forestroadgrouppractice.co.uk¬020 8804 8941
12837¬F85003¬GP¬UNKNOWN¬Visible¬True¬False¬Riley House Surgery¬Riley House Surgery¬413 Hertford Road¬¬Enfield¬Middlesex¬EN3 5PR¬51.664417266845703¬-4.3969105929136276E-2¬93C¬NHS North Central London CCG¬0208 616 0083¬enfccg.rileyhosuesurgery@nhs.net¬http://www.rileyhousesurgery.co.uk¬0208 805 8128
12838¬F85004¬GP¬UNKNOWN¬Visible¬True¬True¬Eagle House Surgery¬291 High Street¬Ponders End¬¬Enfield¬Middlesex¬EN3 4DN¬51.647899627685547¬-4.6169094741344452E-2¬93C¬NHS North Central London CCG¬02088058611¬¬http://www.eaglehousesurgery.co.uk¬020 8344 4840
12839¬F85007¬GP¬UNKNOWN¬Visible¬True¬True¬Lawrence House Surgery¬107 Philip Lane¬Tottenham¬¬London¬Greater London¬N15 4JR¬51.589103698730469¬-7.8691251575946808E-2¬93C¬NHS North Central London CCG¬02088016640¬lawrencehousesurgery@nhs.net¬http://www.lawrencehousegroup.co.uk/lawrence-house-surgery¬020 8493 0954
12840¬F85008¬GP¬UNKNOWN¬Visible¬True¬True¬The Staunton Group Practice¬3-5 Bounds Green Road¬Wood Green¬¬London¬Greater London¬N22 8HE¬51.599388122558594¬-0.11291171610355377¬93C¬NHS North Central London CCG¬02038057300¬staunton.group@nhs.net¬http://www.morumhouse.nhs.uk/¬
12842¬F85010¬GP¬UNKNOWN¬Visible¬True¬True¬Keats Surgery¬290A Church Street¬Edmonton¬¬London¬Greater London¬N9 9HJ¬51.628864288330078¬-0.07689608633518219¬93C¬NHS North Central London CCG¬02088072051¬¬http://www.keatssurgery.nhs.uk/¬020 8887 0003
12844¬F85013¬GP¬UNKNOWN¬Visible¬True¬True¬Tynemouth Medical Practice¬Tynemouth Road¬Tottenham¬¬London¬Greater London¬N15 4RH¬51.586254119873047¬-6.8317048251628876E-2¬93C¬NHS North Central London CCG¬02088084904¬recp.tmp@nhs.net¬http://www.tynemouthmedicalcentre.nhs.uk/¬
12845¬F85014¬GP¬UNKNOWN¬Visible¬True¬True¬Highgate Group Practice¬44 North Hill¬Highgate¬¬London¬Greater London¬N6 4QA¬51.577003479003906¬-0.15170924365520477¬93C¬NHS North Central London CCG¬02083406628¬adminhgp@nhs.net¬http://www.highgategrouppractice.com¬020 8342 8428
12847¬F85016¬GP¬UNKNOWN¬Visible¬True¬True¬Cockfosters Medical Centre¬Burnaston¬Heddon Court Avenue¬Cockfosters¬Barnet¬Hertfordshire¬EN4 9NB¬51.648445129394531¬-0.14876148104667664¬93C¬NHS North Central London CCG¬02084417008¬¬http://www.cockfostersmedicalcentre.nhs.uk¬0208 441 0550
12848¬F85017¬GP¬UNKNOWN¬Visible¬True¬True¬Charlton House Medical Centre¬581 High Road¬¬¬London¬Greater London¬N17 6SB¬51.595321655273437¬-6.9246083498001099E-2¬93C¬NHS North Central London CCG¬02088082837¬charltonhouse.medicalcentre@nhs.net¬http://www.charltonhousemedicalcentre.co.uk¬
12849¬F85019¬GP¬UNKNOWN¬Visible¬True¬True¬The Morris House Group Practice¬239 Lordship Lane¬Tottenham¬¬London¬Greater London¬N17 6AA¬51.597705841064453¬-8.1067085266113281E-2¬93C¬NHS North Central London CCG¬0203 143 3600¬¬http://www.morrishousegrouppractice.nhs.uk¬
12850¬F85020¬GP¬UNKNOWN¬Visible¬True¬True¬The Woodberry Practice ¬1 Woodberry Avenue¬Winchmore Hill¬¬London¬Greater London¬N21 3LE¬51.627250671386719¬-0.10037052631378174¬93C¬NHS North Central London CCG¬02088862751¬enfccg.woodberrypractice@nhs.net¬http://www.thewoodberrypractice.com/¬020 8882 2891
12852¬F85023¬GP¬UNKNOWN¬Visible¬True¬True¬Ordnance Unity Centre for Health¬645 Hertford Road¬¬¬Enfield¬Middlesex¬EN3 6ND¬51.671871185302734¬-3.9873808622360229E-2¬93C¬NHS North Central London CCG¬01992761185¬¬https://www.ordnanceunity.nhs.uk¬
12853¬F85024¬GP¬UNKNOWN¬Visible¬True¬False¬Dean House Surgery¬193 High Street¬Ponders End¬¬Enfield¬Middlesex¬EN3 4DZ¬51.645515441894531¬-4.6257033944129944E-2¬93C¬NHS North Central London CCG¬02088041060¬deanhousepatient@nhs.net¬http://www.deanhousesurgery.nhs.uk¬020 8804 9589
12854¬F85025¬GP¬UNKNOWN¬Visible¬True¬True¬White Lodge Medical Practice¬68 Silver Street¬¬¬Enfield¬Middlesex¬EN1 3EW¬51.654182434082031¬-8.0956779420375824E-2¬93C¬NHS North Central London CCG¬02083634156¬¬http://www.whitelodgemedicalpractice.nhs.uk¬
12856¬F85027¬GP¬UNKNOWN¬Visible¬True¬False¬Carlton House Surgery¬28 Tenniswood Road¬¬¬Enfield¬Middlesex¬EN1 3LL¬51.662528991699219¬-7.6757825911045074E-2¬93C¬NHS North Central London CCG¬02083704900¬carltonhouse@nhs.net¬http://www.carltonhousesurgery.co.uk/¬020 8366 8849
12857¬F85028001¬GP¬UNKNOWN¬Visible¬True¬True¬Castleview Surgery¬119 Lordship Lane¬Tottenham¬¬London¬Greater London¬N17 6XE¬51.598228454589844¬-7.6486729085445404E-2¬93C¬NHS North Central London CCG¬02088011515¬¬¬
12858¬F85028¬GP¬UNKNOWN¬Visible¬True¬True¬Bruce Grove Primary Health Care Centre¬461-463 High Road¬Tottenham¬¬London¬Greater London¬N17 6QB¬51.592002868652344¬-0.07015208899974823¬93C¬NHS North Central London CCG¬02088084710¬¬¬020 8885 3745
12859¬F85029¬GP¬UNKNOWN¬Visible¬True¬True¬Abernethy House Surgery¬70 Silver Street¬¬¬Enfield¬Middlesex¬EN1 3EB¬51.654392242431641¬-8.1179194152355194E-2¬93C¬NHS North Central London CCG¬02083704940¬¬http://www.abernethyhouse.co.uk¬02083704941
12860¬F85030¬GP¬UNKNOWN¬Visible¬True¬True¬Somerset Gardens Family Health Care Centre¬4 Creighton Road¬Tottenham¬¬London¬Greater London¬N17 8NW¬51.605339050292969¬-7.3456905782222748E-2¬93C¬NHS North Central London CCG¬02082756410¬¬¬020 8275 6411
12861¬F85031¬GP¬UNKNOWN¬Visible¬True¬True¬Westbury Medical Centre¬205 Westbury Avenue¬Wood Green¬¬London¬Greater London¬N22 6RX¬51.597175598144531¬-9.4016537070274353E-2¬93C¬NHS North Central London CCG¬02088883021¬¬http://www.westbury.nhs.uk¬020 8888 6898
12862¬F85032¬GP¬UNKNOWN¬Visible¬True¬True¬The Southgate Surgery¬270 Chase Side¬¬¬London¬Greater London¬N14 4PR¬51.640392303466797¬-0.14275935292243958¬93C¬NHS North Central London CCG¬020 8440 9301¬¬http://www.thesouthgatesurgerynorthlondon.nhs.uk¬020 8449 9349
12863¬F85033¬GP¬UNKNOWN¬Visible¬True¬True¬Winchmore Hill Practice¬808 Green Lanes¬Winchmore Hill¬¬London¬Greater London¬N21 2SA¬51.633152008056641¬-9.3881502747535706E-2¬93C¬NHS North Central London CCG¬02083505000¬¬http://www.winchmorehillpractice.nhs.uk¬
12864¬F85034¬GP¬UNKNOWN¬Visible¬True¬True¬Arcadian Gardens Surgery¬1 Arcadian Gardens¬Bowes Park¬¬London¬Greater London¬N22 5AB¬51.606727600097656¬-0.11075887084007263¬93C¬NHS North Central London CCG¬02088884142¬arcadian.gardens@nhs.net¬http://www.arcadiangardens.co.uk¬
12865¬F85035¬GP¬UNKNOWN¬Visible¬True¬True¬Highlands Practice ¬Highlands Health Centre¬3 Florey Square¬¬London¬Greater London¬N21 1UJ¬51.646335601806641¬-0.1106737032532692¬93C¬NHS North Central London CCG¬02083609044¬¬http://www.highlandspractice.com¬020 8360 2007
12866¬F85036¬GP¬UNKNOWN¬Visible¬True¬False¬Willow House Surgery¬285 Willow Road¬¬¬Enfield¬Middlesex¬EN1 3AZ¬51.654209136962891¬-7.6575197279453278E-2¬93C¬NHS North Central London CCG¬02083630472¬nclccg.willowhouse@nhs.net¬https://willowhousesurgery.co.uk/¬
12868¬F85039¬GP¬UNKNOWN¬Visible¬True¬True¬Rainbow Practice¬1 Smythe Close¬Edmonton¬¬London¬Greater London¬N9 0TW¬51.623783111572266¬-5.9846606105566025E-2¬93C¬NHS North Central London CCG¬02088878329¬rainbow.practice@nhs.net¬http://www.rainbowpractice.nhs.uk/¬020 8887 8322
12869¬F85043¬GP¬UNKNOWN¬Visible¬True¬True¬Boundary Court Surgery¬Evergreen Primary Care Centre¬1 Smythe Close¬Upper Edmonton¬London¬Greater London¬N9 0TW¬51.623760223388672¬-6.0388855636119843E-2¬93C¬NHS North Central London CCG¬02088074505¬¬http://www.boundarycourtsurgery.nhs.uk¬02088879939
12870¬F85044¬GP¬UNKNOWN¬Visible¬True¬True¬The Bounces Road Surgery¬308A Hertford Road¬Edmonton¬¬London¬Greater London¬N9 7HD¬51.632476806640625¬-5.4230347275733948E-2¬93C¬NHS North Central London CCG¬02083448077¬¬http://www.bouncesroadpractice.nhs.uk/¬
12871¬F85045¬GP¬UNKNOWN¬Visible¬True¬True¬Queens Avenue Practice¬46 Queens Avenue¬Muswell Hill¬¬London¬Greater London¬N10 3BJ¬51.591850280761719¬-0.14790156483650208¬93C¬NHS North Central London CCG¬02088831846¬¬http://queensavenue.practice@nhs.net¬020 8365 2265
12872¬F85046¬GP¬UNKNOWN¬Visible¬True¬True¬Hornsey Park Surgery¬114 Turnpike Lane¬Hornsey¬¬London¬¬N8 0PH¬51.589275360107422¬-0.10921652615070343¬93C¬NHS North Central London CCG¬02088882227¬hornseyparksurgery@nhs.net¬https://www.hornseywoodgreengp.co.uk/¬
12873¬F85048¬GP¬UNKNOWN¬Visible¬True¬False¬Moorfield Road Health Centre¬413 Hertford Road¬¬¬Enfield¬Middlesex¬EN3 5PR¬51.664417266845703¬-4.3969105929136276E-2¬93C¬NHS North Central London CCG¬02088041522¬¬¬020 8443 1465
12875¬F85052¬GP¬UNKNOWN¬Visible¬True¬True¬Spur Road Surgery¬1 Spur Road¬Tottenham¬¬London¬Greater London¬N15 4AA¬51.586597442626953¬-8.6606480181217194E-2¬93C¬NHS North Central London CCG¬02088009837¬spurroad.surgery@nhs.net¬http://www.spurroadsurgery-tottenham.co.uk/¬020 8802 3568
12876¬F85053¬GP¬UNKNOWN¬Visible¬True¬False¬Park Lodge Medical Centre¬808 Green Lanes¬Winchmore Hill¬¬London¬Greater London¬N21 2SA¬51.633152008056641¬-9.3881502747535706E-2¬93C¬NHS North Central London CCG¬02083505000¬¬http://www.parklodgemedicalcentre.co.uk/¬
12877¬F85055¬GP¬UNKNOWN¬Visible¬True¬False¬Connaught Surgery¬144 Hedge Lane¬Palmers Green¬¬London¬Greater London¬N13 5ST¬51.620876312255859¬-9.5392815768718719E-2¬93C¬NHS North Central London CCG¬02089209606¬¬http://www.connaughtsurgery.co.uk¬0208 882 1169
12878¬F85058¬GP¬UNKNOWN¬Visible¬True¬True¬Nightingale House Surgery¬1-3 Nightingale Road¬Edmonton¬¬London¬Greater London¬N9 8AJ¬51.638069152832031¬-4.6042509377002716E-2¬93C¬NHS North Central London CCG¬02088059997¬nightingalehousesurgery@nhs.net¬http://www.nightingalehousesurgery.nhs.uk¬0208 805 9994
12880¬F85060¬GP¬UNKNOWN¬Visible¬True¬True¬Havergal Surgery ¬9-10 Havergal Villas¬Green Lanes¬¬London¬Greater London¬N15 3DY¬51.589069366455078¬-0.10196376591920853¬93C¬NHS North Central London CCG¬02088886662¬¬http://havergalsurgery.nhs.uk¬
12881¬F85061¬GP¬UNKNOWN¬Visible¬True¬True¬Dr Telesilla Gueret Wardle¬20 Edison Road¬¬¬London¬Greater London¬N8 8AE¬51.577922821044922¬-0.12570790946483612¬93C¬NHS North Central London CCG¬02083402877¬¬¬020 8340 0896
12882¬F85063¬GP¬UNKNOWN¬Visible¬True¬True¬The Muswell Hill Practice¬1 Dukes Avenue¬Muswell Hill¬¬London¬Greater London¬N10 2PS¬51.592250823974609¬-0.14120104908943176¬93C¬NHS North Central London CCG¬02083653303¬¬http://www.themuswellhillpractice.co.uk¬020 8883 0194
12883¬F85064¬GP¬UNKNOWN¬Visible¬True¬True¬The High Road Surgery¬Stuart Crescent Health Centre¬8 Stuart Crescent¬Wood Green¬London¬Greater London¬N22 5NJ¬51.600433349609375¬-0.11018265038728714¬93C¬NHS North Central London CCG¬02088891115¬highroad.surgery@nhs.net¬http://www.highroadsurgerywoodgreen.co.uk¬020 83658890
12884¬F85065¬GP¬UNKNOWN¬Visible¬True¬True¬Stuart Crescent Medical Practice¬Stuart Crescent Health Centre.¬8 Stuart Crescent¬¬London¬Greater London¬N22 5NJ¬51.600433349609375¬-0.11018265038728714¬93C¬NHS North Central London CCG¬0203 697 1760¬bdavegmang@nhs.net¬http://www.stuartcrescenthealthcentre.nhs.uk/¬
12885¬F85066¬GP¬UNKNOWN¬Visible¬True¬True¬Bounds Green Group Practice¬Gordon Road¬¬¬London¬Greater London¬N11 2PF¬51.606555938720703¬-0.12647844851016998¬93C¬NHS North Central London CCG¬02088881736¬¬http://www.bggp.co.uk¬0208 826 4709
12886¬F85067¬GP¬UNKNOWN¬Visible¬True¬True¬The 157 Medical Practice¬157 Stroud Green Road¬Finsbury Park¬¬London¬Greater London¬N4 3PZ¬51.570060729980469¬-0.11431410163640976¬93C¬NHS North Central London CCG¬02072728823¬157medicalpractice@nhs.net¬http://www.the157medicalpractice.nhs.uk/¬0207 281 8782
12887¬Y02117¬GP¬UNKNOWN¬Visible¬True¬True¬St Ann's Road Surgery¬The Laurels Healthy Living Centre¬256 St Ann's Road¬Tottenham¬London¬Greater London¬N15 5AZ¬51.581428527832031¬-0.08781953901052475¬93C¬NHS North Central London CCG¬02088004032¬¬http://www.haringeygp.co.uk¬
12888¬F85069¬GP¬UNKNOWN¬Visible¬True¬True¬The Crouch Hall Road Surgery¬Crouch Hall Road¬48 Crouch Hall Road¬¬London¬Greater London¬N8 8HJ¬51.579177856445313¬-0.12728710472583771¬93C¬NHS North Central London CCG¬02083405952¬¬www.crouchhallroadsurgery.nhs.uk¬020 8340 3384
12889¬F85071¬GP¬UNKNOWN¬Visible¬True¬True¬Fernlea Surgery¬114 High Road¬South Tottenham¬¬London¬Greater London¬N15 6JR¬51.578536987304687¬-7.2771966457366943E-2¬93C¬NHS North Central London CCG¬02088096445¬fernlea.adminteam@nhs.net¬http://www.fernlea.nhs.uk/¬
12890¬F85072001¬GP¬UNKNOWN¬Visible¬True¬True¬Natal Rd Surgery¬7 Natal Road¬¬¬Bounds Green¬Greater London¬N11 2HU¬51.611404418945313¬-0.1236213743686676¬93C¬NHS North Central London CCG¬02088816848¬¬http://www.gpdoctor.co.uk/¬0208 8816811
12891¬F85072¬GP¬UNKNOWN¬Visible¬True¬True¬Grovelands Medical Centre¬1 Grovelands Road¬Palmers Green¬¬London¬Greater London¬N13 4RJ¬51.620685577392578¬-0.11201383918523788¬93C¬NHS North Central London CCG¬02088824556¬¬http://www.gpdoctor.co.uk/¬02088828810
12893¬F85076¬GP¬UNKNOWN¬Visible¬True¬False¬Freezywater Primary Care Centre¬2B Aylands Road¬¬¬Enfield¬Middlesex¬EN3 6PN¬51.674556732177734¬-4.0089868009090424E-2¬93C¬NHS North Central London CCG¬01992676202¬enfccg.freezywaterpcc@nhs.net¬http://www.freezywaterprimarycarecentre.nhs.uk/¬01992 764570
12895¬F85615¬GP¬UNKNOWN¬Visible¬True¬True¬Tottenham Health Centre¬759 High Road¬Tottenham¬¬London¬Greater London¬N17 8AH¬51.604763031005859¬-0.06847023218870163¬93C¬NHS North Central London CCG¬02084931630¬edt.tottenhamhealthcentre1@nhs.net¬http://www.tottenhamhealthcentre.co.uk¬08445769007
12896¬F85623¬GP¬UNKNOWN¬Visible¬True¬True¬Dr Jerome Kaine Ikwueke¬1 Grove Road¬Tottenham¬¬London¬Greater London¬N15 5HJ¬51.58123779296875¬-8.1678785383701324E-2¬93C¬NHS North Central London CCG¬02088009781¬ikwueke.grovesurgery@nhs.net¬http://www.ikwuekegrovesurgery.co.uk/¬
12897¬F85625¬GP¬UNKNOWN¬Visible¬True¬True¬Bincote Surgery¬11 Bincote Road¬¬¬Enfield¬Middlesex¬EN2 7RD¬51.653049468994141¬-0.1092236340045929¬93C¬NHS North Central London CCG¬02083630585¬¬http://www.bincotesurgery.co.uk¬020 8366 0623
12898¬F85628¬GP¬UNKNOWN¬Visible¬True¬True¬Dowsett Road Surgery¬57 Dowsett Road¬¬¬London¬Greater London¬N17 9DL¬51.594856262207031¬-6.4371399581432343E-2¬93C¬NHS North Central London CCG¬02088084203¬¬http://www.lawrencehousegroup.co.uk/¬
12900¬F85634¬GP¬UNKNOWN¬Visible¬True¬True¬Dr Mohammed Abedi¬340 High Street¬¬¬Enfield¬Middlesex¬EN3 4DE¬51.649063110351563¬-4.6581488102674484E-2¬93C¬NHS North Central London CCG¬020 8344 9710¬¬http://www.eastenfieldmedicalpractice.nhs.uk/¬02083449719
12902¬F85640¬GP¬UNKNOWN¬Visible¬True¬True¬Cheshire Road Surgery¬22 Cheshire Road¬Wood Green¬¬London¬Greater London¬N22 8JJ¬51.607189178466797¬-0.11368588358163834¬93C¬NHS North Central London CCG¬02088888378¬¬http://www.cheshireroadsurgery.co.uk¬020 8888 8364
12904¬F85642¬GP¬UNKNOWN¬Visible¬True¬True¬Dr Howard Daitz¬Broomfield Avenue¬Palmers Green¬¬London¬Greater London¬N13 4JJ¬51.617572784423828¬-0.11241752654314041¬93C¬NHS North Central London CCG¬02088863631¬¬www.thenorthlondonhealthcentre.co.uk¬020 8882 8345
12908¬F85650¬GP¬UNKNOWN¬Visible¬True¬True¬Morecambe Surgery¬1 Morecambe Terrace¬Upper Edmonton¬¬London¬Greater London¬N18 1LA¬51.617252349853516¬-8.5671946406364441E-2¬93C¬NHS North Central London CCG¬02088030020¬enfccg.morecambe@nhs.net¬http://www.morecambesurgery.nhs.uk/¬0208 8842823
12909¬F85652¬GP¬UNKNOWN¬Visible¬True¬False¬Southbury Surgery¬73 Southbury Road¬¬¬Enfield¬Middlesex¬EN1 1PJ¬51.652023315429688¬-7.4253618717193604E-2¬93C¬NHS North Central London CCG¬02083630305¬¬http://www.southburysurgery.nhs.uk¬020 8364 4288
12910¬F85654¬GP¬UNKNOWN¬Visible¬True¬True¬Brick Lane Surgery¬28 Brick Lane¬¬¬Enfield¬Middlesex¬EN3 5BA¬51.657325744628906¬-4.8597332090139389E-2¬93C¬NHS North Central London CCG¬02084430413¬¬http://www.bricklanesurgeryenfield.nhs.uk¬020 8805 9097
12911¬F85656¬GP¬UNKNOWN¬Visible¬True¬False¬Bush Hill Park Med Centre¬25 Melbourne Way¬Bush Hill Park¬¬Enfield¬Middlesex¬EN1 1XG¬51.639530181884766¬-6.6530674695968628E-2¬93C¬NHS North Central London CCG¬02083665858¬¬http://www.bushhillparkmedicalcentre.nhs.uk/¬020 8366 8514
12914¬F85663¬GP¬UNKNOWN¬Visible¬True¬True¬Latymer Road Surgery¬2A Latymer Road¬Edmonton¬¬London¬Greater London¬N9 9PU¬51.628128051757812¬-6.6538721323013306E-2¬93C¬NHS North Central London CCG¬02088075363¬¬http://latymerroadsurgery.co.uk¬020 8807 4117
12916¬F85666¬GP¬UNKNOWN¬Visible¬True¬True¬Dr Me Silver's Practice¬234 Fore Street¬¬¬London¬Greater London¬N18 2LY¬51.616012573242187¬-6.3716888427734375E-2¬93C¬NHS North Central London CCG¬02088036705¬¬https://www.edmontonmedicalcentre.nhs.uk¬0208 373 7556
12917¬F85669¬GP¬UNKNOWN¬Visible¬True¬True¬West Green Surgery¬339-341 West Green Road¬Haringey¬¬London¬Greater London¬N15 3PB¬51.585868835449219¬-9.2194557189941406E-2¬93C¬NHS North Central London CCG¬02088819606¬¬https://www.westgreensurgery.co.uk/registration¬020 8888 5752
12919¬F85675¬GP¬UNKNOWN¬Visible¬True¬True¬The Alexandra Surgery¬125 Alexandra Park Road¬Wood Green¬¬London¬Greater London¬N22 7UN¬51.599143981933594¬-0.13709312677383423¬93C¬NHS North Central London CCG¬02088882518¬¬http://www.alexandrasurgery.com/¬020 8888 3815
12920¬F85676¬GP¬UNKNOWN¬Visible¬True¬True¬Boundary House Surgery¬308A Hertford Road¬Edmonton¬¬London¬Greater London¬N9 7HD¬51.632476806640625¬-5.4230347275733948E-2¬93C¬NHS North Central London CCG¬02083443120¬¬http://www.boundaryhouse.co.uk/¬020 8344 3121
12921¬F85678¬GP¬UNKNOWN¬Visible¬True¬True¬The Town Surgery ¬37 Cecil Road¬¬¬Enfield¬Middlesex¬EN2 6TJ¬51.650978088378906¬-8.5190214216709137E-2¬93C¬NHS North Central London CCG¬02030921662¬enfccg.thetownsurgery@nhs.net¬http://www.thetownsurgeryenfield.nhs.uk¬08444773717
12924¬F85681¬GP¬UNKNOWN¬Visible¬True¬False¬Green Street Surgery¬48 Green Street¬¬¬Enfield¬Middlesex¬EN3 7HW¬51.657070159912109¬-4.4487901031970978E-2¬93C¬NHS North Central London CCG¬02088043200¬¬http://www.greenstreetsurgery.co.uk/¬
12925¬F85682¬GP¬UNKNOWN¬Visible¬True¬True¬Chalfont Road Surgery¬Evergreen Primary Care centre,  First Floor¬1 Smythe Close¬Edmonton¬London¬Greater London¬N9 0TW¬51.623783111572266¬-5.9846606105566025E-2¬93C¬NHS North Central London CCG¬02088074505¬¬¬02088072698
12926¬F85684¬GP¬UNKNOWN¬Visible¬True¬False¬Curzon Avenue Surgery¬74 Curzon Avenue¬Ponders End¬¬Enfield¬Middlesex¬EN3 4UE¬51.645435333251953¬-3.6504007875919342E-2¬93C¬NHS North Central London CCG¬02083647846¬¬http://www.curzonavenuesurgery.co.uk/¬020 8443 0503
12927¬F85686¬GP¬UNKNOWN¬Visible¬True¬True¬Bush Hill Park Trinity Surgery¬22-24 Trinity Avenue¬Bush Hill Park¬¬Enfield¬Middlesex¬EN1 1HS¬51.640369415283203¬-0.06555560976266861¬93C¬NHS North Central London CCG¬02083634493¬¬http://www.trinityavenuesurgery.co.uk/¬020 8363 4493
12928¬F85687¬GP¬UNKNOWN¬Visible¬True¬True¬Oakwood Medical Centre¬Malcolms Way¬Reservoir Road¬Southgate¬London¬Greater London¬N14 4AQ¬51.646533966064453¬-0.13425496220588684¬93C¬NHS North Central London CCG¬02088861115¬enfccg.oakwood-reception@nhs.net¬http://www.oakwoodmedicalcentren14.nhs.uk¬020 8886 6166
12929¬F85688¬GP¬UNKNOWN¬Visible¬True¬True¬Rutland House Surgery¬40 Colney Hatch Lane¬Muswell Hill¬¬London¬Greater London¬N10 1DU¬51.594448089599609¬-0.14418661594390869¬93C¬NHS North Central London CCG¬02088838214¬rutlandhouse.surgery@nhs.net¬http://www.rutlandhouse.nhs.uk¬0844 8151 498
12931¬F85697¬GP¬UNKNOWN¬Visible¬True¬True¬S H Vaghela & Dr V N Patel¬572 Green Lanes¬¬¬London¬Greater London¬N8 0RP¬51.583473205566406¬-9.9685318768024445E-2¬93C¬NHS North Central London CCG¬03000337867¬theoldsurgery@nhs.net¬¬0300 033 7868
12933¬F85700¬GP¬UNKNOWN¬Visible¬True¬True¬Arnos Grove Medical Centre¬269 Bowes Road¬New Southgate¬¬London¬Greater London¬N11 1BD¬51.615474700927734¬-0.12982337176799774¬93C¬NHS North Central London CCG¬02083684455¬enfccg.arnosgrove-reception@nhs.net¬http://www.arnosgrovemedicalcentre.nhs.uk¬
12934¬F85701¬GP¬UNKNOWN¬Visible¬True¬True¬Gillan House Surgery¬457 Green Lanes¬Palmers Green¬¬London¬Greater London¬N13 4BS¬51.622646331787109¬-0.10533028841018677¬93C¬NHS North Central London CCG¬02088829393¬gillanhouse@nhs.net¬http://www.gillanhousesurgery.co.uk¬020 8886 2569
12935¬F85703¬GP¬UNKNOWN¬Visible¬True¬False¬Lincoln Road Med Practice¬Lincoln Road¬Bush Hill Park¬¬Enfield¬Middlesex¬EN1 1LJ¬51.645847320556641¬-6.1853405088186264E-2¬93C¬NHS North Central London CCG¬02083678989¬enfccg.lincolnroadmedicalpractice@nhs.net¬http://www.lincolnroadmedicalpractice.nhs.uk¬02083678787
12936¬F85705¬GP¬UNKNOWN¬Visible¬True¬True¬JS  Medical Practice¬107 Philip Lane¬¬¬London¬Greater London¬N15 4JR¬51.589103698730469¬-7.8691251575946808E-2¬93C¬NHS North Central London CCG¬02088087968¬¬www.jsmedicalpractice.com¬0208 885 3033
12938¬F85707¬GP¬UNKNOWN¬Visible¬True¬False¬Enfield Island Surgery¬Island Centre Way¬¬¬Enfield¬Middlesex¬EN3 6GS¬51.668586730957031¬-1.6977826133370399E-2¬93C¬NHS North Central London CCG¬01992679585¬¬http://www.enfieldislandsurgery.nhs.uk¬0844 8151387
12945¬F86001¬GP¬UNKNOWN¬Visible¬True¬True¬The Firs Medical Centre¬26 Stephenson Road¬Walthamstow¬¬London¬Greater London¬E17 7JT¬51.580295562744141¬-3.5112950950860977E-2¬08W¬NHS Waltham Forest CCG¬02082239840¬¬www.thefirs.org.uk¬020 8521-1751
12946¬F86004¬GP¬UNKNOWN¬Visible¬True¬True¬Handsworth Medical Practice¬Handsworth Avenue¬¬¬London¬Greater London¬E4 9PD¬51.608085632324219¬1.0370492236688733E-3¬08W¬NHS Waltham Forest CCG¬02030069216¬¬http://handsworthmedicalpractice.com¬
12948¬F86005¬GP¬UNKNOWN¬Visible¬True¬True¬Penrhyn Surgery¬2A Penrhyn Avenue¬Walthamstow¬¬London¬Greater London¬E17 5DB¬51.597126007080078¬-0.02347099594771862¬08W¬NHS Waltham Forest CCG¬02085272563¬penrhyn.surgery@nhs.net¬http://penrhynsurgery.co.uk¬020 85276583
12949¬F86006¬GP¬UNKNOWN¬Visible¬True¬True¬Seymour Medical Centre¬266 Lea Bridge Road¬Leyton¬¬London¬Greater London¬E10 7LD¬51.569141387939453¬-2.7888398617506027E-2¬08W¬NHS Waltham Forest CCG¬02085391221¬¬http://www.seymourmedicalcentre.nhs.uk¬020 8539 2303
12950¬F86007¬GP¬UNKNOWN¬Visible¬True¬True¬The Forest Edge Practice¬Hainault Health Centre¬Manford Way¬¬Chigwell¬Essex¬IG7 4DF¬51.607761383056641¬0.10442997515201569¬08N¬NHS Redbridge CCG¬02085009938¬¬¬020 8559 9319
12951¬F86008¬GP¬UNKNOWN¬Visible¬True¬True¬Gants Hill Medical Centre¬63-65 Ethelbert Gardens¬Gants Hill¬¬Ilford¬Essex¬IG2 6UW¬51.577156066894531¬6.4466178417205811E-2¬08N¬NHS Redbridge CCG¬02085503740¬¬http://www.gantshillmedical.co.uk¬020 85504300
12952¬F86009¬GP¬UNKNOWN¬Visible¬True¬True¬The Palms Medical Centre¬97-101 Netley Road¬Newbury Park¬¬Ilford¬Essex¬IG2 7NW¬51.576984405517578¬8.8546335697174072E-2¬08N¬NHS Redbridge CCG¬02085546817¬¬http://thepalmsmedicalcentre.co.uk¬020 8518 2045
12953¬F86010¬GP¬UNKNOWN¬Visible¬True¬True¬Fulwell Cross Medical Centre¬1 Tomswood Hill¬Barkingside¬¬Ilford¬Essex¬IG6 2HG¬51.594619750976563¬8.3796694874763489E-2¬08N¬NHS Redbridge CCG¬02085000240¬fullwellcross@nhs.net¬https://www.fullwellcrosscentre.co.uk/¬
12954¬F86011¬GP¬UNKNOWN¬Visible¬True¬True¬The Manor Practice¬454 Lea Bridge Road¬Leyton¬¬London¬Greater London¬E10 7DY¬51.571327209472656¬-2.1978303790092468E-2¬08W¬NHS Waltham Forest CCG¬02085398950¬¬¬02085569082
12955¬F86012¬GP¬UNKNOWN¬Visible¬True¬True¬Rydal Group Practice¬375¬High Road¬¬Woodford Green¬Essex¬IG8 9QJ¬51.608432769775391¬2.0116399973630905E-2¬08N¬NHS Redbridge CCG¬02085040532¬¬http://www.rydalgp.com¬020 8559 1503
12956¬F86013¬GP¬UNKNOWN¬Visible¬True¬True¬The Broadway Surgery¬3 Broadway Gardens¬Monkhams Avenue¬¬Woodford Green¬Essex¬IG8 0HF¬51.608554840087891¬3.3336762338876724E-2¬08N¬NHS Redbridge CCG¬02085053204¬broadwaygeneral1@gmail.com¬http://broadway-surgery.com/¬0208 506 5602
12957¬F86018002¬GP¬UNKNOWN¬Visible¬True¬True¬Roding Valley Medical Centre¬178 Snakes Lane East¬¬¬Woodford Green¬Essex¬IG8 7JQ¬51.607078552246094¬4.3813504278659821E-2¬08W¬NHS Waltham Forest CCG¬020 8539 2077¬oraelosiandptns.text@nhs.net¬http://www.ecclesbourneandrodingvalley.nhs.uk/¬020 8226 2917
12958¬F86018¬GP¬UNKNOWN¬Visible¬True¬True¬The Ecclesbourne Practice¬Warwick Terrace¬Lea bridge Road¬Walthamstow¬London¬Greater London¬E17 9DP¬51.58062744140625¬-1.4395536854863167E-3¬08W¬NHS Waltham Forest CCG¬020 8539 2077¬oraelosiandptns.text@nhs.net¬http://www.ecclesbourneandrodingvalley.nhs.uk/¬
12959¬F86020¬GP¬UNKNOWN¬Visible¬True¬True¬Glebelands Practice¬2 Glebelands Avenue¬South Woodford¬¬London¬Greater London¬E18 2AB¬51.592800140380859¬2.3956110700964928E-2¬08N¬NHS Redbridge CCG¬020 8989 6272¬redccg.glebelandssurgery@nhs.net¬http://www.glebelandspractice.nhs.uk¬020 8518 8783
12960¬F86022¬GP¬UNKNOWN¬Visible¬True¬True¬Ilford Medical Centre¬61 Cleveland Road¬¬¬Ilford¬Essex¬IG1 1EE¬51.557147979736328¬7.4235342442989349E-2¬08N¬NHS Redbridge CCG¬02085147761¬ilfordmedicalcentre@nhs.net¬¬020 8478-4448
12961¬F86023¬GP¬UNKNOWN¬Visible¬True¬True¬The Evergreen Surgery¬26 High Street¬Wanstead¬¬London¬Greater London¬E11 2AQ¬51.578041076660156¬0.02560957707464695¬08N¬NHS Redbridge CCG¬02085188746¬¬¬020 8518 8435
12962¬F86025¬GP¬UNKNOWN¬Visible¬True¬True¬Oak Tree Medical Centre¬273-275 Green Lane¬Seven Kings¬¬Ilford¬Essex¬IG3 9TJ¬51.560745239257813¬9.6487537026405334E-2¬08N¬NHS Redbridge CCG¬02085993977¬¬https://www.oaktreemedicalcentre.co.uk¬020 8590 8277
12963¬F86026¬GP¬UNKNOWN¬Visible¬True¬True¬The Forest Surgery¬2 Macdonald Road¬Walthamstow¬¬London¬Greater London¬E17 4BA¬51.5947265625¬-5.0222007557749748E-3¬08W¬NHS Waltham Forest CCG¬02084984988¬wfccg.forestsurgery@nhs.net¬¬0870 417 3996
12964¬F86028¬GP¬UNKNOWN¬Visible¬True¬True¬Chadwell Heath Surgery¬72 Chadwell Heath Lane¬Chadwell Heath Romford¬¬Romford¬Essex¬RM6 4AF¬51.573558807373047¬0.12493023276329041¬08N¬NHS Redbridge CCG¬02085861430¬¬http://www.chadwellheathsurgery.nhs.uk¬02085991454
12965¬F86030¬GP¬UNKNOWN¬Visible¬True¬True¬Queens Road Medical Centre¬48 Queens Road¬Walthamstow¬¬London¬Greater London¬E17 8PX¬51.579799652099609¬-2.0455760881304741E-2¬08W¬NHS Waltham Forest CCG¬02085202625¬¬¬020 8925-4195
12966¬F86032¬GP¬UNKNOWN¬Visible¬True¬True¬Wanstead Place Surgery¬45 Wanstead Place¬Wanstead¬¬London¬Greater London¬E11 2SW¬51.578102111816406¬2.3201934993267059E-2¬08N¬NHS Redbridge CCG¬02089891968¬¬¬020 8530 9551
12967¬F86034¬GP¬UNKNOWN¬Visible¬True¬True¬Green Lane, Goodmayes Medical Practice¬595 Green Lane¬Goodmayes¬¬Ilford¬Essex¬IG3 9RN¬51.563316345214844¬0.11357355862855911¬08N¬NHS Redbridge CCG¬0203 668 7499¬redccg.goodmayesmedicalpractice@nhs.net¬http://www.goodmayesmedicalpractice.co.uk¬020 8983 8992
12968¬F86036¬GP¬UNKNOWN¬Visible¬True¬True¬The Allum Medical Centre¬Fairlop Road¬Leytonstone¬¬London¬Greater London¬E11 1BN¬51.569923400878906¬3.4734155051410198E-3¬08W¬NHS Waltham Forest CCG¬02085392513¬¬www.allummc.co.uk¬020 8558-0525
12969¬F86038¬GP¬UNKNOWN¬Visible¬True¬True¬Sma Medical Practice¬693-695 High Road¬Leyton¬¬London¬Greater London¬E10 6RA¬51.571155548095703¬-8.5797775536775589E-3¬08W¬NHS Waltham Forest CCG¬0208 539 2078¬wfccg.smamedicalcentre@nhs.net¬http://smamedicalcentre.com/¬
12970¬F86040¬GP¬UNKNOWN¬Visible¬True¬True¬Longbridge Practice (Dr A Arif)¬620 Longbridge Road¬¬¬Dagenham¬Essex¬RM8 2AJ¬51.551395416259766¬0.11535771191120148¬07L¬NHS Barking And Dagenham CCG¬02036687497¬¬http://www.longbridgepractice.co.uk¬0844 4778562
12971¬F86042¬GP¬UNKNOWN¬Visible¬True¬True¬Balfour Road Surgery¬Balfour Medical Centre¬92 Balfour Road¬¬Ilford¬Essex¬IG1 4JE¬51.563041687011719¬7.5932063162326813E-2¬08N¬NHS Redbridge CCG¬02084780209¬¬https://www.balfourroadsurgery.co.uk/¬020 8477 1919
12972¬F86044¬GP¬UNKNOWN¬Visible¬True¬True¬Crawley Road Medical Centre¬479 High Road¬Leyton¬¬London¬Greater London¬E10 5EL¬51.565395355224609¬-1.1275442317128181E-2¬08W¬NHS Waltham Forest CCG¬02085391880¬wfccg.crawleyroadmedicalcentre@nhs.net¬http://www.crawleyroadmedicalcentre.co.uk/¬
12973¬F86045¬GP¬UNKNOWN¬Visible¬True¬True¬High Road Surgery¬287 High Road¬Leytonstone¬¬London¬Greater London¬E11 4HH¬51.553485870361328¬4.972516093403101E-3¬08W¬NHS Waltham Forest CCG¬02085328460¬¬http://www.mysurgerywebsite.co.uk/index.aspx?p=F86045¬020 8532 8458
12975¬F86057¬GP¬UNKNOWN¬Visible¬True¬True¬The Willows Practice¬Hainault Health Centre¬Manford Way¬¬Chigwell¬Essex¬IG7 4DF¬51.607761383056641¬0.10442997515201569¬08N¬NHS Redbridge CCG¬02085015051¬¬http://www.willowspractice.co.uk¬
12976¬F86058¬GP¬UNKNOWN¬Visible¬True¬True¬St James Medical Practice Limited¬47 St James Street¬¬¬London¬Greater London¬E17 7NH¬51.580379486083984¬-3.2035022974014282E-2¬08W¬NHS Waltham Forest CCG¬02032330870¬¬http://www.thestjamespractice.co.uk/¬0208 521 4931
12977¬F86060¬GP¬UNKNOWN¬Visible¬True¬True¬Newbury Group Practice¬Newbury Park Health Centre¬40 Perrymans Farm Road¬¬Ilford¬Essex¬IG2 7LE¬51.576435089111328¬8.5995517671108246E-2¬08N¬NHS Redbridge CCG¬02085541094¬¬http://www.newburygrouppractice.co.uk¬02085185911
12978¬F86062¬GP¬UNKNOWN¬Visible¬True¬True¬The Grove Medical Centre¬103-105 Grove Road¬Walthamstow¬¬London¬Greater London¬E17 9BU¬51.579196929931641¬-1.0956015437841415E-2¬08W¬NHS Waltham Forest CCG¬0333 332 2221¬¬http://www.grovemedicalcentre.com/¬0333 332 7773
12979¬F86064¬GP¬UNKNOWN¬Visible¬True¬True¬The Elmhurst Practice¬South Woodford Health Centre¬114 High Road¬¬London¬Greater London¬E18 2QS¬51.597442626953125¬2.1751189604401588E-2¬08N¬NHS Redbridge CCG¬0208 491 3310¬¬http://www.elmhurstpractice.co.uk¬0208 491 3307
12980¬F86066¬GP¬UNKNOWN¬Visible¬True¬True¬Southdene Surgery¬The Shrubberries¬George Lane¬¬London¬Greater London¬E18 1BD¬51.594429016113281¬2.4808270856738091E-2¬08N¬NHS Redbridge CCG¬02085303731¬¬¬020 8491 1997
12982¬F86074¬GP¬UNKNOWN¬Visible¬True¬True¬Leyton Healthcare 4Th Floor¬Oliver Road Poly Clinic¬75 Oliver Road¬¬London¬Greater London¬E10 5LG¬51.559894561767578¬-1.3298838399350643E-2¬08W¬NHS Waltham Forest CCG¬02084308282¬¬http://www.leytonhealthcare.org.uk/¬020 8430 8283
12983¬F86078¬GP¬UNKNOWN¬Visible¬True¬True¬The Ridgeway Surgery¬1 Mount Echo Avenue¬Chingford¬¬London¬Greater London¬E4 7JX¬51.628704071044922¬-1.1016401462256908E-2¬08W¬NHS Waltham Forest CCG¬0208 523 7722¬¬https://www.ridgewaysurgerychingford.nhs.uk¬020 8559 3075
12984¬F86081¬GP¬UNKNOWN¬Visible¬True¬True¬Kenwood Medical¬Kenwood Gardens¬¬¬Ilford¬Essex¬IG2 6YG¬51.581413269042969¬7.2020396590232849E-2¬08N¬NHS Redbridge CCG¬02085512341¬¬¬020 85511479
12985¬F86082¬GP¬UNKNOWN¬Visible¬True¬True¬Ilford Lane Surgery¬First Floor, Loxford Polyclinic¬417 Ilford Lane¬¬Ilford¬Essex¬IG1 2SN¬51.546443939208984¬7.6849445700645447E-2¬08N¬NHS Redbridge CCG¬02084781366¬¬http://www.ilfordlanesurgery.nhs.uk/¬0208 491 9066
12986¬F86083¬GP¬UNKNOWN¬Visible¬True¬True¬The Eastern Avenue Medical Centre¬737a Cranbrook Road¬¬¬Ilford¬Essex¬IG2 6RJ¬51.5810546875¬0.07344750314950943¬08N¬NHS Redbridge CCG¬02085504532¬¬¬
12987¬F86085¬GP¬UNKNOWN¬Visible¬True¬True¬Hainault Surgery¬34 New North Road¬Hainault¬¬Ilford¬Essex¬IG6 2XG¬51.602176666259766¬8.6121067404747009E-2¬08N¬NHS Redbridge CCG¬02085013431¬¬¬020 8501-3025
12988¬F86086¬GP¬UNKNOWN¬Visible¬True¬True¬Dr Rp Dhital - Dr Dhital Practice¬6 Linford Road - Off Wood St¬Walthamstow¬¬London¬Greater London¬E17 3LA¬51.587787628173828¬-3.059800248593092E-3¬08W¬NHS Waltham Forest CCG¬02084307750¬¬http://www.wfdhital.co.uk/¬
12989¬F86087¬GP¬UNKNOWN¬Visible¬True¬True¬Goodmayes Medical Centre¬4 Eastwood Road¬Goodmayes¬¬Ilford¬Essex¬IG3 8XB¬51.567626953125¬0.10992073267698288¬08N¬NHS Redbridge CCG¬02085901169¬¬¬020 8590 1170
12990¬F86088¬GP¬UNKNOWN¬Visible¬True¬True¬The Lyndhurst Surgery¬53 Lyndhurst Drive¬Leyton¬¬London¬Greater London¬E10 6JB¬51.571964263916016¬-3.8543448317795992E-3¬08W¬NHS Waltham Forest CCG¬02085391663¬¬¬
12991¬F86607¬GP¬UNKNOWN¬Visible¬True¬True¬Addison Road Medical Practice¬Comely Bank Clinic¬46 Ravenswood Road¬¬London¬Greater London¬E17 9LY¬51.583175659179688¬-9.0357260778546333E-3¬08W¬NHS Waltham Forest CCG¬02084307171¬¬http://www.addisonroadmedicalpractice.nhs.uk/¬020 8430 7199
12992¬F86612¬GP¬UNKNOWN¬Visible¬True¬True¬The Fullwell Avenue Surgery¬272 Fullwell Avenue¬Clayhall¬¬Ilford¬Essex¬IG5 0SB¬51.596366882324219¬0.07212337851524353¬08N¬NHS Redbridge CCG¬020 8550 9988¬¬https://www.thefullwellavenuesurgery.nhs.uk/¬020 8551 1241
12993¬F86616¬GP¬UNKNOWN¬Visible¬True¬True¬The Old Church Surgery¬The Silverthorn Centre¬2 Friars Close¬Larkshall Road¬London¬Greater London¬E4 6UN¬51.620090484619141¬-1.0351914679631591E-3¬08W¬NHS Waltham Forest CCG¬02085295543¬¬http://www.oldchurchsurgery.org.uk¬020 8559 4149
12994¬F86621¬GP¬UNKNOWN¬Visible¬True¬True¬Green Man Medical Centre¬1 Hanbury Drive¬¬¬Leytonstone¬Greater London¬E11 1GA¬51.571506500244141¬1.5015465207397938E-2¬08W¬NHS Waltham Forest CCG¬02089892606¬wfccg.greenmanmedicalcentre@nhs.net¬https://www.greenmanmedicalcentre.co.uk¬020 8989 2610
12995¬F86624¬GP¬UNKNOWN¬Visible¬True¬True¬The Heathcote Primary Care Centre¬Heathcote Avenue¬¬¬Ilford¬Essex¬IG5 0QS¬51.593833923339844¬6.2782227993011475E-2¬08N¬NHS Redbridge CCG¬02085506362¬¬¬
12996¬F86625¬GP¬UNKNOWN¬Visible¬True¬True¬L.L. Medical Care Ltd (Agarwal & Agrawal Practice)¬13 Langthorne Road¬Leytonstone¬¬London¬Greater London¬E11 4HX¬51.555416107177734¬2.1144833881407976E-3¬08W¬NHS Waltham Forest CCG¬020 8539 2858¬¬http://www.llmedicareagarwal.co.uk/¬020 8539 3865
12997¬F86626¬GP¬UNKNOWN¬Visible¬True¬True¬Dr Shantir's Practice¬354-358 Forest Road¬Walthamstow¬¬London¬Greater London¬E17 5JL¬51.589694976806641¬-2.6160992681980133E-2¬08W¬NHS Waltham Forest CCG¬020 8520 7115¬¬http://www.drshantirpractice.co.uk¬020 8923 1199
12998¬F86627001¬GP¬UNKNOWN¬Visible¬True¬True¬Chingway Medical Practice¬7 Ching Way¬Chingford¬¬London¬Greater London¬E4 8YD¬51.607852935791016¬-2.5027003139257431E-2¬08W¬NHS Waltham Forest CCG¬02084307020¬¬http://www.churchillmedical.nhs.uk/¬020 8430 7651
12999¬F86627¬GP¬UNKNOWN¬Visible¬True¬True¬Churchill Medical Centre¬1 Churchill Terrace¬Chingford¬¬London¬Greater London¬E4 8DG¬51.61822509765625¬-1.8451709300279617E-2¬08W¬NHS Waltham Forest CCG¬02084307020¬¬http://www.churchillmedical.nhs.uk/¬020 8430 7030
13001¬F86637¬GP¬UNKNOWN¬Visible¬True¬True¬Seven Kings Practice¬Seven Kings Health Centre¬1 Salisbury Road¬¬Ilford¬Essex¬IG3 8BG¬51.563461303710937¬9.6843436360359192E-2¬08N¬NHS Redbridge CCG¬02085901320¬¬¬
13002¬F86638¬GP¬UNKNOWN¬Visible¬True¬True¬The Microfaculty¬107-109 Chingford Mount Road¬Chingford¬¬London¬Greater London¬E4 8LT¬51.612560272216797¬-1.8351880833506584E-2¬08W¬NHS Waltham Forest CCG¬02085241230¬¬www.microfaculty.co.uk¬020 8559-3004
13005¬F86641¬GP¬UNKNOWN¬Visible¬True¬True¬The Shrubberies Medical Centre¬12 The Shrubberies¬George Lane¬South Woodford¬London¬Greater London¬E18 1BD¬51.594429016113281¬2.4808270856738091E-2¬08N¬NHS Redbridge CCG¬02085304108¬¬www.theshrubberiesmedicalcentre.co.uk¬020 8518 8728
13006¬F86642¬GP¬UNKNOWN¬Visible¬True¬True¬Castleton Road Health Centre¬19 - 21 Castleton Road¬Goodmayes¬¬Ilford¬Essex¬IG3 9QW¬51.563934326171875¬0.11264998465776443¬08N¬NHS Redbridge CCG¬02085999951¬¬http://www.castletonroadhealthcentre.co.uk/¬02085979974
13007¬F86644¬GP¬UNKNOWN¬Visible¬True¬True¬Waltham Forest Community And Fhs Ltd¬The Wood Street Medical Centre¬6 Linford Road¬¬Walthamstow¬London¬E17 3LA¬51.587787628173828¬-3.059800248593092E-3¬08W¬NHS Waltham Forest CCG¬02084307710¬¬http://www.wfcafhs.co.uk¬020 84307711
13008¬F86644001¬GP¬UNKNOWN¬Visible¬True¬True¬Waltham Forest Community And Fhs Ltd¬Wf Community And Fhs Ltd¬The Forest Rd Medical Centre¬354-358 Forest Road¬London¬Greater London¬E17 5JG¬51.589462280273438¬-2.8192300349473953E-2¬08W¬NHS Waltham Forest CCG¬02084307710¬¬http://www.wfcafhs.co.uk¬020 84307711
13009¬F86650¬GP¬UNKNOWN¬Visible¬True¬True¬Lime Tree Surgery¬321 High Road¬¬¬Leytonstone¬London¬E11 4JT¬51.555717468261719¬5.4312869906425476E-3¬08W¬NHS Waltham Forest CCG¬02085199914¬wfccg.limetreesurgery@nhs.net¬https://limetreesurgery.gpsurgery.net/¬020 8519 6812
13011¬F86652¬GP¬UNKNOWN¬Visible¬True¬True¬The Drive Surgery¬68 The Drive¬Cranbrook Ilford¬¬Ilford¬Essex¬IG1 3HZ¬51.567634582519531¬6.0398422181606293E-2¬08N¬NHS Redbridge CCG¬02085543014 (ext. 6287)¬redccg.f86652discharge@nhs.net¬http://thedrivesurgeryilford.co.uk/¬
13014¬F86657¬GP¬UNKNOWN¬Visible¬True¬True¬York Road Surgery¬55 York Road¬¬¬Ilford¬Essex¬IG1 3AF¬51.559165954589844¬0.06587296724319458¬08N¬NHS Redbridge CCG¬02085140906¬¬http://www.yorksurgeryilford.nhs.uk¬020 89246371
13015¬F86658¬GP¬UNKNOWN¬Visible¬True¬True¬Queen Mary Practice¬South Woodford Health Centre¬114 High Road, South Woodford¬¬London¬Greater London¬E18 2QS¬51.597442626953125¬2.1751189604401588E-2¬08N¬NHS Redbridge CCG¬02084913303¬¬http://www.queenmarypractice.nhs.uk¬02085592451
13019¬F86664¬GP¬UNKNOWN¬Visible¬True¬True¬Larkshall Medical Centre¬1 Larkshall Road¬Chingford¬¬London¬Greater London¬E4 7HS¬51.627983093261719¬3.6087301559746265E-3¬08W¬NHS Waltham Forest CCG¬02085246355¬¬http://www.larkshallmedicalcentre.com/¬020 8524 0605
13020¬F86666¬GP¬UNKNOWN¬Visible¬True¬True¬Harrow Road GP Practice¬Triangle House Health Centre¬2-8 Harrow Road¬Leytonstone¬London¬Greater London¬E11 3QF¬51.558509826660156¬8.1641776487231255E-3¬08W¬NHS Waltham Forest CCG¬02030787770¬¬http://www.harrowroadgppractice.nhs.uk¬
13022¬F86679¬GP¬UNKNOWN¬Visible¬True¬True¬Higham Hill Medical Centre¬258-260 Higham Hill Road¬Walthamstow¬¬London¬Greater London¬E17 5RQ¬51.594829559326172¬-3.4601323306560516E-2¬08W¬NHS Waltham Forest CCG¬0208 527 2677¬wfccg.highamhill@nhs.net¬http://www.highamhillmedicalcentre.nhs.uk/¬
13025¬F86689¬GP¬UNKNOWN¬Visible¬True¬True¬The Bailey Practice¬107 Shernhall Street¬¬¬London¬Greater London¬E17 9HS¬51.583847045898438¬-7.2597912512719631E-3¬08W¬NHS Waltham Forest CCG¬02085205138¬wfccg.shernhallsurgery@nhs.net¬https://www.thebaileypractice.co.uk/¬02085090532
13026¬F86691¬GP¬UNKNOWN¬Visible¬True¬True¬Clayhall Group Practice¬Clayhall Group Practice¬14 Clayhall Avenue¬Clayhall¬Ilford¬Essex¬IG5 0LG¬51.590888977050781¬5.0544507801532745E-2¬08N¬NHS Redbridge CCG¬02085513193¬¬http://www.clayhallgrouppractice.co.uk/¬020 85516393
13027¬F86692¬GP¬UNKNOWN¬Visible¬True¬True¬Mathukia's Surgery¬281 Ilford Lane¬¬¬Ilford¬Essex¬IG1 2SF¬51.549751281738281¬7.5370222330093384E-2¬08N¬NHS Redbridge CCG¬02085539577¬mathukia.surgery@nhs.net¬http://mathukiasurgery.co.uk¬020 85140879
13028¬F86696¬GP¬UNKNOWN¬Visible¬True¬True¬Francis Road Medical Centre¬94 Francis Road¬Leyton¬¬London¬Greater London¬E10 6PP¬51.561973571777344¬-3.8446595426648855E-3¬08W¬NHS Waltham Forest CCG¬02085393131¬wfccg.francisroadmedicalcentre@nhs.net¬http://www.francisroadmedicalcentre.co.uk/¬
13029¬F86698¬GP¬UNKNOWN¬Visible¬True¬True¬Cranbrook Surgery¬737A Cranbrook Road¬¬¬Ilford¬Essex¬IG2 6RJ¬51.5810546875¬0.07344750314950943¬08N¬NHS Redbridge CCG¬020 8554 7111¬¬http://www.cranbrooksurgery.co.uk¬
13031¬F86700¬GP¬UNKNOWN¬Visible¬True¬True¬Kingshead Medical Practice¬178 Kings Head Hill¬Chingford¬¬London¬Greater London¬E4 7NX¬51.635688781738281¬-0.01143334899097681¬08W¬NHS Waltham Forest CCG¬02085293501¬¬https://www.kingsheadmedicalpractice.co.uk/¬
13032¬F86701¬GP¬UNKNOWN¬Visible¬True¬True¬Kiyani Medical Practice¬Langthorne Health Centre¬13 Langthorne Road¬Leytonstone¬London¬Greater London¬E11 4HX¬51.555416107177734¬2.1144833881407976E-3¬08W¬NHS Waltham Forest CCG¬020 8558 5858¬wfccg.kiyanimedicalpractice@nhs.net¬https://www.kiyanimedicalpractice.co.uk¬020 8539 2768
13033¬F86702¬GP¬UNKNOWN¬Visible¬True¬True¬St Clement's Surgery¬38 Bathurst Road¬¬¬Ilford¬Essex¬IG1 4LA¬51.563762664794922¬0.07292039692401886¬08N¬NHS Redbridge CCG¬02085541371¬redccg.stclementssurgery@nhs.net¬http://www.stclementssurgery-redbridge.nhs.uk/¬02084913345
13034¬F86703¬GP¬UNKNOWN¬Visible¬True¬True¬The Redbridge Surgery¬49 Windermere Gardens¬Redbridge Ilford¬¬Ilford¬Essex¬IG4 5BZ¬51.577651977539063¬5.3736127912998199E-2¬08N¬NHS Redbridge CCG¬02085511513¬¬http://www.redbridgesurgery.nhs.uk/¬0208 550 3746
13036¬F86705¬GP¬UNKNOWN¬Visible¬True¬True¬Langthorne Sharma Family Practice¬¬13 Langthorne Road¬Leytonstone¬London¬Greater London¬E11 4HX¬51.555416107177734¬2.1144833881407976E-3¬08W¬NHS Waltham Forest CCG¬0208 539 6676¬¬https://www.langthornesharmafamilypractice.co.uk/¬0208 539 6877
13037¬F86707¬GP¬UNKNOWN¬Visible¬True¬True¬Fence Piece Road Medical Centre¬83 Fencepiece Road¬Hainault Ilford¬¬Ilford¬Essex¬IG6 2NB¬51.600170135498047¬8.4310621023178101E-2¬08N¬NHS Redbridge CCG¬02085003526¬¬http://www.fencepieceroadmedicalcentre.nhs.uk¬020 89241188
13038¬F86708¬GP¬UNKNOWN¬Visible¬True¬True¬Claremont Medical Centre¬27 Claremont Road¬Walthamstow¬¬London¬Greater London¬E17 5RJ¬51.594356536865234¬-3.3798739314079285E-2¬08W¬NHS Waltham Forest CCG¬02085271888¬¬https://www.claremontmedical.co.uk¬02085232942
13039¬F86712¬GP¬UNKNOWN¬Visible¬True¬True¬Hampton Medical Centre¬1 Pretoria Road¬Leytonstone¬¬London¬Greater London¬E11 4BB¬51.566448211669922¬-2.6888630600296892E-5¬08W¬NHS Waltham Forest CCG¬02085393232¬¬http://www.hamptonmedicalcentre.co.uk¬020 8558 9096
13040¬F86731¬GP¬UNKNOWN¬Visible¬True¬True¬Aldersbrook Medical Centre¬65 Aldersbrook Road¬Manor Park¬¬London¬Greater London¬E12 5DL¬51.560672760009766¬0.03837045282125473¬08N¬NHS Redbridge CCG¬02085188080¬¬https://www.aldersbrookmedicalcentre.nhs.uk¬020 8518 8227
13103¬G81001¬GP¬UNKNOWN¬Visible¬True¬True¬Hove Medical Centre¬West Way¬¬¬Hove¬East Sussex¬BN3 8LD¬50.845024108886719¬-0.19537548720836639¬09D¬NHS Brighton And Hove CCG¬01273430088¬¬¬01273 430172
13104¬G81002¬GP¬UNKNOWN¬Visible¬True¬True¬Grove Road Surgery¬59-63 Grove Road¬¬¬Eastbourne¬East Sussex¬BN21 4TX¬50.767627716064453¬0.27875080704689026¬97R¬NHS East Sussex CCG¬01323720606¬¬www.groveroadsurgery.co.uk¬01323 744369
13105¬G81003001¬GP¬UNKNOWN¬Visible¬True¬True¬The Lighthouse Medical Practice (IG)¬Ian Gow Memorial Health Centre, Milfoil Drive¬Langney¬¬Eastbourne¬East Sussex¬BN23 8BR¬50.806789398193359¬0.29692268371582031¬97R¬NHS East Sussex CCG¬01323766358¬lighthousepractice@nhs.net¬www.lighthousepractice.co.uk¬01323 461223
13106¬G81003¬GP¬UNKNOWN¬Visible¬True¬True¬The Lighthouse Medical Practice¬6 College Road¬¬¬Eastbourne¬East Sussex¬BN21 4HY¬50.765632629394531¬0.28137677907943726¬97R¬NHS East Sussex CCG¬01323735044¬lighthousepractice@nhs.net¬https://www.lighthousepractice.co.uk¬
13107¬G81004¬GP¬UNKNOWN¬Visible¬True¬True¬DOWNLANDS MEDICAL CENTRE¬77 High Street¬¬¬Polegate¬East Sussex¬BN26 6AE¬50.822917938232422¬0.24409867823123932¬97R¬NHS East Sussex CCG¬01323482323¬esxccg.downlandsmedicalcentre@nhs.net¬http://www.downlandsmedicalcentre.nhs.uk¬
13110¬G81006¬GP¬UNKNOWN¬Visible¬True¬True¬Ardingly Courtsurgery¬1 Ardingly Street¬¬¬Brighton¬East Sussex¬BN2 1SS¬50.821178436279297¬-0.13287359476089478¬09D¬NHS Brighton And Hove CCG¬01273688333¬¬http://www.ardinglycourtsurgery.co.uk¬01273 671128
13111¬G81007002¬GP¬UNKNOWN¬Visible¬True¬True¬South Chailey Surgery¬Mill Lane¬South Chailey¬¬Lewes¬East Sussex¬BN8 4PY¬50.937309265136719¬-0.03136897087097168¬97R¬NHS East Sussex CCG¬01273892999¬¬¬
13112¬G81007¬GP¬UNKNOWN¬Visible¬True¬True¬Mid Downs Medical Practice¬Marbles Road¬Newick¬¬Lewes¬East Sussex¬BN8 4LR¬50.9736328125¬1.6974152997136116E-2¬97R¬NHS East Sussex CCG¬01825722272¬¬¬01825 724391
13113¬G81008004¬GP¬UNKNOWN¬Visible¬True¬True¬Pevensey Bay Medical Centre¬10 Richmond Road¬¬¬Pevensey¬East Sussex¬BN24 6AQ¬50.8128662109375¬0.35082525014877319¬97R¬NHS East Sussex CCG¬01323761461¬stone.cross@nhs.net¬http://www.stonecrosssurgery.co.uk¬01323 743041
13114¬G81008001¬GP¬UNKNOWN¬Visible¬True¬True¬Dr Tasharrofi and Partners¬Westham Medical Centre¬Church Bailey¬Montague Way¬Pevensey¬East Sussex¬BN24 5NQ¬50.816364288330078¬0.32712122797966003¬97R¬NHS East Sussex CCG¬01323761461¬stone.cross@nhs.net¬http://www.stonecrosssurgery.co.uk¬01323 743041
13115¬G81008¬GP¬UNKNOWN¬Visible¬True¬True¬Stone Cross Surgery¬Mimram Road¬Stone Cross Pevensey¬¬Pevensey¬East Sussex¬BN24 5DZ¬50.816757202148438¬0.28995823860168457¬97R¬NHS East Sussex CCG¬01323761461¬stone.cross@nhs.net¬http://www.stonecrosssurgery.co.uk¬01323 743041
13117¬G81011¬GP¬UNKNOWN¬Visible¬True¬True¬St Peter's Medical Centre¬30-36 Oxford Street¬¬¬Brighton¬East Sussex¬BN1 4LA¬50.831001281738281¬-0.13522244989871979¬09D¬NHS Brighton And Hove CCG¬01273606006¬¬http://www.stpetersmedicalcentre.co.uk/¬01273 623896
13118¬G81012¬GP¬UNKNOWN¬Visible¬True¬True¬Bridgeside Surgery¬Bridgeside Surgery¬1 Western Road¬¬Hailsham¬East Sussex¬BN27 3DG¬50.861808776855469¬0.25608381628990173¬97R¬NHS East Sussex CCG¬01323 441234¬ehsccg.bridgesidesurgery@nhs.net¬https://bridgesidesurgery.co.uk¬01323 440970
13120¬G81014¬GP¬UNKNOWN¬Visible¬True¬True¬Carden Surgery¬County Oak Medical Centre¬Carden Hill¬¬Brighton¬East Sussex¬BN1 8DD¬50.862419128417969¬-0.12728691101074219¬09D¬NHS Brighton And Hove CCG¬01273500155¬¬http://www.cardensurgery.co.uk¬01273 501193
13121¬G81016¬GP¬UNKNOWN¬Visible¬True¬True¬Quayside Medical Practice¬Chapel Street¬¬¬Newhaven¬East Sussex¬BN9 9PW¬50.79327392578125¬5.1130186766386032E-2¬97R¬NHS East Sussex CCG¬01273615000¬¬¬01273 611527
13122¬G81017¬GP¬UNKNOWN¬Visible¬True¬True¬Seaside Medical Centre¬18 Sheen Road¬¬¬Eastbourne¬East Sussex¬BN22 8DR¬50.773567199707031¬0.29462781548500061¬97R¬NHS East Sussex CCG¬01323725667¬¬http://www.seasidemedicalcentre.co.uk¬01323 417169
13123¬G81018¬GP¬UNKNOWN¬Visible¬True¬True¬Preston Park Surgery¬2A Florence Road¬¬¬Brighton¬East Sussex¬BN1 6DP¬50.837875366210938¬-0.14033143222332001¬09D¬NHS Brighton And Hove CCG¬01273559601¬¬http://www.prestonparksurgery.co.uk¬01273 507746
13124¬G81019¬GP¬UNKNOWN¬Visible¬True¬True¬Beacon Surgery¬Beacon Road¬¬¬Crowborough¬East Sussex¬TN6 1AH¬51.059837341308594¬0.15989018976688385¬97R¬NHS East Sussex CCG¬01892652233¬¬www.beaconsurgery.co.uk¬01892 668840
13126¬G81021¬GP¬UNKNOWN¬Visible¬True¬True¬Foundry Healthcare Lewes¬School Hill House¬33 High Street¬¬Lewes¬East Sussex¬BN7 2LU¬50.873470306396484¬1.2078115716576576E-2¬97R¬NHS East Sussex CCG¬01273 480888¬hwlhccg.foundryhealthcarelewes@nhs.net¬https://www.foundryhealthcarelewes.co.uk¬
13127¬G81022¬GP¬UNKNOWN¬Visible¬True¬True¬Sovereign Practice¬Princes Park Health Centre¬7 Wartling Road¬¬Eastbourne¬East Sussex¬BN22 7PG¬50.781497955322266¬0.30286133289337158¬97R¬NHS East Sussex CCG¬01323744644¬¬http://www.princesparkhealthcentre.co.uk¬01323 736094
13128¬G81023¬GP¬UNKNOWN¬Visible¬True¬True¬Martins Oak Surgery¬36 High Street¬¬¬Battle¬East Sussex¬TN33 0EA¬50.917160034179687¬0.48368966579437256¬97R¬NHS East Sussex CCG¬01424772060¬¬¬01424 775569
13129¬G81024¬GP¬UNKNOWN¬Visible¬True¬True¬Ashdown Forest Health Centre¬Lewes Road¬¬¬Forest Row¬East Sussex¬RH18 5AQ¬51.097034454345703¬3.2880175858736038E-2¬97R¬NHS East Sussex CCG¬01342822131¬¬http://www.ashdownforesthealthcen.co.uk¬01342 826015
13130¬G81025¬GP¬UNKNOWN¬Visible¬True¬True¬Pebsham Surgery¬119 Seabourne Road¬¬¬Bexhill On Sea¬East Sussex¬TN40 2SD¬50.850345611572266¬0.50460392236709595¬97R¬NHS East Sussex CCG¬01424230399¬¬¬0844 4778691
13131¬G81025001¬GP¬UNKNOWN¬Visible¬True¬True¬Sea Road Surgery¬39-41 Sea Road¬¬¬Bexhill-On-Sea¬East Sussex¬TN40 1JJ¬50.838821411132813¬0.4772542417049408¬97R¬NHS East Sussex CCG¬01424230399¬¬http://www.searoadsurgery.co.uk/¬0844 4778599
13132¬G81026¬GP¬UNKNOWN¬Visible¬True¬True¬Warrior Square Surgery¬Marlborough House¬19-21 Warrior Square¬St Leonards On Sea¬Hastings¬East Sussex¬TN37 6BG¬50.85296630859375¬0.56199133396148682¬97R¬NHS East Sussex CCG¬01424434151¬hrccg.warriorsquaresurgery@nhs.net¬http://www.warriorsquaresurgery.co.uk¬01424 428743
13133¬G81027¬GP¬UNKNOWN¬Visible¬True¬True¬Bolton Road Surgery¬Bolton House¬10 Bolton Road¬¬Eastbourne¬East Sussex¬BN21 3JY¬50.767612457275391¬0.2859404981136322¬97R¬NHS East Sussex CCG¬01323730537¬boltonhouse@nhs.net¬http://www.boltonroadsurgery.co.uk¬01323 412759
13134¬G81028¬GP¬UNKNOWN¬Visible¬True¬True¬Park Crescent Health Centre¬1 Lewes Road¬¬¬Brighton¬East Sussex¬BN2 3HP¬50.83258056640625¬-0.12940798699855804¬09D¬NHS Brighton And Hove CCG¬01273523623¬bhccg.parkcrescenthc@nhs.net¬http://www.parkcrescenthealthcentre.nhs.uk/¬
13135¬G81029¬GP¬UNKNOWN¬Visible¬True¬True¬Seaford Medical Practice¬Dane Road¬¬¬Seaford¬East Sussex¬BN25 1DH¬50.772678375244141¬9.9289469420909882E-2¬97R¬NHS East Sussex CCG¬01323490022¬¬http://www.seafordmedpractice.gpsurgery.net¬01323 891317
13136¬G81030001¬GP¬UNKNOWN¬Visible¬True¬True¬Frant Surgery¬34 High Street¬Frant¬¬Tunbridge Wells¬Kent¬TN3 9DT¬51.097301483154297¬0.26964312791824341¬97R¬NHS East Sussex CCG¬01892750366¬¬¬
13137¬G81030¬GP¬UNKNOWN¬Visible¬True¬True¬Wadhurst Medical Group¬St James Square¬¬¬Wadhurst¬East Sussex¬TN5 6BJ¬51.061954498291016¬0.34081611037254333¬97R¬NHS East Sussex CCG¬01892782121¬¬¬01892 783989
13138¬G81030002¬GP¬UNKNOWN¬Visible¬True¬True¬Ticehurst Surgery¬Newington Court¬Pickford Lane¬Ticehurst¬Wadhurst¬East Sussex¬TN5 7DJ¬51.047409057617188¬0.40998086333274841¬97R¬NHS East Sussex CCG¬01580200317¬¬¬
13139¬G81031002¬GP¬UNKNOWN¬Visible¬True¬True¬Harold Road Surgery (Pett Village Hall)¬Village Hall¬Pett Road¬¬Hastings¬East Sussex¬TN35 4HE¬50.894851684570312¬0.66041433811187744¬97R¬NHS East Sussex CCG¬01424720878¬¬¬
13140¬G81031001¬GP¬UNKNOWN¬Visible¬True¬True¬Harold Road Surgery (Fairlight Village Hall)¬Fairlight Village Hall¬Broadway¬Fairlight¬Hastings¬East Sussex¬TN35 4DA¬50.877891540527344¬0.66550403833389282¬97R¬NHS East Sussex CCG¬01424720878¬¬¬
13141¬G81031¬GP¬UNKNOWN¬Visible¬True¬True¬Harold Road Surgery¬¬164 Harold Road¬¬Hastings¬East Sussex¬TN35 5NH¬50.864711761474609¬0.60501688718795776¬97R¬NHS East Sussex CCG¬01424 720878¬haroldroad.surgery@nhs.net¬https://www.haroldroadsurgery.co.uk/¬01424 719525
13142¬G81032¬GP¬UNKNOWN¬Visible¬True¬True¬Victoria Medical Centre¬118-122 Green Street¬¬¬Eastbourne¬East Sussex¬BN21 1RR¬50.776638031005859¬0.25799643993377686¬97R¬NHS East Sussex CCG¬01323736664¬¬http://www.greenstreetclinic.co.uk¬
13143¬G81074001¬GP¬UNKNOWN¬Visible¬True¬True¬Silver Springs Medical Practice¬Beaufort Road¬¬¬St Leonards On Sea¬East Sussex¬TN37 6PP¬50.867034912109375¬0.5573192834854126¬97R¬NHS East Sussex CCG¬01424432155¬¬¬01424 436400
13144¬G81034¬GP¬UNKNOWN¬Visible¬True¬True¬Charter Medical Centre¬88 Davigdor Road¬¬¬Hove¬East Sussex¬BN3 1RF¬50.831253051757813¬-0.1567266583442688¬09D¬NHS Brighton And Hove CCG¬01273770555¬bhccg.g81034charter@nhs.net¬www.chartermedicalcentre.co.uk¬01273 220883
13145¬G81035¬GP¬UNKNOWN¬Visible¬True¬True¬River Lodge Surgery¬Malling Street¬¬¬Lewes¬East Sussex¬BN7 2RD¬50.874835968017578¬0.01883196085691452¬97R¬NHS East Sussex CCG¬01273472233¬¬http://www.riverlodge-ringmersurgeries.co.uk¬01273 486879
13146¬G81035001¬GP¬UNKNOWN¬Visible¬True¬True¬Anchor Fields Surgery¬30 Anchor Field¬¬¬Lewes¬East Sussex¬BN8 5QN¬50.892349243164063¬6.0826398432254791E-2¬97R¬NHS East Sussex CCG¬01273812338¬¬http://www.riverlodge-ringmersurgeries.co.uk¬01273 812384
13148¬G81036¬GP¬UNKNOWN¬Visible¬True¬True¬Warmdene Surgery¬Carden Hill¬¬¬Brighton¬East Sussex¬BN1 8DD¬50.862174987792969¬-0.12784481048583984¬09D¬NHS Brighton And Hove CCG¬01273508811¬¬http://warmdenesurgery.co.uk¬01273 559860
13149¬G81037¬GP¬UNKNOWN¬Visible¬True¬True¬The Meads Surgery¬Bell Farm Road¬¬¬Uckfield¬East Sussex¬TN22 1BA¬50.969684600830078¬9.1637797653675079E-2¬97R¬NHS East Sussex CCG¬01825 766 055¬hwccg.themeads@nhs.net¬http://www.themeadssurgery.co.uk¬01825 744 300
13150¬G81038001¬GP¬UNKNOWN¬Visible¬True¬True¬Cockcroft Surgery¬University Of Brighton¬Lewes Road¬¬Brighton¬East Sussex¬BN2 4GN¬50.844589233398437¬-0.11837349086999893¬09D¬NHS Brighton And Hove CCG¬01273642864¬¬http://www.stanfordmedicalcentre.co.uk¬01273 645953
13151¬G81038002¬GP¬UNKNOWN¬Visible¬True¬True¬Islingword Road Surgery¬79 Islingword Road¬¬¬Brighton¬East Sussex¬BN2 9SL¬50.828472137451172¬-0.12552525103092194¬09D¬NHS Brighton And Hove CCG¬01273681971¬¬¬01273 667910
13152¬G81038¬GP¬UNKNOWN¬Visible¬True¬True¬The Stanford Medical Centre¬175 Preston Road¬¬¬Brighton¬East Sussex¬BN1 6AG¬50.83837890625¬-0.14827926456928253¬09D¬NHS Brighton And Hove CCG¬01273557411¬¬http://www.stanfordmedicalcentre.co.uk¬01273 552483
13153¬G81039001¬GP¬UNKNOWN¬Visible¬True¬True¬Old Town Surgery¬13 De La Warr Road¬¬¬Bexhill-On-Sea¬East Sussex¬TN40 2HG¬50.845684051513672¬0.47977721691131592¬97R¬NHS East Sussex CCG¬01424 739420¬hrccg.oldtownsurgery@nhs.net¬http://www.oldtownsurgery.org.uk¬01424 733940
13154¬G81039¬GP¬UNKNOWN¬Visible¬True¬True¬Little Common Surgery¬82 Cooden Sea Road¬Little Common¬¬Bexhill On Sea¬East Sussex¬TN39 4SP¬50.842029571533203¬0.43351569771766663¬97R¬NHS East Sussex CCG¬01424847575¬hrccg.littlecommonsurgery@nhs.net¬http://littlecommonsurgery.org.uk/¬0870 8902479
13155¬G81040¬GP¬UNKNOWN¬Visible¬True¬True¬Woodhill Surgery¬Station Road¬¬¬Mayfield¬East Sussex¬TN20 6BW¬51.019351959228516¬0.25397038459777832¬97R¬NHS East Sussex CCG¬01435873000¬¬¬01435 873807
13156¬G81041001¬GP¬UNKNOWN¬Visible¬True¬True¬Sidley Medical Practice¬Albert Road Surgery¬24 Albert Road¬¬Bexhill-On-Sea¬East Sussex¬TN40 1DG¬50.838882446289063¬0.47265532612800598¬97R¬NHS East Sussex CCG¬01424230025¬hrccg.albertroad-sidleysurgery@nhs.net¬https://www.sidleymedicalpractice.nhs.uk/¬01424 739440
13157¬G81041¬GP¬UNKNOWN¬Visible¬True¬True¬Sidley Medical Practice¬Sidley Surgery¬44 Turkey Road¬¬Bexhill On Sea¬East Sussex¬TN39 5HE¬50.857326507568359¬0.46399655938148499¬97R¬NHS East Sussex CCG¬01424230025¬hrccg.albertroad-sidleysurgery@nhs.net¬https://www.sidleymedicalpractice.nhs.uk/¬01424 229039
13158¬G81042¬GP¬UNKNOWN¬Visible¬True¬True¬Beaconsfield Medical Practice¬175 Preston Road¬¬¬Brighton¬East Sussex¬BN1 6AG¬50.83837890625¬-0.14827926456928253¬09D¬NHS Brighton And Hove CCG¬01273555401¬bhccg.beaconsfieldsurgery@nhs.net¬http://www.beaconsfieldmedicalpractice.co.uk/¬01273 564626
13159¬G81043001¬GP¬UNKNOWN¬Visible¬True¬True¬The Brook Health Centre¬Crowborough Hill¬Jarvis Brook¬¬Crowborough¬East Sussex¬TN6 2ED¬51.049160003662109¬0.18598902225494385¬97R¬NHS East Sussex CCG¬01892652850¬¬http://www.rotherfieldsurgery.nhs.uk¬01892 654111
13160¬G81043¬GP¬UNKNOWN¬Visible¬True¬True¬Rotherfield Surgery¬Rotherfield¬¬¬Crowborough¬East Sussex¬TN6 3QW¬51.045650482177734¬0.21866622567176819¬97R¬NHS East Sussex CCG¬01892852415¬¬http://www.rotherfieldsurgery.nhs.uk¬01892 853499
13161¬G81044¬GP¬UNKNOWN¬Visible¬True¬True¬Montpelier Surgery¬2 Victoria Road¬¬¬Brighton¬East Sussex¬BN1 3FS¬50.8271484375¬-0.14906439185142517¬09D¬NHS Brighton And Hove CCG¬01273328950¬¬http://www.montpeliersurgery.co.uk/¬01273 729767
13162¬G81045¬GP¬UNKNOWN¬Visible¬True¬True¬St. Andrews Surgery¬Southover Road¬¬¬Lewes¬East Sussex¬BN7 1US¬50.871814727783203¬0.01099772471934557¬97R¬NHS East Sussex CCG¬01273476216¬¬¬01273 487587
13163¬G81046¬GP¬UNKNOWN¬Visible¬True¬True¬Portslade Health Centre Medical Practice¬Church Road¬Portslade¬¬Brighton¬East Sussex¬BN41 1LX¬50.83367919921875¬-0.21323825418949127¬09D¬NHS Brighton And Hove CCG¬01273431031¬¬http://www.portsladehealthcentre.co.uk/¬01273 413510
13164¬G81047¬GP¬UNKNOWN¬Visible¬True¬True¬The Seven Dials Medical Centre¬24 Montpelier Crescent¬¬¬Brighton¬East Sussex¬BN1 3JJ¬50.829681396484375¬-0.14772878587245941¬09D¬NHS Brighton And Hove CCG¬01273773089¬¬www.thesevendialsmedicalcentre.co.uk¬01273 204385
13165¬G81048¬GP¬UNKNOWN¬Visible¬True¬True¬Carisbrooke Surgery¬Falaise Road¬¬¬Hastings¬East Sussex¬TN34 1EU¬50.855754852294922¬0.56812644004821777¬97R¬NHS East Sussex CCG¬01424423190¬¬http://www.carisbrookesurgery.co.uk/index.aspx¬
13166¬G81049¬GP¬UNKNOWN¬Visible¬True¬True¬Manor Park Medical Centre¬High Street¬¬¬Polegate¬East Sussex¬BN26 5DJ¬50.819107055664063¬0.24262389540672302¬97R¬NHS East Sussex CCG¬01323482301¬¬http://www.manorparksurgery.com/¬
13168¬G81050¬GP¬UNKNOWN¬Visible¬True¬True¬Arlington Road Surgery¬1 Arlington Road¬¬¬Eastbourne¬East Sussex¬BN21 1DH¬50.7681884765625¬0.2775726318359375¬97R¬NHS East Sussex CCG¬01323 727531¬¬http://www.arlingtonroadsurgery.nhs.uk¬
13169¬G81051¬GP¬UNKNOWN¬Visible¬True¬False¬Rye Medical Centre¬Kiln Drive¬Rye Foreign¬¬Rye¬East Sussex¬TN31 7SQ¬50.961944580078125¬0.73034530878067017¬97R¬NHS East Sussex CCG¬01797223333¬¬http://www.ryemedicalcentre.com¬01797 226858
13170¬G81051002¬GP¬UNKNOWN¬Visible¬True¬False¬Brede Branch Surgery¬Brede Village Hall¬Cackle Street¬¬Rye¬East Sussex¬TN31 6DX¬50.942668914794922¬0.59640407562255859¬97R¬NHS East Sussex CCG¬01797223333¬¬¬01797 226858
13171¬G81051001¬GP¬UNKNOWN¬Visible¬True¬False¬Camber Branch Surgery¬New Lydd Road¬Memorial Hall¬Lydd Road¬Rye¬East Sussex¬TN31 7RJ¬50.935684204101563¬0.79600727558135986¬97R¬NHS East Sussex CCG¬01797223333¬¬¬01797 226858
13172¬G81051003¬GP¬UNKNOWN¬Visible¬True¬False¬Icklesham Branch Surgery¬Icklesham Village Hall¬Workhouse Lane¬¬Winchelsea¬East Sussex¬TN36 4BJ¬50.917259216308594¬0.67207944393157959¬97R¬NHS East Sussex CCG¬01797223333¬¬¬01797 226858
13173¬G81052¬GP¬UNKNOWN¬Visible¬True¬False¬Fairfield Surgery¬High Street¬Burwash¬¬Etchingham¬East Sussex¬TN19 7EU¬50.997230529785156¬0.38279405236244202¬97R¬NHS East Sussex CCG¬01435882306¬¬¬01435 882064
13174¬G81053¬GP¬UNKNOWN¬Visible¬True¬True¬Rowe Avenue Surgery¬17 Rowe Avenue¬¬¬Peacehaven¬East Sussex¬BN10 7PE¬50.793052673339844¬-4.9849222414195538E-3¬97R¬NHS East Sussex CCG¬01273579505¬hwccg.gmg81053@nhs.net¬¬01273 579501
13175¬G81054¬GP¬UNKNOWN¬Visible¬True¬True¬Pavilion Surgery¬2-3 Old Steine¬¬¬Brighton¬East Sussex¬BN1 1EJ¬50.821521759033203¬-0.13622488081455231¬09D¬NHS Brighton And Hove CCG¬01273685588¬¬http://www.pavilionsurgery.co.uk/¬01273 689271
13176¬G81055¬GP¬UNKNOWN¬Visible¬True¬True¬The Saxonbury House Surgery¬Croft Road¬¬¬Crowborough¬East Sussex¬TN6 1DL¬51.058456420898438¬0.16192387044429779¬97R¬NHS East Sussex CCG¬01892603131¬secretaries1.saxonbury@nhs.net¬http://www.saxonburyhousesurgery.co.uk/¬01892 603133
13177¬G81056¬GP¬UNKNOWN¬Visible¬True¬True¬VICTORIA MEDICAL CENTRE¬5-7 Enys Road¬¬¬Eastbourne¬East Sussex¬BN21 2DQ¬50.772361755371094¬0.27569040656089783¬97R¬NHS East Sussex CCG¬01323410088¬¬http://www.enysroadsurgery.nhs.net¬01323 644638
13178¬G81057¬GP¬UNKNOWN¬Visible¬True¬False¬Sedlescombe & Westfield Surgeries¬Brede Lane¬¬¬Battle¬East Sussex¬TN33 0PW¬50.934307098388672¬0.53460103273391724¬97R¬NHS East Sussex CCG¬01424870225¬¬http://www.sedlescombeandwestfieldsurgeries.co.uk/¬01424 870912
13179¬G81057001¬GP¬UNKNOWN¬Visible¬True¬False¬Westfield Surgery¬Main Road¬¬¬Hastings¬East Sussex¬TN35 4QE¬50.912933349609375¬0.57956779003143311¬97R¬NHS East Sussex CCG¬01424751609¬¬http://www.sedlescombeandwestfieldsurgeries.co.uk/¬01424 755984
13180¬G81059¬GP¬UNKNOWN¬Visible¬True¬True¬Seaforth Farm Surgery¬Vicarage Lane¬¬¬Hailsham¬East Sussex¬BN27 1BH¬50.864070892333984¬0.26200544834136963¬97R¬NHS East Sussex CCG¬01323848494¬info@hailshammedicalgroup.org.uk¬http://www.hailshammedicalgroup.org.uk¬01323 849316
13182¬G81061¬GP¬UNKNOWN¬Visible¬True¬True¬The Chapel Street Surgery¬Chapel Street¬¬¬Newhaven¬East Sussex¬BN9 9PW¬50.79327392578125¬5.1130186766386032E-2¬97R¬NHS East Sussex CCG¬01273517000¬¬http://www.chapelstreetsurgerynewhaven.nhs.uk/¬01273 515845
13186¬G81065¬GP¬UNKNOWN¬Visible¬True¬True¬Woodingdean Medical Centre¬Warren Road¬Woodingdean¬¬Brighton¬East Sussex¬BN2 6BA¬50.8359375¬-7.9665131866931915E-2¬09D¬NHS Brighton And Hove CCG¬01273307555¬¬http://www.woodingdeansurgery.co.uk/¬01273 819396
13187¬G81070¬GP¬UNKNOWN¬Visible¬True¬True¬Trinity Medical Centre¬¬1 Goldstone Villas¬¬Hove¬East Sussex¬BN3 3AT¬50.831233978271484¬-0.17202170193195343¬09D¬NHS Brighton And Hove CCG¬01273 736030¬¬http://www.trinitymedicalcentrehove.co.uk¬01273 329726
13188¬G81071¬GP¬UNKNOWN¬Visible¬True¬True¬University Of Sussex Health Centre¬University Of Sussex Health Centre¬Refectory Road,¬Uni of Sussex¬Falmer, Brighton¬East Sussex¬BN1 9RW¬50.869438171386719¬-8.8877126574516296E-2¬09D¬NHS Brighton And Hove CCG¬01273 249049¬admin.unimed@nhs.net¬http://www.unimed.co.uk¬01273 249040
13189¬G81073¬GP¬UNKNOWN¬Visible¬True¬True¬Mile Oak Medical Centre¬Chalky Road¬Portslade¬¬Brighton¬East Sussex¬BN41 2WF¬50.851104736328125¬-0.22706662118434906¬09D¬NHS Brighton And Hove CCG¬01273426200¬¬http://www.mileoakmedicalcentre.nhs.uk¬01273 426230
13190¬G81074¬GP¬UNKNOWN¬Visible¬True¬True¬High Glades Medical Practice¬High Glades Medical Centre¬9A Upper Church Road¬¬Hastings¬East Sussex¬TN37 7AT¬50.87835693359375¬0.55128592252731323¬97R¬NHS East Sussex CCG¬01424754678¬¬http://www.highgladesmedicalcentre.nhs.uk/¬
13191¬G81075¬GP¬UNKNOWN¬Visible¬True¬True¬The Avenue Surgery¬1 The Avenue¬South Moulsecoomb¬¬Brighton¬East Sussex¬BN2 4GF¬50.844356536865234¬-0.11341116577386856¬09D¬NHS Brighton And Hove CCG¬01273604220¬¬http://www.theavenuesurgerybrighton.co.uk¬01273 685507
13193¬G81076¬GP¬UNKNOWN¬Visible¬True¬True¬Saltdean And Rottingdean Med Practice¬Grand Ocean¬Longridge Avenue¬Saltdean¬Brighton¬East Sussex¬BN2 8BU¬50.802299499511719¬-0.03578566387295723¬09D¬NHS Brighton And Hove CCG¬01273305723¬bhccg.g81076@nhs.net¬http://www.saltdeanrottingdeansurgery.nhs.uk¬01273 300962
13195¬G81077001¬GP¬UNKNOWN¬Visible¬True¬True¬Ninfield Surgery¬High Street¬Ninfield¬Nr Battle¬Battle¬East Sussex¬TN33 9JP¬50.887462615966797¬0.4206831157207489¬97R¬NHS East Sussex CCG¬01424892569¬esxccg.ninfield@nhs.net¬http://www.collingtonsurgery.com/¬01424 893233
13196¬G81077¬GP¬UNKNOWN¬Visible¬True¬True¬Collington Surgery¬23 Terminus Road¬¬¬Bexhill On Sea¬East Sussex¬TN39 3LR¬50.840427398681641¬0.46509483456611633¬97R¬NHS East Sussex CCG¬01424217465¬esxccg.collingtonpractice@nhs.net¬¬
13197¬G81082¬GP¬UNKNOWN¬Visible¬True¬True¬Oldwood Surgery¬Station Road¬¬¬Robertsbridge¬East Sussex¬TN32 5DG¬50.985000610351563¬0.47056728601455688¬97R¬NHS East Sussex CCG¬01580880790¬hrccg.oldwood@nhs.net¬http://www.oldwoodsurgery.co.uk/¬01580 882192
13198¬G81082001¬GP¬UNKNOWN¬Visible¬True¬True¬Battle Health Centre¬Telham House¬Telham House¬13 Mitre Way¬Battle¬East Sussex¬TN33 0BF¬50.913162231445312¬0.49397632479667664¬97R¬NHS East Sussex CCG¬01580 880790¬hrccg.oldwood@nhs.net¬http://www.oldwoodsurgery.co.uk/¬01424 776557
13199¬G81083¬GP¬UNKNOWN¬Visible¬True¬True¬Wish Park Surgery¬191 Portland Road¬¬¬Hove¬East Sussex¬BN3 5JA¬50.833889007568359¬-0.1894022673368454¬09D¬NHS Brighton And Hove CCG¬01273729194¬¬https://wishpark.gpsurgery.net¬
13200¬G81084¬GP¬UNKNOWN¬Visible¬True¬True¬Beaconsfield Road Surgery¬21 Beaconsfield Road¬¬¬Hastings¬East Sussex¬TN34 3TW¬50.867019653320312¬0.58501970767974854¬97R¬NHS East Sussex CCG¬01424755355¬¬http://www.beaconsfieldroadsurgery.co.uk/¬01424 431500
13201¬G81085¬GP¬UNKNOWN¬Visible¬True¬False¬Ferry Road Health Centre¬Ferry Road¬¬¬Rye¬East Sussex¬TN31 7DN¬50.951404571533203¬0.72808969020843506¬97R¬NHS East Sussex CCG¬01797223230¬¬¬01797 227234
13202¬G81085002¬GP¬UNKNOWN¬Visible¬True¬False¬Dr Bolidai¬Memorial Hall¬Lydd Road¬¬Rye¬East Sussex¬TN31 7RJ¬50.935684204101563¬0.79600727558135986¬97R¬NHS East Sussex CCG¬01797223230¬¬¬
13203¬G81085003¬GP¬UNKNOWN¬Visible¬True¬False¬Brookland Branch Surgery¬Brookland Village Hall¬Boarmans Lane¬Brookland¬Romney Marsh¬Kent¬TN29 9RG¬50.997455596923828¬0.82825607061386108¬97R¬NHS East Sussex CCG¬01797223230¬¬¬01797 227234
13204¬G81085004¬GP¬UNKNOWN¬Visible¬True¬False¬Winchelsea Beach Branch Surgery¬Unit 1 Staffords¬Sea Road¬¬Winchelsea¬East Sussex¬TN36 4NA¬50.916149139404297¬0.72325217723846436¬97R¬NHS East Sussex CCG¬01797223230¬¬¬
13205¬G81086¬GP¬UNKNOWN¬Visible¬True¬True¬Bird-In-Eye Surgery¬Uckfield Community Hospital¬Framfield Road¬¬Uckfield¬East Sussex¬TN22 5AW¬50.965953826904297¬0.10562702268362045¬97R¬NHS East Sussex CCG¬01825763196¬¬¬01825 760039
13206¬G81087¬GP¬UNKNOWN¬Visible¬True¬False¬Northiam Surgery¬Main Street¬Northiam¬¬Rye¬East Sussex¬TN31 6ND¬50.98956298828125¬0.60655957460403442¬97R¬NHS East Sussex CCG¬01797252140¬¬http://www.northiamandbroadoaksurgery.co.uk¬01797 252077
13207¬G81087001¬GP¬UNKNOWN¬Visible¬True¬False¬Broad Oak Surgery¬6 Reedswood Road¬Broad Oak¬¬Rye¬East Sussex¬TN31 6DH¬50.95050048828125¬0.60253614187240601¬97R¬NHS East Sussex CCG¬01424882394¬¬http://www.northiamandbroadoaksurgery.co.uk/¬01424 882827
13208¬G81088001¬GP¬UNKNOWN¬Visible¬True¬False¬The Firs Surgery¬The Firs¬Cross In Hand¬¬Heathfield¬East Sussex¬TN21 0LT¬50.971321105957031¬0.23541982471942902¬97R¬NHS East Sussex CCG¬01435862021¬¬¬01435 867522
13209¬G81088¬GP¬UNKNOWN¬Visible¬True¬False¬Heathfield Surgery¬96-98 High Street¬¬¬Heathfield¬East Sussex¬TN21 8JD¬50.970779418945313¬0.24817074835300446¬97R¬NHS East Sussex CCG¬01435864999¬¬http://www.heathfieldsurgeries.nhs.uk¬01435 867449
13210¬G81089¬GP¬UNKNOWN¬Visible¬True¬True¬South Saxon House Surgery¬4 Whatlington Way¬¬¬St Leonards On Sea¬East Sussex¬TN38 9TE¬50.868701934814453¬0.52673763036727905¬97R¬NHS East Sussex CCG¬01424717386¬¬http://www.southsaxonhousesurgery.nhs.uk¬01424 461799
13211¬G81090¬GP¬UNKNOWN¬Visible¬True¬True¬Albion Street Surgery¬9 Albion Street¬¬¬Brighton¬East Sussex¬BN2 9PS¬50.827629089355469¬-0.13395114243030548¬09D¬NHS Brighton And Hove CCG¬01273601122¬albionstreetsurgery@nhs.net¬¬01273 623450
13213¬G81095¬GP¬UNKNOWN¬Visible¬True¬True¬Hastings Old Town Surgery¬The Ice House¬Rock-a-Nore¬¬Hastings¬East Sussex¬TN34 3DW¬50.856277465820313¬0.5949406623840332¬97R¬NHS East Sussex CCG¬01424 452800¬esxccg.hastingsoldtownsurgery@nhs.net¬http://www.hastingsoldtownsurgery.co.uk¬
13214¬G81096¬GP¬UNKNOWN¬Visible¬True¬True¬Sedlescombe House¬8 Sedlescombe Road South¬¬¬St Leonards On Sea¬East Sussex¬TN38 0TA¬50.867145538330078¬0.5548095703125¬97R¬NHS East Sussex CCG¬01424720574¬¬¬01424 440199
13216¬G81098¬GP¬UNKNOWN¬Visible¬True¬True¬The Quintin Medical Centre¬Hawkswood Road¬¬¬Hailsham¬East Sussex¬BN27 1UG¬50.877063751220703¬0.26269140839576721¬97R¬NHS East Sussex CCG¬01323845669¬esdw-quintinsmedicalcentre@nhs.net¬¬01323 846653
13217¬G81098001¬GP¬UNKNOWN¬Visible¬True¬True¬Punnetts Town Medical Centre¬Battle Road¬Punnetts Town¬¬Heathfield¬East Sussex¬TN21 9DH¬50.960475921630859¬0.30553454160690308¬97R¬NHS East Sussex CCG¬01435830860¬esdw-pct.quintinmedicalcentre@nhs.net¬¬01435 830137
13218¬G81098002¬GP¬UNKNOWN¬Visible¬True¬True¬Deanland Wood Branch Surgery¬Deanland Wood Park¬Golden Cross¬¬Hailsham¬East Sussex¬BN27 3RN¬50.882801055908203¬0.1693921685218811¬97R¬NHS East Sussex CCG¬01323845669¬esdw-pct.quintinmedicalcentre@nhs.net¬¬
13219¬G81099¬GP¬UNKNOWN¬Visible¬True¬True¬Old School Surgery¬Church Street¬¬¬Seaford¬East Sussex¬BN25 1HH¬50.772068023681641¬0.10070884972810745¬97R¬NHS East Sussex CCG¬01323890072¬oldschool.surgery@nhs.net¬www.oldschoolsurgery-seaford.nhs.uk¬01323 492340
13220¬G81100¬GP¬UNKNOWN¬Visible¬True¬True¬Dr Starling And Partners¬Anchor Healthcare Centre¬Meridian Way¬¬Peacehaven¬East Sussex¬BN10 8NF¬50.796100616455078¬-7.9663062933832407E-4¬97R¬NHS East Sussex CCG¬01273588200¬¬www.meridian-surgery.co.uk¬01273 589025
13221¬G81102001¬GP¬UNKNOWN¬Visible¬True¬False¬East Hoathly Medical Centre¬Juziers Drive¬¬¬Lewes¬East Sussex¬BN8 6AE¬50.922969818115234¬0.16246657073497772¬97R¬NHS East Sussex CCG¬01825840943¬hwccg.buxted@nhs.net¬¬
13222¬G81102¬GP¬UNKNOWN¬Visible¬True¬False¬Buxted Medical Centre¬Framfield Road¬Buxted¬¬Uckfield¬East Sussex¬TN22 5FD¬50.989425659179688¬0.13238507509231567¬97R¬NHS East Sussex CCG¬01825732333¬hwccg.buxted@nhs.net¬http://www.buxtedandeasthoathlymedicalcentres.co.uk¬01825 732072
13224¬G81104¬GP¬UNKNOWN¬Visible¬True¬True¬Park Practice¬Eastbourne Park Primary Care Centre¬Broadwater Way¬¬Eastbourne¬East Sussex¬BN22 9PQ¬50.794445037841797¬0.27788400650024414¬97R¬NHS East Sussex CCG¬01323502200¬admin.parkpractice@nhs.net¬https://www.parkpractice.co.uk¬
13225¬G81105¬GP¬UNKNOWN¬Visible¬True¬True¬Churchwood Medical Practice¬Tilebarn Road¬¬¬St Leonards On Sea¬East Sussex¬TN38 9PA¬50.876335144042969¬0.53848057985305786¬97R¬NHS East Sussex CCG¬01424853888¬hrccg.churchwoodpractice@nhs.net¬http://www.churchwood-surgery.co.uk¬01424 850190
13227¬G81613¬GP¬UNKNOWN¬Visible¬True¬True¬School House Surgery¬Hertford Road¬¬¬Brighton¬East Sussex¬BN1 7GF¬50.845798492431641¬-0.1297033429145813¬09D¬NHS Brighton And Hove CCG¬01273551031¬¬¬01273 382036
13228¬G81613001¬GP¬UNKNOWN¬Visible¬True¬True¬Church Surgery¬Saunders Park Rise¬Lewes Road¬¬Brighton¬East Sussex¬BN2 4ES¬50.839591979980469¬-0.1233895868062973¬09D¬NHS Brighton And Hove CCG¬01273684500¬¬¬01273 625581
13229¬G81614¬GP¬UNKNOWN¬Visible¬True¬True¬Groombridge and Hartfield Medical Group Main Surgery¬The Nook¬Withyham Road¬Groombridge¬Tunbridge Wells¬Kent¬TN3 9QP¬51.11395263671875¬0.18443061411380768¬97R¬NHS East Sussex CCG¬01892 863326¬hwccg.thenooksurgery@nhs.net¬http://www.groombridgeandhartfieldmedicalgroup.co.uk/¬
13230¬G81614001¬GP¬UNKNOWN¬Visible¬True¬True¬Groombridge And Hartfield Med Grp - The Hartfield Surgery¬Old Crown Farm¬High Street¬¬Hartfield¬East Sussex¬TN7 4AD¬51.102294921875¬0.10961687564849854¬97R¬NHS East Sussex CCG¬01892 863326¬hwccg.thenooksurgery@nhs.net¬http://www.groombridgeandhartfieldmedicalgroup.co.uk/¬01892 863985
13232¬G81634¬GP¬UNKNOWN¬Visible¬True¬True¬Herstmonceux Integrative Health Centre¬Hailsham Road¬¬¬Herstmonceux¬East Sussex¬BN27 4JX¬50.887729644775391¬0.31855398416519165¬97R¬NHS East Sussex CCG¬01323833535¬¬http://www.hmxihc.co.uk/¬
13233¬G81680001¬GP¬UNKNOWN¬Visible¬True¬True¬Benfield Valley Healthcare Hub Site 1¬Doctors Surgery¬14 Burwash Road¬¬Hove¬East Sussex¬BN3 8GQ¬50.851387023925781¬-0.18977399170398712¬09D¬NHS Brighton And Hove CCG¬01273 411 229¬benfieldvalley.healthcarehub@nhs.net¬http://www.bvhh.co.uk/¬01273 727786
13234¬G81638¬GP¬UNKNOWN¬Visible¬True¬True¬Brighton Health and Wellbeing Centre¬18-19 Western Road¬¬¬Hove¬East Sussex¬BN3 1AE¬50.825191497802734¬-0.15618443489074707¬09D¬NHS Brighton And Hove CCG¬01273772020¬¬¬01273 747686
13236¬G81641¬GP¬UNKNOWN¬Visible¬True¬True¬Dr Rajesh Pandey¬83 Priory Road¬¬¬Hastings¬East Sussex¬TN34 3JJ¬50.860828399658203¬0.5892673134803772¬97R¬NHS East Sussex CCG¬01424430800¬¬¬01424 465555
13239¬G81646¬GP¬UNKNOWN¬Visible¬True¬True¬The Haven Practice¬Out of Hours : 0300 5555 252¬100 Beaconsfield Villas¬¬Brighton¬East Sussex¬BN1 6HE¬50.842777252197266¬-0.1426364928483963¬09D¬NHS Brighton And Hove CCG¬01273555999¬bhccg.thehaven@nhs.net¬http://www.thehavenpractice.co.uk¬01273 540990
13245¬G81656¬GP¬UNKNOWN¬Visible¬True¬True¬Regency Surgery¬4 Old Steine¬¬¬Brighton¬East Sussex¬BN1 1FZ¬50.82196044921875¬-0.13615058362483978¬09D¬NHS Brighton And Hove CCG¬01273600103¬jeff.wood@nhs.net¬http://www.regencysurgery.nhs.uk/¬01273 620100
13246¬G81658¬GP¬UNKNOWN¬Visible¬True¬True¬The Station Practice¬Station Plaza Health Centre¬Station Approach¬¬Hastings¬East Sussex¬TN34 1BA¬50.857486724853516¬0.57829272747039795¬97R¬NHS East Sussex CCG¬01424464756¬¬http://www.thestationpractice.co.uk¬01424 464757
13249¬G81663¬GP¬UNKNOWN¬Visible¬True¬True¬Links Road Surgery¬27-29 Links Road¬Portslade¬¬Brighton¬East Sussex¬BN41 1XH¬50.837062835693359¬-0.20741389691829681¬09D¬NHS Brighton And Hove CCG¬01273412585¬¬http://www.linksroadsurgery.co.uk¬01273 885800
13250¬G81667¬GP¬UNKNOWN¬Visible¬True¬True¬St Luke's Surgery¬Grand Ocean Medical Centre¬Longridge Avenue¬¬Brighton¬East Sussex¬BN2 8BU¬50.802299499511719¬-0.03578566387295723¬09D¬NHS Brighton And Hove CCG¬01273302638¬bhccg.stlukessurgery@nhs.net¬http://www.stlukessurgerysaltdean.nhs.uk¬01273 307615
13251¬G81669¬GP¬UNKNOWN¬Visible¬True¬True¬Broadway Surgery¬179 Whitehawk Road¬¬¬Brighton¬East Sussex¬BN2 5FL¬50.825447082519531¬-0.1073722317814827¬09D¬NHS Brighton And Hove CCG¬01273600888¬¬http://www.thebroadwaysurgerywhitehawk.co.uk¬01273 605664
13254¬G81680¬GP¬UNKNOWN¬Visible¬True¬True¬Benfield Valley Healthcare Hub¬Portslade County Clinic¬Old Shoreham Road¬Portslade¬Brighton¬East Sussex¬BN41 1XR¬50.838104248046875¬-0.21020036935806274¬09D¬NHS Brighton And Hove CCG¬01273411229¬benfieldvalley.healthcarehub@nhs.net¬http://www.bvhh.co.uk/¬01273 412078
13255¬G81684¬GP¬UNKNOWN¬Visible¬True¬False¬Matlock Road Surgery¬10 Matlock Road¬¬¬Brighton¬East Sussex¬BN1 5BF¬50.843639373779297¬-0.15790057182312012¬09D¬NHS Brighton And Hove CCG¬01273562356¬¬http://www.matlockroadsurgerybrighton.co.uk/¬01273 562137
13257¬G81098003¬GP¬UNKNOWN¬Visible¬True¬True¬85 Battle Road¬¬¬¬Hailsham¬East Sussex¬BN27 1UA¬50.871822357177734¬0.26209643483161926¬97R¬NHS East Sussex CCG¬01323 848485¬¬http://www.quintinmedicalcentre.co.uk¬01323 847988
13260¬G81689¬GP¬UNKNOWN¬Visible¬True¬True¬Arch Healthcare - Morley Street Surgery¬Morley Street¬¬¬Brighton¬East Sussex¬BN2 9DH¬50.825897216796875¬-0.13420191407203674¬09D¬NHS Brighton And Hove CCG¬01273003930¬¬http://www.archhealthcare.uk¬01273 240956
13262¬G81694¬GP¬UNKNOWN¬Visible¬True¬True¬Dr Adolfo Gracia¬65-67 Ship Street¬¬¬Brighton¬East Sussex¬BN1 1AE¬50.821384429931641¬-0.14173908531665802¬09D¬NHS Brighton And Hove CCG¬01273778622¬shipstreetsurgery@nhs.net¬www.shipstreetsurgery.co.uk¬01273 776933
13263¬G82002¬GP¬UNKNOWN¬Visible¬True¬True¬St James' Surgery¬2 Harold Street¬¬¬Dover¬Kent¬CT16 1SF¬51.128513336181641¬1.3157159090042114¬91Q¬NHS Kent And Medway CCG¬01304225559¬¬http://www.st-james-surgery.co.uk¬
13265¬G82006¬GP¬UNKNOWN¬Visible¬True¬True¬Dartford East Health Centre¬Pilgrims Way¬¬¬Dartford¬Kent¬DA1 1QY¬51.440746307373047¬0.23692852258682251¬91Q¬NHS Kent And Medway CCG¬01322421480¬¬http://www.drshimminsandpartners.nhs.uk/¬01322 284329
13266¬G82007¬GP¬UNKNOWN¬Visible¬True¬True¬Church Lane Health Centre¬Church Lane¬¬¬New Romney¬Kent¬TN28 8ER¬50.984184265136719¬0.94117569923400879¬91Q¬NHS Kent And Medway CCG¬01797364756¬¬http://www.churchlanesurgerynewromney.nhs.uk¬01797 369880
13269¬G82228004¬GP¬UNKNOWN¬Visible¬True¬True¬Cossington House Surgery¬51 Cossington Road¬¬¬Canterbury¬Kent¬CT1 3HX¬51.272994995117187¬1.0866668224334717¬91Q¬NHS Kent And Medway CCG¬01227763377¬kmccg.cmp@nhs.net¬https://www.mysurgerywebsite.co.uk/info.aspx?p=18&pr=x82228¬01227 819048
13270¬G82013¬GP¬UNKNOWN¬Visible¬True¬True¬Amherst Medical Practice¬21 St Botolphs Road¬¬¬Sevenoaks¬Kent¬TN13 3AQ¬51.276618957519531¬0.18669003248214722¬91Q¬NHS Kent And Medway CCG¬01732459255¬¬www.amherstmedicalpractice.co.uk¬01732 450751
13271¬G82013001¬GP¬UNKNOWN¬Visible¬True¬True¬Brasted Surgery¬High Street¬Brasted¬¬Westerham¬Kent¬TN16 1HU¬51.275314331054688¬0.10574773699045181¬91Q¬NHS Kent And Medway CCG¬01959563811¬¬www.amherstmedicalpractice.co.uk¬01959 561926
13272¬G82014¬GP¬UNKNOWN¬Visible¬True¬True¬Woodlands Family Practice¬Woodlands Road¬¬¬Gillingham¬Kent¬ME7 2BU¬51.37841796875¬0.56665676832199097¬91Q¬NHS Kent And Medway CCG¬01634854431¬jo.nightingale@nhs.net¬http://www.woodlandsfamilypractice.nhs.uk/home¬01634 582344
13274¬G82015¬GP¬UNKNOWN¬Visible¬True¬True¬Pencester Surgery¬10-12 Pencester Road¬¬¬Dover¬Kent¬CT16 1BW¬51.127490997314453¬1.3121117353439331¬91Q¬NHS Kent And Medway CCG¬01304240553¬¬http://www.pencestersurgery.nhs.uk/¬01304 201773
13275¬G82016¬GP¬UNKNOWN¬Visible¬True¬True¬Kingswood Surgery¬Kingswood Road¬¬¬Tunbridge Wells¬Kent¬TN2 4UH¬51.132026672363281¬0.2763771116733551¬91Q¬NHS Kent And Medway CCG¬01892511833¬¬https://thekingswoodsurgery.nhs.uk/¬01892 517597
13276¬G82017¬GP¬UNKNOWN¬Visible¬True¬True¬Albion Place Medical Practice¬23-29 Albion Place¬¬¬Maidstone¬Kent¬ME14 5DY¬51.274204254150391¬0.52955633401870728¬91Q¬NHS Kent And Medway CCG¬01622235613¬¬https://www.albionplace.co.uk/¬
13277¬G82018¬GP¬UNKNOWN¬Visible¬True¬True¬Sun Lane Surgery¬5 Sun Lane¬¬¬Hythe¬Kent¬CT21 5JY¬51.071533203125¬1.087483286857605¬91Q¬NHS Kent And Medway CCG¬01303267102¬¬¬01303 265861
13278¬G82019¬GP¬UNKNOWN¬Visible¬True¬True¬Edenbridge Medical Practice¬Station Road¬¬¬Edenbridge¬Kent¬TN8 5ND¬51.201419830322266¬6.3754402101039886E-2¬91Q¬NHS Kent And Medway CCG¬01732865055¬admin.edenbridge@nhs.net¬http://www.edenbridgemedicalpractice.nhs.uk¬01732 862376
13279¬G82020¬GP¬UNKNOWN¬Visible¬True¬True¬The Grange Practice¬Montefiore Medical Centre¬Dumpton Park Drive¬¬Ramsgate¬Kent¬CT11 8AD¬51.338726043701172¬1.4272372722625732¬91Q¬NHS Kent And Medway CCG¬01843572740¬¬http://www.thegrangepracticeramsgate.nhs.uk¬01843 572741
13280¬G82021001¬GP¬UNKNOWN¬Visible¬True¬True¬Riverview Park Surgery¬1 Whinfell Way¬¬¬Gravesend¬Kent¬DA12 4RX¬51.418960571289063¬0.39587843418121338¬91Q¬NHS Kent And Medway CCG¬01474363020¬¬¬01474 568861
13281¬G82021¬GP¬UNKNOWN¬Visible¬True¬True¬The Shrubbery Surgery¬65A Perry Street¬Northfleet¬¬Gravesend¬Kent¬DA11 8RD¬51.433242797851563¬0.35110238194465637¬91Q¬NHS Kent And Medway CCG¬01474356661¬¬¬01474 534542
13282¬G82022001¬GP¬UNKNOWN¬Visible¬True¬True¬Dr Sawyer & Partners¬The Old Bakery¬Penshurst Road¬Speldhurst¬Tunbridge Wells¬Kent¬TN3 0PE¬51.152019500732422¬0.21650069952011108¬91Q¬NHS Kent And Medway CCG¬01892863040¬¬http://www.doctorsawyerandpartners.co.uk/¬01892 861462
13283¬G82022¬GP¬UNKNOWN¬Visible¬True¬True¬Speldhurst & Greggswood Medical Group¬Medical Centre¬Greggs Wood Road¬¬Tunbridge Wells¬Kent¬TN2 3JL¬51.142932891845703¬0.28623539209365845¬91Q¬NHS Kent And Medway CCG¬01892541444¬¬http://www.doctorsawyerandpartners.co.uk/¬01892 511157
13284¬G82023¬GP¬UNKNOWN¬Visible¬True¬True¬Sheerness Health Centre¬250-262 High Street¬¬¬Sheerness¬Kent¬ME12 1UP¬51.436119079589844¬0.76665329933166504¬91Q¬NHS Kent And Medway CCG¬01795580909¬¬http://www.drfahmyandpatelpractice.nhs.uk¬01795 585841
13285¬G82023001¬GP¬UNKNOWN¬Visible¬True¬True¬Dr S. Patel¬High Street¬Queenborough¬¬Isle Of Sheppy¬Kent¬ME11 5AQ¬51.416805267333984¬0.74616914987564087¬91Q¬NHS Kent And Medway CCG¬01795583828¬¬http://www.drfahmyandpatelpractice.nhs.uk¬01795 665300
13286¬G82024¬GP¬UNKNOWN¬Visible¬True¬True¬Greensand Health Centre¬3 Stockett Lane¬Coxheath¬¬Maidstone¬Kent¬ME17 4PS¬51.233715057373047¬0.49495205283164978¬91Q¬NHS Kent And Medway CCG¬01622745585¬mydoctor@nhs.net¬http://www.greensandhealth.co.uk¬01622 743346
13287¬G82025¬GP¬UNKNOWN¬Visible¬True¬True¬Clanricarde Medical Centre¬Abbey Court¬7-15 St Johns Road¬¬Tunbridge Wells¬Kent¬TN4 9TF¬51.137752532958984¬0.26123392581939697¬91Q¬NHS Kent And Medway CCG¬01892546422¬¬www.clanricardemedicalcentre.co.uk¬01892 533987
13288¬G82026¬GP¬UNKNOWN¬Visible¬True¬True¬Grovehurst Surgery¬Grovehurst Road¬Kemsley¬¬Sittingbourne¬Kent¬ME10 2ST¬51.362529754638672¬0.73557180166244507¬91Q¬NHS Kent And Medway CCG¬01795430444¬grovehurst.surgery@nhs.net¬https://www.thegrovehurstsurgery.nhs.uk¬01795 410539
13289¬G82027¬GP¬UNKNOWN¬Visible¬True¬True¬Faversham Medical Practice ¬Faversham Health Centre¬Bank Street¬¬Faversham¬Kent¬ME13 8QR¬51.31451416015625¬0.88928186893463135¬91Q¬NHS Kent And Medway CCG¬01795562011¬¬http://www.favershammedicalpractice.nhs.uk¬01795 562014
13290¬G82028¬GP¬UNKNOWN¬Visible¬True¬True¬The Cedars Surgery¬26 Swanley Centre¬¬¬Swanley¬Kent¬BR8 7AH¬51.3958740234375¬0.17375640571117401¬91Q¬NHS Kent And Medway CCG¬01322663111¬¬¬01322 614867
13294¬G82031¬GP¬UNKNOWN¬Visible¬True¬True¬Bower Mount Medical Practice¬1 Bower Mount Road¬¬¬Maidstone¬Kent¬ME16 8AX¬51.273704528808594¬0.50688862800598145¬91Q¬NHS Kent And Medway CCG¬01622756721¬¬http://www.bowermountmedical.co.uk¬01622 356751
13295¬G82032001¬GP¬UNKNOWN¬Visible¬True¬True¬Dr Moran S G & Partners¬116 St Gregorys Crescent¬¬¬Gravesend¬Kent¬DA12 4JW¬51.427700042724609¬0.38943022489547729¬91Q¬NHS Kent And Medway CCG¬01474369436¬¬¬01474 324136
13296¬G82032¬GP¬UNKNOWN¬Visible¬True¬True¬Pelham Medical Practice¬17 Pelham Road¬¬¬Gravesend¬Kent¬DA11 0HN¬51.440345764160156¬0.36320957541465759¬91Q¬NHS Kent And Medway CCG¬01474355331¬¬¬01474 369599
13297¬G82035¬GP¬UNKNOWN¬Visible¬True¬True¬The Chestnuts Surgery¬70 East Street¬¬¬Sittingbourne¬Kent¬ME10 4RU¬51.338413238525391¬0.74382013082504272¬91Q¬NHS Kent And Medway CCG¬01795470794¬¬¬01795 430179
13298¬G82036¬GP¬UNKNOWN¬Visible¬True¬True¬Balmoral Surgery¬Canada Road¬Walmer¬¬Deal¬Kent¬CT14 7EQ¬51.213294982910156¬1.399288535118103¬91Q¬NHS Kent And Medway CCG¬01304373444¬¬https://www.balmoralsurgery.com/¬
13299¬G82037002¬GP¬UNKNOWN¬Visible¬True¬True¬Hildenborough & Tonbridge Medical Group - Leigh Surgery¬Rear Of Village Hall, High Street¬High Street¬Leigh¬Leigh, Tonbridge¬Kent¬TN11 8RW¬51.196063995361328¬0.20923873782157898¬91Q¬NHS Kent And Medway CCG¬01732838777¬¬http://www.htmedicalgroup.co.uk¬
13300¬G82037001¬GP¬UNKNOWN¬Visible¬True¬True¬Hildenborough & Tonbridge Medical Group - Trenchwood ¬Trenchwood Medical Centre, 264 Shipbourne Road¬¬¬Tonbridge¬Kent¬TN10 3ET¬51.212612152099609¬0.27957645058631897¬91Q¬NHS Kent And Medway CCG¬01732352784¬¬http://www.htmedicalgroup.co.uk¬01732 773969
13301¬G82037¬GP¬UNKNOWN¬Visible¬True¬True¬Hildenborough & Tonbridge Medical Group -  Hildenborough¬Hildenborough Medical Centre¬Westwood¬Tonbridge Road¬Hildenborough¬Kent¬TN11 9HL¬51.215118408203125¬0.24388730525970459¬91Q¬NHS Kent And Medway CCG¬01732838777¬¬http://www.htmedicalgroup.co.uk¬01732 838297
13302¬G82037003¬GP¬UNKNOWN¬Visible¬True¬True¬Hildenborough & Tonbridge Medical Group - Weald Surgery¬Morley's Road¬Weald¬¬Weald, Sevenoaks¬Kent¬TN14 6QX¬51.236782073974609¬0.19745036959648132¬91Q¬NHS Kent And Medway CCG¬01732838777¬¬http://www.htmedicalgroup.co.uk¬
13303¬G82038¬GP¬UNKNOWN¬Visible¬True¬True¬St Richards Road Surgery¬227 St Richard's Road¬¬¬Deal¬Kent¬CT14 9LF¬51.211944580078125¬1.3760168552398682¬91Q¬NHS Kent And Medway CCG¬01304364111¬skcccg.strichardsroadsurgery@nhs.net¬http://www.strichardsroadsurgery.nhs.uk¬01304 363809
13304¬G82039¬GP¬UNKNOWN¬Visible¬True¬True¬Newton Place Surgery¬Newton Road¬¬¬Faversham¬Kent¬ME13 8FH¬51.313243865966797¬0.89198797941207886¬91Q¬NHS Kent And Medway CCG¬01795530777¬ccccg.newtonplacereception@nhs.net¬https://www.newtonplacesurgery.nhs.uk/¬
13306¬G82041¬GP¬UNKNOWN¬Visible¬True¬True¬Grosvenor & St James Medical Practice¬23 Upper Grosvenor Road¬¬¬Tunbridge Wells¬Kent¬TN1 2DX¬51.137424468994141¬0.26436278223991394¬91Q¬NHS Kent And Medway CCG¬01892544777¬¬http://www.gsjmedicalpractice.co.uk¬01892 544733
13307¬G82042¬GP¬UNKNOWN¬Visible¬True¬True¬Tonbridge Medical Group¬64 Pembury Road¬¬¬Tonbridge¬Kent¬TN9 2JG¬51.185825347900391¬0.27552115917205811¬91Q¬NHS Kent And Medway CCG¬01732352907¬¬www.tonbridgemedicalgroup.co.uk¬01732 367408
13308¬G82042001¬GP¬UNKNOWN¬Visible¬True¬True¬Tonbridge Medical Group¬9 Higham Lane¬¬¬Tonbridge¬Kent¬TN10 4JB¬51.208950042724609¬0.29289719462394714¬91Q¬NHS Kent And Medway CCG¬01732352907¬pmanager21@nhs.net¬http://www.tonbridgemedicalgroup.co.uk/¬01732 367408
13311¬G82044¬GP¬UNKNOWN¬Visible¬True¬True¬Springhead Health¬Building B¬Fleet Health Campus¬Vale Road¬Northfleet¬Kent¬DA11 8BZ¬51.435150146484375¬0.34327247738838196¬91Q¬NHS Kent And Medway CCG¬01474 543100¬springheadhealth.admin@nhs.net¬¬
13313¬G82046¬GP¬UNKNOWN¬Visible¬True¬True¬Summerhill Surgery¬243 Margate Road¬¬¬Ramsgate¬Kent¬CT12 6SU¬51.347549438476562¬1.4070538282394409¬91Q¬NHS Kent And Medway CCG¬01843591758¬¬www.summerhillsurgery.co.uk¬01843 580370
13314¬G82048¬GP¬UNKNOWN¬Visible¬True¬True¬Horsman's Place Surgery¬Instone Road¬¬¬Dartford¬Kent¬DA1 2JP¬51.442466735839844¬0.21496644616127014¬91Q¬NHS Kent And Medway CCG¬01322299790¬¬http://www.horsmansplacesurgery.co.uk/¬01322 292202
13315¬G82049¬GP¬UNKNOWN¬Visible¬True¬True¬Hollington Surgery¬Blue Line Lane¬¬¬Ashford¬Kent¬TN24 8UN¬51.151420593261719¬0.87250137329101563¬91Q¬NHS Kent And Medway CCG¬01233622361¬hollingtonsurgery@nhs.net¬http://www.hollingtonsurgery.co.uk¬01233 647621
13316¬G82050¬GP¬UNKNOWN¬Visible¬True¬True¬Sydenham House Medical Centre¬Mill Court¬¬¬Ashford¬Kent¬TN24 8DN¬51.146335601806641¬0.88032197952270508¬91Q¬NHS Kent And Medway CCG¬01233645851¬¬http://www.sydenhamhouse.co.uk¬01233 638281
13317¬G82051¬GP¬UNKNOWN¬Visible¬True¬True¬City Way Surgery¬65 - 67 City Way¬¬¬Rochester¬Kent¬ME1 2AY¬51.372108459472656¬0.51119846105575562¬91Q¬NHS Kent And Medway CCG¬01634843351¬citywaymedicalpractice@nhs.net¬https://www.citywaymedicalpractice.co.uk¬
13318¬G82052¬GP¬UNKNOWN¬Visible¬True¬True¬The Limes Medical Centre¬Trinity Square¬¬¬Margate¬Kent¬CT9 1QY¬51.390975952148438¬1.3854087591171265¬91Q¬NHS Kent And Medway CCG¬01843222788¬¬www.thelimessurgery.nhs.uk¬01843 222789
13319¬G82053¬GP¬UNKNOWN¬Visible¬True¬False¬Woodchurch Surgery¬Front Road¬Woodchurch¬¬Ashford¬Kent¬TN26 3SF¬51.074981689453125¬0.77480250597000122¬91Q¬NHS Kent And Medway CCG¬01233860236¬accg.woodchurchsurgery@nhs.net¬http://www.woodchurchsurgery.co.uk/¬
13320¬G82055¬GP¬UNKNOWN¬Visible¬True¬False¬North Ridge Medical Practice¬North Ridge¬Rye Road¬Hawkhurst¬Cranbrook¬Kent¬TN18 4EX¬51.047119140625¬0.51074063777923584¬91Q¬NHS Kent And Medway CCG¬01580753935¬north.ridge@nhs.net¬www.north-ridge-surgery.co.uk¬01580 754452
13321¬G82056¬GP¬UNKNOWN¬Visible¬True¬True¬The Orchard Practice¬Dartford West Health Centre¬Tower Road¬¬Dartford¬Kent¬DA1 2HA¬51.44586181640625¬0.2070571631193161¬91Q¬NHS Kent And Medway CCG¬01322223960¬¬www.theorchardpractice.co.uk¬01322 290613
13322¬G82057003¬GP¬UNKNOWN¬Visible¬True¬True¬Dr A S Pannu & Partners¬5 Jetty Road¬Warden Bay¬¬Isle Of Sheppey¬Kent¬ME12 4PS¬51.406196594238281¬0.90843600034713745¬91Q¬NHS Kent And Medway CCG¬01795 511882¬¬http://www.saintgeorgesmedicalcentre.co.uk/¬01795 878120
13323¬G82057¬GP¬UNKNOWN¬Visible¬True¬True¬St Georges Medical Centre¬55 St Georges Avenue¬Sheerness¬¬Isle Of Sheppey¬Kent¬ME12 1QU¬51.436180114746094¬0.76242655515670776¬91Q¬NHS Kent And Medway CCG¬01795 582880¬¬http://www.saintgeorgesmedicalcentre.co.uk/¬01795 663221
13324¬G82057002¬GP¬UNKNOWN¬Visible¬True¬True¬Dr A S Pannu & Partners¬36 Leysdown Road¬Leysdown¬¬Isle Of Sheppey¬Kent¬ME12 4RE¬51.397666931152344¬0.91975659132003784¬91Q¬NHS Kent And Medway CCG¬01795 511031¬¬http://www.saintgeorgesmedicalcentre.co.uk/¬01795 878108
13325¬G82057001¬GP¬UNKNOWN¬Visible¬True¬True¬Dr A S Pannu & Partners¬62 High Street¬Eastchurch¬¬Isle Of Sheppey¬Kent¬ME12 4BN¬51.406890869140625¬0.86087930202484131¬91Q¬NHS Kent And Medway CCG¬01795 881109¬¬http://www.saintgeorgesmedicalcentre.co.uk/¬01795 884430
13326¬G82058¬GP¬UNKNOWN¬Visible¬True¬True¬Aylesford Medical Centre¬Admiral Moore Drive¬Royal British Legion¬Aylesford¬Maidstone¬Kent¬ME20 7SE¬51.295188903808594¬0.47562536597251892¬91Q¬NHS Kent And Medway CCG¬01622885880¬¬http://www.aylesfordmedicalcentre.nhs.uk¬01622 790436
13327¬G82059¬GP¬UNKNOWN¬Visible¬True¬True¬Warders Medical Centre¬Warders¬East Street¬¬Tonbridge¬Kent¬TN9 1LA¬51.197410583496094¬0.27922672033309937¬91Q¬NHS Kent And Medway CCG¬01732770088¬¬www.warders.co.uk¬01732 770033
13328¬G82059001¬GP¬UNKNOWN¬Visible¬True¬True¬Warders Medical Centre Penshurst¬Village Hall¬Penshurst¬¬Tonbridge¬Kent¬TN11 8BP¬51.172504425048828¬0.18164618313312531¬91Q¬NHS Kent And Medway CCG¬01732770088¬¬http://www.warders.co.uk/¬01892 871353
13329¬G82060002¬GP¬UNKNOWN¬Visible¬True¬True¬Blean Surgery¬11 Tyler Hill Road¬Blean¬¬Canterbury¬Kent¬CT2 9HP¬51.306964874267578¬1.0441317558288574¬91Q¬NHS Kent And Medway CCG¬01227764211¬¬http://www.northgatemedicalpractice.com¬01227 786529
13330¬G82060¬GP¬UNKNOWN¬Visible¬True¬True¬Northgate Medical Practice¬1 Northgate¬¬¬Canterbury¬Kent¬CT1 1WL¬51.284347534179688¬1.0868542194366455¬91Q¬NHS Kent And Medway CCG¬01227208556¬ccccg.northgatemedicalpractice@nhs.net¬http://www.northgatemedicalpractice.com/¬0870 8902435
13331¬G82060003¬GP¬UNKNOWN¬Visible¬True¬True¬Chartham Surgery¬Parish Road¬Parish Road¬Chartham¬Canterbury¬Kent¬CT4 7JU¬51.255996704101562¬1.0134123563766479¬91Q¬NHS Kent And Medway CCG¬01227 738224¬ccccg.northgatemedicalpractice@nhs.net¬¬01227 732115
13332¬G82062¬GP¬UNKNOWN¬Visible¬True¬True¬Parrock Street Surgery¬Parrock Surgery¬186-187 Parrock Street¬¬Gravesend¬Kent¬DA12 1EN¬51.441238403320313¬0.37115591764450073¬91Q¬NHS Kent And Medway CCG¬01474567888¬¬http://www.parrocksurgery.co.uk¬01474 536999
13333¬G82063¬GP¬UNKNOWN¬Visible¬True¬True¬Market Place Surgery¬Cattle Market¬¬¬Sandwich¬Kent¬CT13 9ET¬51.274070739746094¬1.3373782634735107¬91Q¬NHS Kent And Medway CCG¬01304619790¬¬http://marketplacesurgery.co.uk¬01304 610489
13335¬G82064¬GP¬UNKNOWN¬Visible¬True¬True¬Dashwood Medical Centre¬158-160 Grange Road¬¬¬Ramsgate¬Kent¬CT11 9PR¬51.336410522460937¬1.4049491882324219¬91Q¬NHS Kent And Medway CCG¬01843 266322¬¬¬
13337¬G82066¬GP¬UNKNOWN¬Visible¬True¬True¬Northdown Surgery¬St Anthony's Way¬Cliftonville¬¬Margate¬Kent¬CT9 2TR¬51.382667541503906¬1.4063143730163574¬91Q¬NHS Kent And Medway CCG¬01843231661¬tccg.northdownadministration@nhs.net¬http://www.northdownsurgery.org.uk¬01843 231231
13338¬G82067001¬GP¬UNKNOWN¬Visible¬True¬True¬Old Road West Surgery - Mackenzie Way (Branch Surgery)¬264 Mackenzie Way¬¬¬Gravesend¬Kent¬DA12 5TY¬51.411830902099609¬0.38395741581916809¬91Q¬NHS Kent And Medway CCG¬01474566497¬¬¬01474 532981
13339¬G82067¬GP¬UNKNOWN¬Visible¬True¬True¬Old Road West Surgery¬30 Old Road West¬¬¬Gravesend¬Kent¬DA11 0LL¬51.43365478515625¬0.36720937490463257¬91Q¬NHS Kent And Medway CCG¬01474352075¬oldroadwest@nhs.net¬http://www.oldroadwestsurgery.co.uk¬01474 333952
13340¬G82069¬GP¬UNKNOWN¬Visible¬True¬True¬White House Surgery¬The White House¬1 Cheriton High Street¬¬Folkestone¬Kent¬CT19 4PU¬51.087429046630859¬1.1460704803466797¬91Q¬NHS Kent And Medway CCG¬01303275434¬¬¬01303 271921
13341¬G82071001¬GP¬UNKNOWN¬Visible¬True¬True¬Chestfield Medical Centre¬Reeves Way¬Chestfield¬¬Whitstable¬Kent¬CT5 3QU¬51.358879089355469¬1.0652737617492676¬91Q¬NHS Kent And Medway CCG¬01227795130¬¬¬01227 794677
13342¬G82071¬GP¬UNKNOWN¬Visible¬True¬True¬Estuary View Medical Centre¬Estuary View Business Park¬Boorman Way¬¬Whitstable¬Kent¬CT5 3SE¬51.34088134765625¬1.0126465559005737¬91Q¬NHS Kent And Medway CCG¬01227284300¬¬www.whitstablemedicalpractice.co.uk¬01227 284302
13343¬G82071004¬GP¬UNKNOWN¬Visible¬True¬True¬Whitstable Health Centre¬Harbour Street¬¬¬Whitstable¬Kent¬CT5 1BZ¬51.362709045410156¬1.0300276279449463¬91Q¬NHS Kent And Medway CCG¬01227284320¬¬¬01227 771474
13344¬G82072¬GP¬UNKNOWN¬Visible¬True¬True¬Orchard House¬Bleak Road¬¬¬Lydd¬Kent¬TN29 9AE¬50.94989013671875¬0.90484917163848877¬91Q¬NHS Kent And Medway CCG¬01797320307¬¬¬01797 320051
13345¬G82073¬GP¬UNKNOWN¬Visible¬False¬True¬Meopham Medical Centre¬Wrotham Road¬Meopham¬¬Gravesend¬Kent¬DA13 0AH¬51.368900299072266¬0.3597295880317688¬91Q¬NHS Kent And Medway CCG¬01474814288¬¬¬01474 814699
13346¬G82074¬GP¬UNKNOWN¬Visible¬True¬True¬Bearsted Medical Practice¬Yeoman Lane¬Bearsted¬¬Maidstone¬Kent¬ME14 4DS¬51.267982482910156¬0.57275474071502686¬91Q¬NHS Kent And Medway CCG¬01622737326¬¬¬01622 730745
13347¬G82041001¬GP¬UNKNOWN¬Visible¬True¬True¬St James Medical Centre¬11 Carlton Road¬¬¬Tunbridge Wells¬Kent¬TN1 2HW¬51.133785247802734¬0.27257543802261353¬91Q¬NHS Kent And Medway CCG¬1892541634¬¬http://www.stjamesmc.co.uk¬01892 545170
13348¬G82076001¬GP¬UNKNOWN¬Visible¬True¬True¬Loose Medical Centre¬1 Boughton Lane¬Boughton Parade¬Loose¬Maidstone¬Kent¬ME15 9QD¬51.252704620361328¬0.52765929698944092¬91Q¬NHS Kent And Medway CCG¬01622 744 644¬¬https://www.themotemedicalpractice.co.uk¬
13349¬G82076¬GP¬UNKNOWN¬Visible¬True¬True¬The Mote Medical Practice¬St Saviours Road¬¬¬Maidstone¬Kent¬ME15 9FL¬51.246875762939453¬0.54563885927200317¬91Q¬NHS Kent And Medway CCG¬01622 756 888¬¬https://www.themotemedicalpractice.co.uk¬
13350¬G82077¬GP¬UNKNOWN¬Visible¬False¬False¬The Elms Medical Centre¬Tilley Close Main Road¬Hoo Rochester¬¬Rochester¬Kent¬ME3 9AE¬51.420097351074219¬0.55774354934692383¬91Q¬NHS Kent And Medway CCG¬01634250142¬¬¬01634 255029
13351¬G82077003¬GP¬UNKNOWN¬Visible¬False¬False¬Dr Mara Hk & Partners¬Avery Way¬Allhallows¬¬Rochester¬Kent¬ME3 9NY¬51.472629547119141¬0.64764845371246338¬91Q¬NHS Kent And Medway CCG¬01634270345¬¬¬
13352¬G82077002¬GP¬UNKNOWN¬Visible¬False¬False¬Dr Mara Hk & Partners¬Recreation Hall¬High Halstow¬¬Rochester¬Kent¬ME3 8SF¬51.448516845703125¬0.5614621639251709¬91Q¬NHS Kent And Medway CCG¬01634254480¬¬http://www.elmsmedicalkent.nhs.uk¬
13353¬G82077001¬GP¬UNKNOWN¬Visible¬False¬False¬Dr Mara Hk & Partners¬Village Hall¬Grain¬¬Rochester¬Kent¬ME3 0BY¬51.454513549804688¬0.71579807996749878¬91Q¬NHS Kent And Medway CCG¬01634270791¬¬¬
13354¬G82079¬GP¬UNKNOWN¬Visible¬True¬True¬Westgate Surgery¬60 Westgate Bay Avenue¬¬¬Westgate On Sea¬Kent¬CT8 8SN¬51.383144378662109¬1.338313102722168¬91Q¬NHS Kent And Medway CCG¬01843 831335¬tccg.westgatepatient@nhs.net¬http://www.westgatesurgery.nhs.uk¬
13355¬G82080¬GP¬UNKNOWN¬Visible¬True¬True¬Willesborough Health Centre¬Bentley Road¬Willesborough¬¬Ashford¬Kent¬TN24 0HZ¬51.136737823486328¬0.8988533616065979¬91Q¬NHS Kent And Medway CCG¬01233621626¬¬www.willesboroughhealthcentre.co.uk¬01233 622930
13356¬G82082001¬GP¬UNKNOWN¬Visible¬True¬True¬Canterbury Health Centre¬26 Old Dover Road¬¬¬Canterbury¬Kent¬CT1 3JH¬51.274242401123047¬1.0829647779464722¬91Q¬NHS Kent And Medway CCG¬01227452444¬¬http://www.sturrysurgery.co.uk¬01227 780646
13357¬G82082¬GP¬UNKNOWN¬Visible¬True¬True¬Sturry Surgery¬53 Island Road¬Sturry¬¬Canterbury¬Kent¬CT2 0EF¬51.304466247558594¬1.1302922964096069¬91Q¬NHS Kent And Medway CCG¬01227710372¬¬www.sturrysurgery.co.uk¬01227 713060
13358¬G82083¬GP¬UNKNOWN¬Visible¬True¬True¬Thornhills Medical Practice¬Larkfield Health Centre¬Thornhills Medical Practice¬Martin Square Larkfield¬Aylesford¬Kent¬ME20 6QJ¬51.300117492675781¬0.44094282388687134¬91Q¬NHS Kent And Medway CCG¬01732 849980¬¬http://www.thornhillsmedical.nhs.uk¬0845 6026113
13359¬G82085¬GP¬UNKNOWN¬Visible¬True¬True¬Snodland Medical Practice¬Catts Alley¬¬¬Snodland¬Kent¬ME6 5SN¬51.326618194580078¬0.44194820523262024¬91Q¬NHS Kent And Medway CCG¬01634240296¬¬www.snodlandsurgery.org.uk¬01634 245820
13360¬G82086¬GP¬UNKNOWN¬Visible¬True¬True¬The New Surgery¬128 Canterbury Road¬¬¬Folkestone¬Kent¬CT19 5SR¬51.089149475097656¬1.1818655729293823¬91Q¬NHS Kent And Medway CCG¬01303243516¬skcccg.thenewsurgeryadmin@nhs.net¬¬01303 244633
13361¬G82087¬GP¬UNKNOWN¬Visible¬True¬True¬New Hayesbank Surgery¬Cemetery Lane¬Bybrook¬Kennington¬Ashford¬Kent¬TN24 9JZ¬51.157600402832031¬0.87876385450363159¬91Q¬NHS Kent And Medway CCG¬01233624642¬¬http://www.hayesbankmedical.com¬
13362¬G82088¬GP¬UNKNOWN¬Visible¬True¬True¬Devon Road Surgery¬32 Devon Road¬South Darenth¬¬Dartford¬Kent¬DA4 9AB¬51.403709411621094¬0.24318675696849823¬91Q¬NHS Kent And Medway CCG¬01322862121¬gp.g82088@nhs.net¬http://www.devonroadsurgery.co.uk¬
13363¬G82089¬GP¬UNKNOWN¬Visible¬True¬True¬Drs Johnson, Garrett & Mitchell¬4 Brewer Street¬¬¬Maidstone¬Kent¬ME14 1RU¬51.277130126953125¬0.52362281084060669¬91Q¬NHS Kent And Medway CCG¬01622755401¬¬http://www.brewerstreetsurgery.nhs.uk¬01622 695378
13364¬G82090002¬GP¬UNKNOWN¬Visible¬True¬True¬Beltinge & Reculver Surgery¬269 Reculver Road¬Beltinge¬¬Herne Bay¬Kent¬CT6 6SR¬51.369163513183594¬1.1701129674911499¬91Q¬NHS Kent And Medway CCG¬01227374902¬¬http://www.theheronmedicalpractice.co.uk¬01227 376002
13365¬G82090¬GP¬UNKNOWN¬Visible¬True¬True¬The Heron Medical Practice¬161 Station Road¬¬¬Herne Bay¬Kent¬CT6 5NF¬51.371326446533203¬1.1211296319961548¬91Q¬NHS Kent And Medway CCG¬01227742226¬¬http://www.theheronmedicalpractice.co.uk¬01227 741439
13367¬G82091¬GP¬UNKNOWN¬Visible¬True¬True¬Guildhall Street Surgery¬65-69 Guildhall Street¬¬¬Folkestone¬Kent¬CT20 1EJ¬51.082359313964844¬1.1778292655944824¬91Q¬NHS Kent And Medway CCG¬01303851411¬¬http://www.guildhallsurgery.nhs.uk/¬
13368¬G82092001¬GP¬UNKNOWN¬Visible¬True¬True¬Dr Skinner A J & Partners¬173 Main Road¬Sundridge¬¬Sevenoaks¬Kent¬TN14 6EH¬51.277885437011719¬0.12407556921243668¬91Q¬NHS Kent And Medway CCG¬01959 562531¬westerham.enquiries@nhs.net¬https://www.thewesterhampractice.co.uk¬
13369¬G82092¬GP¬UNKNOWN¬Visible¬True¬True¬Westerham Practice¬Market Square¬¬¬Westerham¬Kent¬TN16 1RB¬51.266464233398438¬7.0451609790325165E-2¬91Q¬NHS Kent And Medway CCG¬01959 564949¬westerham.enquiries@nhs.net¬https://www.thewesterhampractice.co.uk¬
13370¬G82093001¬GP¬UNKNOWN¬Visible¬True¬False¬The Glebe Medical Centre¬Church Road¬Harrietsham¬¬Maidstone¬Kent¬ME17 1AP¬51.243873596191406¬0.68194454908370972¬91Q¬NHS Kent And Medway CCG¬01622859204¬¬www.lenvalleypractice.co.uk¬01622 851940
13371¬G82093¬GP¬UNKNOWN¬Visible¬True¬False¬Len Valley Practice¬Groom Way¬Lenham¬¬Maidstone¬Kent¬ME17 2QF¬51.237388610839844¬0.72285884618759155¬91Q¬NHS Kent And Medway CCG¬01622858341¬¬www.lenvalleypractice.co.uk¬01622 851004
13372¬G82094¬GP¬UNKNOWN¬Visible¬True¬False¬The Charing Medical Partnership¬1 Surgery Close¬Charing¬¬Ashford¬Kent¬TN27 0AW¬51.209709167480469¬0.79138797521591187¬91Q¬NHS Kent And Medway CCG¬01233714490¬charingsurgery@nhs.net¬http://www.charingpractice.co.uk/¬
13373¬G82095¬GP¬UNKNOWN¬Visible¬True¬True¬Thorndike Surgery¬Thorndike Medical Centre¬Longley Road¬¬Rochester¬Kent¬ME1 2TH¬51.380802154541016¬0.50289338827133179¬91Q¬NHS Kent And Medway CCG¬01634817217¬thorndike@nhs.net¬https://www.thorndike.nhs.uk¬
13376¬G82097¬GP¬UNKNOWN¬Visible¬True¬True¬Jubilee Medical Group¬36 Station Road¬¬¬Longfield¬Kent¬DA3 7QD¬51.397800445556641¬0.30031737685203552¬91Q¬NHS Kent And Medway CCG¬01474702127¬gp.g82097@nhs.net¬http://www.jubileemg.nhs.uk¬01474 704735
13377¬G82097001¬GP¬UNKNOWN¬Visible¬True¬True¬Jubilee Medical Group¬New Ash Green¬¬¬Gravesend¬Kent¬DA3 8RH¬51.366767883300781¬0.30525538325309753¬91Q¬NHS Kent And Medway CCG¬01474873828¬gp.g82097@nhs.net¬http://www.jubileemg.nhs.uk¬01474 879472
13378¬G82098¬GP¬UNKNOWN¬Visible¬True¬True¬Blackthorn Medical Centre¬St Andrews Road¬Barming¬¬Maidstone¬Kent¬ME16 9AN¬51.267650604248047¬0.48537006974220276¬91Q¬NHS Kent And Medway CCG¬01622726277¬¬¬01622 725774
13379¬G82099001¬GP¬UNKNOWN¬Visible¬True¬True¬College Practice Barming¬Marigold Way¬Barming¬¬Maidstone¬Kent¬ME16 0ZJ¬51.270534515380859¬0.4829307496547699¬91Q¬NHS Kent And Medway CCG¬01622752345¬thecollegepractice@doctor.com¬www.thecollegepractice.co.uk¬01622 726877
13380¬G82099¬GP¬UNKNOWN¬Visible¬True¬True¬The College Practice¬50-52 College Road¬¬¬Maidstone¬Kent¬ME15 6SB¬51.268398284912109¬0.5222698450088501¬91Q¬NHS Kent And Medway CCG¬01622752345¬¬https://www.thecollegepractice.co.uk¬01622 758133
13381¬G82100002¬GP¬UNKNOWN¬Visible¬True¬True¬Highparks Medical Practice¬Hermitage Road¬¬¬Rochester¬Kent¬ME3 7DB¬51.415874481201172¬0.46144533157348633¬91Q¬NHS Kent And Medway CCG¬01474823841¬¬¬01474 824155
13382¬G82100001¬GP¬UNKNOWN¬Visible¬True¬True¬Highparks Medical Practice¬Cliffe Surgery¬Millcroft Road¬¬Rochester¬Kent¬ME3 7QN¬51.456111907958984¬0.49833151698112488¬91Q¬NHS Kent And Medway CCG¬01634220203¬¬¬01634 220820
13383¬G82103¬GP¬UNKNOWN¬Visible¬True¬True¬Abbey Court¬Abbey Court Medical Centre¬3rd Floor Abbey Court¬7-15 St Johns Road¬Tunbridge Wells¬Kent¬TN4 9TF¬51.137752532958984¬0.26123392581939697¬91Q¬NHS Kent And Medway CCG¬01892520027¬¬¬01892 540833
13384¬G82099002¬GP¬UNKNOWN¬Visible¬True¬True¬Allington Clinic¬26 Tichborne Close¬Allington¬¬Maidstone¬Kent¬ME16 0RY¬51.285236358642578¬0.49585682153701782¬91Q¬NHS Kent And Medway CCG¬01622679020¬¬¬01622 679198
13386¬G82105¬GP¬UNKNOWN¬Visible¬True¬True¬Bethesda Medical Centre¬Palm Bay Avenue¬Cliftonville¬¬Margate¬Kent¬CT9 3NR¬51.390274047851562¬1.4148015975952148¬91Q¬NHS Kent And Medway CCG¬01843209300¬¬https://BethesdaMC.co.uk¬01843 209301
13387¬G82106001¬GP¬UNKNOWN¬Visible¬True¬True¬Cuxton Medical Centre¬19A Wood Street¬Cuxton¬¬Rochester¬Kent¬ME2 1LT¬51.373268127441406¬0.45391404628753662¬91Q¬NHS Kent And Medway CCG¬01634714317¬¬http://www.riversidemedicalpractice.com¬
13388¬G82106¬GP¬UNKNOWN¬Visible¬True¬True¬Halling Medical Centre¬Ferry Road¬Ferry Road¬Halling¬Rochester¬Kent¬ME2 1NP¬51.348972320556641¬0.4477037787437439¬91Q¬NHS Kent And Medway CCG¬01634240238¬¬http://www.riversidemedicalpractice.com¬01634 242911
13389¬G82107¬GP¬UNKNOWN¬Visible¬True¬True¬Minster Surgery¬75 High Street¬Minster¬¬Ramsgate¬Kent¬CT12 4AB¬51.334400177001953¬1.31488037109375¬91Q¬NHS Kent And Medway CCG¬01843821333¬¬http://www.minstersurgery-thanet.co.uk/¬01843 823146
13390¬G82107001¬GP¬UNKNOWN¬Visible¬False¬True¬Dr Crosfield C E & Partners¬Village Hall¬The Length¬St Nicholas At Wade¬Birchington¬Kent¬CT7 0PW¬51.352832794189453¬1.255461573600769¬91Q¬NHS Kent And Medway CCG¬01843821333¬¬¬
13391¬G82108¬GP¬UNKNOWN¬Visible¬True¬True¬King George Road Surgery¬52A King George Road¬Walderslade¬¬Chatham¬Kent¬ME5 0TT¬51.348911285400391¬0.51853227615356445¬91Q¬NHS Kent And Medway CCG¬01634671037¬¬http://www.kinggeorgeroadsurgery.nhs.uk¬
13392¬G82109¬GP¬UNKNOWN¬Visible¬True¬True¬The Railside Surgery¬7 Railway Street¬¬¬Gillingham¬Kent¬ME7 1XG¬51.386878967285156¬0.54988181591033936¬91Q¬NHS Kent And Medway CCG¬01634851193¬¬¬01634 570948
13393¬G82110¬GP¬UNKNOWN¬Visible¬True¬True¬Town Medical Centre¬25 London Road¬¬¬Sevenoaks¬Kent¬TN13 1AR¬51.270973205566406¬0.19138246774673462¬91Q¬NHS Kent And Medway CCG¬01732454545¬¬¬01732 462181
13394¬G82111¬GP¬UNKNOWN¬Visible¬True¬True¬The Cedars Surgery¬24 Marine Road¬Walmer¬¬Deal¬Kent¬CT14 7DN¬51.217617034912109¬1.4031878709793091¬91Q¬NHS Kent And Medway CCG¬01304 373341¬skcccg.thecedarssurgery@nhs.net¬¬
13395¬G82112¬GP¬UNKNOWN¬Visible¬True¬True¬Headcorn Surgery¬Grigg Lane¬Headcorn¬¬Ashford¬Kent¬TN27 9AA¬51.168132781982422¬0.63036155700683594¬91Q¬NHS Kent And Medway CCG¬01622890294¬¬https://www.headcornsurgery.co.uk/¬01622 891754
13396¬G82113¬GP¬UNKNOWN¬Visible¬True¬True¬Stonecross And West Drive Surgery¬25 Streetend Road¬¬¬Chatham¬Kent¬ME5 0AA¬51.368442535400391¬0.54529392719268799¬91Q¬NHS Kent And Medway CCG¬01634842334¬stonecross.surgery@nhs.net¬¬01634 817476
13397¬G82114¬GP¬UNKNOWN¬Visible¬True¬False¬Ivy Court Surgery¬Ivy Court¬Recreation Ground Road¬¬Tenterden¬Kent¬TN30 6RB¬51.068038940429687¬0.69023555517196655¬91Q¬NHS Kent And Medway CCG¬01580763666¬¬www.ivycourtsurgery.co.uk¬01580 766194
13398¬G82115¬GP¬UNKNOWN¬Visible¬True¬True¬New Dover Road Surgery¬10 New Dover Road¬¬¬Canterbury¬Kent¬CT1 3AP¬51.274131774902344¬1.0884926319122314¬91Q¬NHS Kent And Medway CCG¬01227462311¬ccccg.newdoverroadsurgery@nhs.net¬http://www.newdoverroadsurgery.co.uk¬01227 786041
13399¬G82117001¬GP¬UNKNOWN¬Visible¬True¬True¬The High Street Surgery¬43 Sandwich Road¬Whitfield¬¬Dover¬Kent¬CT16 3LT¬51.159156799316406¬1.2891329526901245¬91Q¬NHS Kent And Medway CCG¬01304820756¬¬¬
13400¬G82117¬GP¬UNKNOWN¬Visible¬True¬True¬High Street Surgery¬100 High Street¬¬¬Dover¬Kent¬CT16 1EQ¬51.129981994628906¬1.3057855367660522¬91Q¬NHS Kent And Medway CCG¬01304206463¬¬http://thehighstreetsurgery.co.uk/¬01304 216066
13401¬G82118001¬GP¬UNKNOWN¬Visible¬True¬True¬Dr Whillier D E & Partners¬The Pound¬East Peckham¬¬Tonbridge¬Kent¬TN12 5AT¬51.212303161621094¬0.38657954335212708¬91Q¬NHS Kent And Medway CCG¬01622871540¬¬www.woodlandshealthcentre.org.uk¬
13402¬G82118¬GP¬UNKNOWN¬Visible¬True¬True¬Woodlands Health Centre¬1-7 Allington Road¬Paddock Wood¬¬Tonbridge¬Kent¬TN12 6AX¬51.180770874023438¬0.38486438989639282¬91Q¬NHS Kent And Medway CCG¬01892833331¬¬http://www.woodlandshealthcentre.org.uk¬01892 838269
13403¬G82119¬GP¬UNKNOWN¬Visible¬True¬True¬Park Surgery¬116 Kings Road¬¬¬Herne Bay¬Kent¬CT6 5RE¬51.369697570800781¬1.1251717805862427¬91Q¬NHS Kent And Medway CCG¬01227742568¬pm.parksurgery@nhs.net¬http://www.parksurgery.net/¬01227 742277
13404¬G82119001¬GP¬UNKNOWN¬Visible¬True¬True¬38 Herne And Broomfield Surgery¬Broomfield Road¬¬¬Herne Bay¬Kent¬CT6 7LY¬51.354499816894531¬1.1434723138809204¬91Q¬NHS Kent And Medway CCG¬01227749678¬¬http://www.parksurgery.net¬01227 370638
13405¬G82120¬GP¬UNKNOWN¬Visible¬True¬True¬Borough Green Medical Practice¬Quarry Hill Road¬Borough Green¬¬Sevenoaks¬Kent¬TN15 8RQ¬51.290054321289062¬0.30337563157081604¬91Q¬NHS Kent And Medway CCG¬01732883161¬¬¬01732 886319
13407¬G82121¬GP¬UNKNOWN¬Visible¬True¬True¬Sandgate Road Surgery¬180 Sandgate Road¬¬¬Folkestone¬Kent¬CT20 2HN¬51.076572418212891¬1.1590269804000854¬91Q¬NHS Kent And Medway CCG¬01303851241¬¬www.sandgateroadsurgery.nhs.uk¬01303 251068
13408¬G82122¬GP¬UNKNOWN¬Visible¬True¬True¬Swanscombe Health Centre¬¬Southfleet Road¬Swanscombe¬Dartford¬Kent¬DA10 0BF¬51.442066192626953¬0.31211110949516296¬91Q¬NHS Kent And Medway CCG¬01322 427447¬¬¬01322 422770
13409¬G82122002¬GP¬UNKNOWN¬Visible¬True¬True¬GREENHITHE SURGERY¬82 London Road¬32 London Road¬¬Greenhithe¬Kent¬DA9 9EJ¬51.450283050537109¬0.28929591178894043¬91Q¬NHS Kent And Medway CCG¬01322383706¬¬http://www.swanscombehealthcentre.co.uk/¬
13410¬G82122001¬GP¬UNKNOWN¬Visible¬True¬True¬SWANSCOMBE HEALTH CENTRE¬Southfleet Road¬Southfleet Road¬Swanscombe¬Dartford¬Kent¬DA10 0BF¬51.442066192626953¬0.31211110949516296¬91Q¬NHS Kent And Medway CCG¬01322427447¬¬¬01322 422770
13411¬G82123¬GP¬UNKNOWN¬Visible¬True¬True¬Balmoral Gardens¬Red Suite¬Balmoral Gardens¬Healthy Living Center¬Gillingham¬Kent¬ME7 4PN¬51.385635375976563¬0.54780054092407227¬91Q¬NHS Kent And Medway CCG¬01634334900¬balmoralredsuite@nhs.net¬¬
13412¬G82647002¬GP¬UNKNOWN¬Visible¬True¬True¬West Kingsdown Medical Centre¬West Kingsdown Medical Centre¬London Road¬West Kingsdown¬Sevenoaks¬Kent¬TN15 6EJ¬51.341686248779297¬0.26452377438545227¬91Q¬NHS Kent And Medway CCG¬01474855000¬¬http://www.templehillsurgerydartford.co.uk¬01474 855001
13413¬G82125¬GP¬UNKNOWN¬Visible¬True¬True¬Otford Medical Practice¬Leonard Avenue¬Otford¬¬Sevenoaks¬Kent¬TN14 5RB¬51.313579559326172¬0.19146075844764709¬91Q¬NHS Kent And Medway CCG¬01959524633¬¬www.otfordmedicalpractice.nhs.uk¬01959 525086
13414¬G82125001¬GP¬UNKNOWN¬Visible¬True¬True¬Kemsing Village Surgery¬West End¬Kemsing¬¬Sevenoaks¬Kent¬TN15 6PU¬51.307079315185547¬0.22897236049175262¬91Q¬NHS Kent And Medway CCG¬01959524633¬¬www.otfordmedicalpractice.nhs.uk¬
13415¬G82126¬GP¬UNKNOWN¬Visible¬True¬True¬East Cliff Medical Practice¬Montefiore Medical Centre¬Dumpton Park Drive¬¬Ramsgate¬Kent¬CT11 8AD¬51.339179992675781¬1.4281464815139771¬91Q¬NHS Kent And Medway CCG¬01843855800¬eastclifframsgate@nhs.net¬http://www.eastclifframsgate.nhs.uk/index.htm¬01843 855810
13416¬G82128¬GP¬UNKNOWN¬Visible¬True¬True¬Peter Street Surgery¬Peter Street Surgery¬Peter Street¬¬Dover¬Kent¬CT16 1EF¬51.1302490234375¬1.3058618307113647¬91Q¬NHS Kent And Medway CCG¬01304216890¬edn.g82128@nhs.net¬http://peterstreetsurgery.com¬01304 216891
13417¬G82129¬GP¬UNKNOWN¬Visible¬True¬True¬The Glebe Family Practice¬Vicarage Road¬¬¬Gillingham¬Kent¬ME7 5UA¬51.383163452148438¬0.54448682069778442¬91Q¬NHS Kent And Medway CCG¬01634576347¬¬¬01634 578451
13418¬G82133¬GP¬UNKNOWN¬Visible¬True¬True¬St Mary's Medical Centre¬Vicarage Road¬Strood¬¬Rochester¬Kent¬ME2 4DG¬51.397834777832031¬0.49751168489456177¬91Q¬NHS Kent And Medway CCG¬01634291266¬¬¬01634 295752
13419¬G82135¬GP¬UNKNOWN¬Visible¬True¬True¬West Malling Group Practice ¬Milverton¬37 Queen Street¬Kings Hill¬West Malling¬Kent¬ME19 4JF¬51.271694183349609¬0.40245962142944336¬91Q¬NHS Kent And Medway CCG¬01732870212¬¬https://www.westmallinggp.nhs.uk¬
13421¬G82135002¬GP¬UNKNOWN¬Visible¬True¬True¬West Malling Group Practice ¬Avicenna Medical Centre¬Oxley Shaw Lane¬Leybourne¬West Malling¬Kent¬ME19 5PU¬51.301845550537109¬0.4253247082233429¬91Q¬NHS Kent And Medway CCG¬01732870212¬¬http://www.westmallinggp.nhs.uk/¬01732 872949
13422¬G82137¬GP¬UNKNOWN¬Visible¬True¬True¬St Andrews Medical Centre¬Pinewood Gardens¬Southborough¬¬Tunbridge Wells¬Kent¬TN4 0LZ¬51.15826416015625¬0.26135015487670898¬91Q¬NHS Kent And Medway CCG¬01892515455¬¬http://www.standrewsmc-southborough.nhs.uk¬01892 514019
13423¬G82138¬GP¬UNKNOWN¬Visible¬True¬True¬Ash Surgery¬Chilton Place¬Ash¬¬Canterbury¬Kent¬CT3 2HD¬51.279533386230469¬1.2791568040847778¬91Q¬NHS Kent And Medway CCG¬01304 812227¬ccccg.ashsurgeryreception@nhs.net¬https://www.ashsurgery.nhs.uk¬01304 813788
13424¬G82139¬GP¬UNKNOWN¬Visible¬True¬True¬Maidstone Rd Chatham Surgery¬262 Maidstone Road¬¬¬Chatham¬Kent¬ME4 6JL¬51.361225128173828¬0.51672267913818359¬91Q¬NHS Kent And Medway CCG¬01634842093¬¬http://www.maidstoneroadsurgery.co.uk¬01634 842151
13425¬G82140¬GP¬UNKNOWN¬Visible¬True¬True¬University Medical Centre¬Giles Lane¬¬¬Canterbury¬Kent¬CT2 7PB¬51.296195983886719¬1.0621414184570313¬91Q¬NHS Kent And Medway CCG¬01227 469 333¬¬http://www.umckent.co.uk/¬01227 469 322
13426¬G82141¬GP¬UNKNOWN¬Visible¬True¬False¬Yalding Surgery¬Burgess Bank¬Benover Road¬¬Maidstone¬Kent¬ME18 6ES¬51.221187591552734¬0.42981803417205811¬91Q¬NHS Kent And Medway CCG¬01622814380¬¬www.yaldingdoctors.nhs.uk¬01622 814549
13427¬G82142¬GP¬UNKNOWN¬Visible¬True¬True¬Wye Surgery¬Oxenturn Road¬Wye¬¬Ashford¬Kent¬TN25 5AY¬51.179141998291016¬0.9380183219909668¬91Q¬NHS Kent And Medway CCG¬01233884585¬¬http://www.wyesurgery.co.uk¬
13428¬G82143¬GP¬UNKNOWN¬Visible¬True¬True¬Lowfield Medical Centre¬65-67 Lowfield Street¬¬¬Dartford¬Kent¬DA1 1HP¬51.441837310791016¬0.21555466949939728¬91Q¬NHS Kent And Medway CCG¬01322224550¬lowfield.mc@nhs.net¬http://www.lowfieldmedicalcentre.co.uk/¬01322 228572
13429¬G82147¬GP¬UNKNOWN¬Visible¬True¬True¬Oak Hall Surgery¬41-43 High Street¬¬¬New Romney¬Kent¬TN28 8BW¬50.985485076904297¬0.93957638740539551¬91Q¬NHS Kent And Medway CCG¬01797362106¬¬http://www.oakhallsurgery.nhs.uk¬01797 366495
13431¬G82150¬GP¬UNKNOWN¬Visible¬True¬True¬Newington Road Surgery¬100 Newington Road¬¬¬Ramsgate¬Kent¬CT12 6EW¬51.343448638916016¬1.3992092609405518¬91Q¬NHS Kent And Medway CCG¬01843595951¬¬http://www.newingtonroadsurgery.co.uk¬01843 853387
13432¬G82152¬GP¬UNKNOWN¬Visible¬True¬True¬Rusthall Medical Practice¬Nellington Road¬Rusthall¬¬Tunbridge Wells¬Kent¬TN4 8UW¬51.136024475097656¬0.22476889193058014¬91Q¬NHS Kent And Medway CCG¬01892515142¬¬www.rusthallmedicalcentre.co.uk¬01892 532256
13433¬G82154¬GP¬UNKNOWN¬Visible¬True¬True¬Thames Ave Surgery¬2 Thames Avenue¬Rainham¬¬Gillingham¬Kent¬ME8 9BW¬51.363437652587891¬0.60307133197784424¬91Q¬NHS Kent And Medway CCG¬01634360486¬thamesavenue@nhs.net¬http://www.thames-avenue-surgery.co.uk¬01634 375159
13434¬G82155¬GP¬UNKNOWN¬Visible¬True¬True¬Waterfield House Surgery¬Waterfield House¬186 Henwood Green Road¬Pembury¬Tunbridge Wells¬Kent¬TN2 4LR¬51.148151397705078¬0.32901790738105774¬91Q¬NHS Kent And Medway CCG¬01892825488¬¬http://waterfieldhousepractice.nhs.uk¬01892 823157
13435¬G82647001¬GP¬UNKNOWN¬Visible¬True¬True¬Ivy Bower Surgery¬7 Ivy Bower Close¬London Road¬¬Greenhithe¬Kent¬DA9 9NF¬51.449119567871094¬0.28024226427078247¬91Q¬NHS Kent And Medway CCG¬01322 382181¬¬¬01322 370122
13436¬G82158001¬GP¬UNKNOWN¬Visible¬True¬False¬Horsmonden Surgery¬Lamberhurst Road¬Horsmonden¬¬Tonbridge¬Kent¬TN12 8LP¬51.136341094970703¬0.4263606071472168¬91Q¬NHS Kent And Medway CCG¬01892723988¬¬www.brenchleyandhorsmondengps.nhs.uk¬
13437¬G82158¬GP¬UNKNOWN¬Visible¬True¬False¬Howell Surgery¬High Street¬¬¬Brenchley¬Kent¬TN12 7NQ¬51.150875091552734¬0.39888077974319458¬91Q¬NHS Kent And Medway CCG¬01892722007¬¬http://www.brenchleyandhorsmondengps.nhs.uk¬01892 724511
13439¬G82160¬GP¬UNKNOWN¬Visible¬True¬True¬Oaklands Health Centre¬Stade Street¬¬¬Hythe¬Kent¬CT21 6BD¬51.069103240966797¬1.082510232925415¬91Q¬NHS Kent And Medway CCG¬01303235300¬¬http://www.oaklandshealthcentre.com¬01303 261711
13440¬G82161001¬GP¬UNKNOWN¬Visible¬True¬True¬REACH HEALTHCARE¬Balmoral Gardens¬Healthy Living Centre¬Gillingham¬Gillingam¬Kent¬ME7 4PN¬51.385635375976563¬0.54780054092407227¬91Q¬NHS Kent And Medway CCG¬01634334929¬¬http://www.reachhealthcare.nhs.uk/¬
13442¬G82161¬GP¬UNKNOWN¬Visible¬True¬True¬REACH HEALTHCARE Walderslade Village Surgery¬62A Robin Hood Lane¬Walderslade¬¬Chatham¬Kent¬ME5 9LD¬51.337753295898437¬0.52409470081329346¬91Q¬NHS Kent And Medway CCG¬01634687200¬¬¬0870 8902617
13443¬G82161002¬GP¬UNKNOWN¬Visible¬True¬True¬REACH HEALTHCARE¬Lordswood Community Healthy Living Centre¬Lordswood Community¬Sultan Road¬Chatham¬Kent¬ME5 8TJ¬51.333793640136719¬0.54547005891799927¬91Q¬NHS Kent And Medway CCG¬01634 337445¬¬http://www.reachhealthcare.nhs.uk¬01634 682220
13444¬G82162¬GP¬UNKNOWN¬Visible¬True¬True¬Orchard Family Practice¬The Red Suite¬Rainham Healthy Living Centre¬103-107 High Street¬Rainham¬Kent¬ME8 8AA¬51.363330841064453¬0.60948711633682251¬91Q¬NHS Kent And Medway CCG¬01634337620¬orchardfamilypractice@nhs.net¬http://www.orchardfamilypracticerainham.nhs.uk/¬
13445¬G82164¬GP¬UNKNOWN¬Visible¬True¬True¬The Vine Medical Centre¬13 Tonbridge Road¬¬¬Maidstone¬Kent¬ME16 8RL¬51.270713806152344¬0.51378464698791504¬91Q¬NHS Kent And Medway CCG¬01622754898¬vinemc@nhs.net¬http://www.thevinemedicalcentre.co.uk¬01622 751611
13446¬G82165¬GP¬UNKNOWN¬Visible¬True¬True¬Elham Surgery¬Old Road¬Elham¬¬Canterbury¬Kent¬CT4 6UH¬51.151859283447266¬1.109092116355896¬91Q¬NHS Kent And Medway CCG¬01303840213¬skcccg.hawkingeandelham@nhs.net¬http://www.elhamsurgery.co.uk¬
13447¬G82165001¬GP¬UNKNOWN¬Visible¬True¬True¬Hawkinge And Elham¬74 Canterbury Road¬Hawkinge¬¬Folkestone¬Kent¬CT18 7BP¬51.113563537597656¬1.1669238805770874¬91Q¬NHS Kent And Medway CCG¬01303232300¬skcccghawkingeandelham@nhs.net¬http://www.elhamsurgery.co.uk¬01303 894745
13448¬G82170¬GP¬UNKNOWN¬Visible¬True¬True¬Lamberhurst Surgery¬The Down¬Lamberhurst¬¬Tunbridge Wells¬Kent¬TN3 8EX¬51.094570159912109¬0.38820955157279968¬91Q¬NHS Kent And Medway CCG¬01892890800¬lamberhurstsurgery@nhs.net¬http://www.lamberhurstsurgery.nhs.uk¬01892 891187
13451¬G82180001¬GP¬UNKNOWN¬Visible¬True¬True¬Maidstone Road Surgery¬56 Oak Lane¬Upchurch¬Sittingbourne¬Gillingham¬Kent¬ME9 7AU¬51.374542236328125¬0.64533150196075439¬91Q¬NHS Kent And Medway CCG¬01634231423¬¬¬01634 261665
13452¬G82180¬GP¬UNKNOWN¬Visible¬True¬True¬Maidstone Road Rainham Surgery¬53A/B Maidstone Road¬Rainham¬¬Gillingham¬Kent¬ME8 0DP¬51.362327575683594¬0.60039377212524414¬91Q¬NHS Kent And Medway CCG¬01634231423¬g82180.surgery@nhs.net¬¬01634 261665
13453¬G82184¬GP¬UNKNOWN¬Visible¬True¬True¬Waltham Road Medical Centre¬4A Waltham Road¬¬¬Gillingham¬Kent¬ME8 6XQ¬51.373867034912109¬0.58412021398544312¬91Q¬NHS Kent And Medway CCG¬01634231074¬mccg.twydallthemedicalcentre@nhs.net¬¬
13454¬G82185¬GP¬UNKNOWN¬Visible¬True¬True¬Redwood Practice¬Dartford West Health Centre¬Tower Road¬¬Dartford¬Kent¬DA1 2HA¬51.44586181640625¬0.2070571631193161¬91Q¬NHS Kent And Medway CCG¬01322 223600¬redwood.practice@nhs.net¬http://www.redwoodpracticedartford.co.uk¬01322 292282
13456¬G82186¬GP¬UNKNOWN¬Visible¬True¬False¬Hamstreet Surgery¬Hamstreet¬¬¬Ashford¬Kent¬TN26 2NJ¬51.064323425292969¬0.85878175497055054¬91Q¬NHS Kent And Medway CCG¬01233730190¬accg.hamstreetsurgery@nhs.net¬http://www.hamstreetsurgery.com¬
13459¬G82198¬GP¬UNKNOWN¬Visible¬True¬True¬Gun Lane Medical Centre¬Gun Lane¬Strood¬¬Rochester¬Kent¬ME2 4UW¬51.397396087646484¬0.49320346117019653¬91Q¬NHS Kent And Medway CCG¬01634290644¬edn.g82198@nhs.net¬http://www.gunlanemedicalcentreandpharmacy.co.uk¬
13460¬G82200001¬GP¬UNKNOWN¬Visible¬True¬True¬Larkfield Surgery, Chaucer Way¬Chaucer Way¬George Holding Centre¬Chaucer Way¬Aylesford¬Kent¬ME20 6SS¬51.309093475341797¬0.4409027099609375¬91Q¬NHS Kent And Medway CCG¬01622814466¬gp.g82200@nhs.net¬http://www.wateringburysurgery.co.uk/¬
13461¬G82200¬GP¬UNKNOWN¬Visible¬True¬True¬Wateringbury Surgery¬14 Pelican Court Wateringbury¬Wateringbury¬¬Maidstone¬Kent¬ME18 5SS¬51.255634307861328¬0.42551416158676147¬91Q¬NHS Kent And Medway CCG¬01622814466¬¬http://www.wateringburysurgery.co.uk/¬01622 817647
13462¬G82203¬GP¬UNKNOWN¬Visible¬True¬True¬Court View Surgery¬2A Darnley Road¬Strood¬¬Rochester¬Kent¬ME2 2HA¬51.393135070800781¬0.48178744316101074¬91Q¬NHS Kent And Medway CCG¬01634290333¬¬www.courtviewsurgery.nhs.uk¬01634 295131
13463¬G82090006¬GP¬UNKNOWN¬Visible¬True¬True¬Hersden Surgery¬St Albans Road¬Hersden¬¬Canterbury¬Kent¬CT3 4EX¬51.316745758056641¬1.1613140106201172¬91Q¬NHS Kent And Medway CCG¬01227710416¬¬http://www.theheronmedicalpractice.co.uk¬01227 710288
13464¬G82090005¬GP¬UNKNOWN¬Visible¬True¬True¬William Street Surgery¬Kingstone Cottage¬67 William Street¬¬Herne Bay¬Kent¬CT6 5NR¬51.369979858398437¬1.1284816265106201¬91Q¬NHS Kent And Medway CCG¬01227740000¬¬¬01227 742729
13465¬G82205¬GP¬UNKNOWN¬Visible¬True¬True¬St John's Medical Practice¬39 St Johns Hill¬¬¬Sevenoaks¬Kent¬TN13 3NT¬51.285007476806641¬0.1952630877494812¬91Q¬NHS Kent And Medway CCG¬01732747202¬gp.g82205@nhs.net¬¬01732 747218
13466¬G82206¬GP¬UNKNOWN¬Visible¬True¬False¬Dr Bora B J¬111 Summerhouse Drive¬Joydens Wood¬¬Bexley¬Kent¬DA5 2ER¬51.424491882324219¬0.16641154885292053¬91Q¬NHS Kent And Medway CCG¬01322524329¬dgwccg.joydens@nhs.net¬http://www.joydenswoodmedicalcentre.nhs.uk/¬
13468¬G82211001¬GP¬UNKNOWN¬Visible¬True¬True¬Wingham Surgery¬2 North Court Road¬Queens Road¬Aylesham¬Canterbury¬Kent¬CT3 1BN¬51.274383544921875¬1.2137137651443481¬91Q¬NHS Kent And Medway CCG¬01227720205¬skcccg.winghamsurgery@nhs.net¬https://www.ayleshammedicalpractice.co.uk/¬01227 720699
13469¬G82211¬GP¬UNKNOWN¬Visible¬True¬True¬Aylesham Medical Practice¬Queens Road¬Aylesham¬¬Canterbury¬Kent¬CT3 3BB¬51.225475311279297¬1.2029688358306885¬91Q¬NHS Kent And Medway CCG¬01304 840415¬skcccg.ayleshammedicalpractice@nhs.net¬https://www.ayleshammedicalpractice.co.uk¬
13470¬G82212¬GP¬UNKNOWN¬Visible¬True¬True¬Pilgrims Way Surgery¬Dartford East Health Centre¬Pilgrims Way¬¬Dartford¬Kent¬DA1 1QY¬51.440746307373047¬0.23692852258682251¬91Q¬NHS Kent And Medway CCG¬01322279881¬¬www.dartfordeasthealthcentre.co.uk¬01322 285347
13471¬G82215¬GP¬UNKNOWN¬Visible¬True¬True¬Marden Medical Centre¬Church Green¬Marden¬¬Tonbridge¬Kent¬TN12 9HP¬51.174148559570313¬0.4922841489315033¬91Q¬NHS Kent And Medway CCG¬01622831257¬¬http://www.mardenmedicalcentre.nhs.uk¬01622 832840
13472¬G82217¬GP¬UNKNOWN¬Visible¬True¬True¬Folkestone Surgery¬Folkestone Health Centre¬15-25 Dover Road¬¬Folkestone¬Kent¬CT20 1JY¬51.082576751708984¬1.1813857555389404¬91Q¬NHS Kent And Medway CCG¬01303220707¬¬https://www.folkestonesurgery.nhs.uk¬
13473¬G82218¬GP¬UNKNOWN¬Visible¬True¬True¬Braeside Surgery¬Braeside Gorse Hill¬Farningham¬¬Dartford¬Kent¬DA4 0JU¬51.376686096191406¬0.23044121265411377¬91Q¬NHS Kent And Medway CCG¬01322862110¬¬www.braesidesurgery.nhs.uk¬01322 862991
13474¬G82219¬GP¬UNKNOWN¬Visible¬True¬True¬St Peter's Surgery¬6 Oaklands Avenue¬St Peter's¬¬Broadstairs¬Kent¬CT10 2SQ¬51.362934112548828¬1.4189443588256836¬91Q¬NHS Kent And Medway CCG¬01843608860¬¬¬01843 866460
13475¬G82221¬GP¬UNKNOWN¬Visible¬True¬True¬Horns Cross Surgery¬Horns Cross¬273 London Road¬¬Greenhithe¬Kent¬DA9 9DB¬51.446098327636719¬0.26316699385643005¬91Q¬NHS Kent And Medway CCG¬01322382010¬elmdenesurgery@gmail.com¬www.elmdenesurgery.nhs.uk¬01322 381696
13476¬G82221001¬GP¬UNKNOWN¬Visible¬True¬True¬The New Surgery¬Beacon Drive¬Bean¬Greenhithe¬Dartford¬Kent¬DA2 8BG¬51.426780700683594¬0.28720012307167053¬91Q¬NHS Kent And Medway CCG¬01474708672¬elmdenesurgery@gmail.com¬www.elmdenesurgery.nhs.uk¬01322381696
13477¬G82224¬GP¬UNKNOWN¬Visible¬True¬True¬Old Parsonage Surgery¬Balcombes Hill¬Goudhurst¬¬Cranbrook¬Kent¬TN17 1AN¬51.112785339355469¬0.46043229103088379¬91Q¬NHS Kent And Medway CCG¬01580211241¬old.parsonage@nhs.net¬¬01580 211659
13479¬G82225¬GP¬UNKNOWN¬Visible¬True¬True¬The Oaks Partnership¬Nightingale Way¬¬¬Swanley¬Kent¬BR8 7UP¬51.395164489746094¬0.17415407299995422¬91Q¬NHS Kent And Medway CCG¬01322 668775¬¬http://www.oakssurgery-swanley.nhs.uk¬
13480¬G82226¬GP¬UNKNOWN¬Visible¬True¬True¬Wigmore Medical Centre¬114 Woodside Road¬Wigmore¬¬Gillingham¬Kent¬ME8 0PW¬51.352272033691406¬0.58875012397766113¬91Q¬NHS Kent And Medway CCG¬01634231752¬wigmore.medicalcentre@nhs.net¬https://www.wigmoremedicalcentre.co.uk/¬
13481¬G82226002¬GP¬UNKNOWN¬Visible¬True¬True¬Hempstead Medical Centre¬144 Hempstead Road¬Hempstead¬¬Gillingham¬Kent¬ME7 3QE¬51.351181030273437¬0.57087904214859009¬91Q¬NHS Kent And Medway CCG¬01634235531¬wigmore.medicalcentre@nhs.net¬http://www.wigmoremedicalcentre.co.uk/default.asp¬01634 260062
13482¬G82227¬GP¬UNKNOWN¬Visible¬True¬True¬Dr Lm Wright And Partners¬114 Canterbury Road¬Lydden¬¬Dover¬Kent¬CT15 7ET¬51.163185119628906¬1.2398926019668579¬91Q¬NHS Kent And Medway CCG¬01304832160¬¬http://www.lyddensurgery.co.uk/¬01304 832210
13483¬G82228¬GP¬UNKNOWN¬Visible¬True¬True¬Canterbury Medical Practice¬Patrixbourne Road¬Bridge¬¬Canterbury¬Kent¬CT4 5BL¬51.245532989501953¬1.1289663314819336¬91Q¬NHS Kent And Medway CCG¬01227831900¬kmccg.cmp@nhs.net¬http://www.canterburymedicalpractice.nhs.uk/¬01227 832967
13484¬G82228002¬GP¬UNKNOWN¬Visible¬True¬True¬Littlebourne Surgery¬¬Court Hill¬Littlebourne¬Canterbury¬Kent¬CT3 1TX¬51.279006958007812¬1.1646291017532349¬91Q¬NHS Kent And Medway CCG¬01227721515¬kmccg.cmp@nhs.net¬http://www.canterburymedicalpractice.nhs.uk/¬01227 721676
13485¬G82229¬GP¬UNKNOWN¬Visible¬True¬False¬Sutton Valence Group Practice¬South Lane¬Sutton Valence¬¬Maidstone¬Kent¬ME17 3BD¬51.211193084716797¬0.594044029712677¬91Q¬NHS Kent And Medway CCG¬01622842212¬¬¬01622 844396
13486¬G82161004¬GP¬UNKNOWN¬Visible¬True¬True¬REACH HEALTHCARE¬Lordswood Community Healthy Living Centre¬Lordswood Community Healthy Living Centre¬Sultan Road¬Chatham¬Kent¬ME5 8TJ¬51.333793640136719¬0.54547005891799927¬91Q¬NHS Kent And Medway CCG¬01634 687200¬¬¬
13487¬G82231¬GP¬UNKNOWN¬Visible¬True¬True¬London Road Medical Centre¬The Medical Centre¬32 London Road¬¬Sittingbourne¬Kent¬ME10 1ND¬51.341812133789063¬0.72693467140197754¬91Q¬NHS Kent And Medway CCG¬01795 472109¬¬https://www.thelondonroadmedicalcentre.nhs.uk¬
13488¬G82232¬GP¬UNKNOWN¬Visible¬True¬True¬Manor Clinic¬31 Manor Road¬¬¬Folkestone¬Kent¬CT20 2SE¬51.080421447753906¬1.1733978986740112¬91Q¬NHS Kent And Medway CCG¬01303851122¬¬https://www.manorclinic.co.uk/¬
13490¬G82233¬GP¬UNKNOWN¬Visible¬True¬True¬DMC St.Werburgh Med.Practice¬98 Bells Lane¬Hoo St Werburgh¬¬Rochester¬Kent¬ME3 9HU¬51.423454284667969¬0.56273555755615234¬91Q¬NHS Kent And Medway CCG¬01634250523¬¬www.stwerburgh.co.uk¬01634 255272
13491¬G82233001¬GP¬UNKNOWN¬Visible¬True¬True¬DMC St Werburgh Medical Practice¬Stoke Village Hall¬Mallard Way¬Lower Stoke¬Rochester¬Kent¬ME3 9ST¬51.452480316162109¬0.63233202695846558¬91Q¬NHS Kent And Medway CCG¬01634271347¬¬¬
13493¬G82234001¬GP¬UNKNOWN¬Visible¬True¬False¬Dr Pile N R & Partner¬White House¬Mackenders Lane¬Eccles¬Aylesford¬Kent¬ME20 7HX¬51.319244384765625¬0.48214489221572876¬91Q¬NHS Kent And Medway CCG¬01622718558¬¬http://www.phoenixsurgery-burham.nhs.uk¬01622 791076
13494¬G82234¬GP¬UNKNOWN¬Visible¬True¬False¬Phoenix Medical Practice¬33 Bell Lane¬Burham¬¬Rochester¬Kent¬ME1 3SX¬51.328804016113281¬0.48128315806388855¬91Q¬NHS Kent And Medway CCG¬01634867982¬¬http://www.phoenixsurgery-burham.nhs.uk/welcome,58441.htm¬01634 864513
13495¬G82235¬GP¬UNKNOWN¬Visible¬True¬True¬Old School¬Rectory Fields¬¬¬Cranbrook¬Kent¬TN17 3JB¬51.098869323730469¬0.53584128618240356¬91Q¬NHS Kent And Medway CCG¬01580712476¬wkccg.oldschoolsurgery@nhs.net¬http://www.oldschoolsurgerycranbrook.nhs.uk¬01580 715729
13496¬G82600¬GP¬UNKNOWN¬Visible¬True¬True¬Dr Vridhagiri Nandini¬52 Eastcourt Lane¬¬¬Gillingham¬Kent¬ME8 6EY¬51.371139526367188¬0.57866430282592773¬91Q¬NHS Kent And Medway CCG¬01634232144¬¬http://www.eastcourtsurgery.nhs.uk¬01634 261811
13497¬G82604¬GP¬UNKNOWN¬Visible¬True¬True¬Northumberland Court¬10A Northumberland Court¬Shepway¬¬Maidstone¬Kent¬ME15 7LN¬51.252513885498047¬0.54483246803283691¬91Q¬NHS Kent And Medway CCG¬01622753920¬wkccg.northumberlandsurgery@nhs.net¬http://www.themedicalcentregroup.co.uk¬
13499¬G82604002¬GP¬UNKNOWN¬Visible¬True¬True¬Grove Green Medical Centre¬Grove Green Medical Centre¬Unit 1 Minor Centre¬Grove Green¬Maidstone¬Kent¬ME14 5TQ¬51.277099609375¬0.5561714768409729¬91Q¬NHS Kent And Medway CCG¬01622734775¬wkccg.northumberlandsurgery@nhs.net¬http://www.themedicalcentregroup.co.uk¬
13500¬G82605¬GP¬UNKNOWN¬Visible¬True¬True¬The Crane Surgery¬Rectory Fields¬¬¬Cranbrook¬Kent¬TN17 3JB¬51.098869323730469¬0.53584128618240356¬91Q¬NHS Kent And Medway CCG¬01580712260¬¬http://www.cranesurgery.org.uk¬01580 715713
13501¬G82622¬GP¬UNKNOWN¬Visible¬True¬True¬The Surgery Railway Street¬19 Railway Street¬¬¬Gillingham¬Kent¬ME7 1XF¬51.387031555175781¬0.55020666122436523¬91Q¬NHS Kent And Medway CCG¬01634 853667¬¬¬
13504¬G82634¬GP¬UNKNOWN¬Visible¬True¬True¬The Meads Medical Practice Limited¬29 Quartz Way¬The Meads Medical Practice Limited¬¬Sittingbourne¬Kent¬ME10 5AA¬51.350479125976563¬0.71725183725357056¬91Q¬NHS Kent And Medway CCG¬01795477266¬swccg.saffronreception@nhs.net¬http://www.meadsmedical.co.uk/¬01795 418511
13505¬G82635¬GP¬UNKNOWN¬Visible¬True¬True¬Pump Lane Surgery¬13 Pump Lane¬Rainham Mark¬¬Gillingham¬Kent¬ME8 7AA¬51.367973327636719¬0.58965027332305908¬91Q¬NHS Kent And Medway CCG¬01634231856¬¬¬01634 374854
13506¬G82639¬GP¬UNKNOWN¬Visible¬True¬True¬Maple Practice¬Dartford West Health Centre¬Tower Road¬¬Dartford¬Kent¬DA1 2HA¬51.44586181640625¬0.2070571631193161¬91Q¬NHS Kent And Medway CCG¬01322220594¬¬¬01322 280272
13507¬G82641¬GP¬UNKNOWN¬Visible¬True¬True¬Wallis Avenue Surgery¬Wallis Avenue¬¬¬Maidstone¬Kent¬ME15 9JJ¬51.240837097167969¬0.55312865972518921¬91Q¬NHS Kent And Medway CCG¬01622686963¬¬www.wallisavenuesurgery.co.uk¬01622 695622
13509¬G82647¬GP¬UNKNOWN¬Visible¬True¬True¬Temple Hill Surgery¬St Edmunds Church Living Well¬St Edmunds Road¬¬Dartford¬Kent¬DA1 5ND¬51.452865600585938¬0.23005060851573944¬91Q¬NHS Kent And Medway CCG¬01322226090¬¬¬01322 287655
13510¬G82648¬GP¬UNKNOWN¬Visible¬True¬True¬Rochester Road Surgery¬115 Rochester Road¬¬¬Gravesend¬Kent¬DA12 2HU¬51.435134887695313¬0.39040824770927429¬91Q¬NHS Kent And Medway CCG¬01474560346¬¬¬01474 356044
13511¬G82648001¬GP¬UNKNOWN¬Visible¬False¬True¬Beaumont Drive Surgey¬177 Beaumont Drive¬Northfleet¬Dartford¬Gravesend¬Kent¬DA11 9NY¬51.43939208984375¬0.35418123006820679¬91Q¬NHS Kent And Medway CCG¬01474560234¬¬¬
13513¬G82650¬GP¬UNKNOWN¬Visible¬True¬True¬Mocketts Wood Surgery¬Hopeville Avenue¬St Peters¬¬Broadstairs¬Kent¬CT10 2TR¬51.366523742675781¬1.4176887273788452¬91Q¬NHS Kent And Medway CCG¬01843 267111¬¬http://www.mockettswoodsurgery.nhs.uk¬01843 860126
13516¬G82652¬GP¬UNKNOWN¬Visible¬True¬True¬Dr Zaw Thike¬Church Road¬Lyminge¬¬Folkestone¬Kent¬CT18 8HY¬51.129478454589844¬1.0888469219207764¬91Q¬NHS Kent And Medway CCG¬01303862109¬¬¬01303 863643
13517¬G82653¬GP¬UNKNOWN¬Visible¬True¬True¬Castle Medical Practice¬Rochester Community Healthy Living Centre¬Delce Road¬¬Rochester¬Kent¬ME1 2EL¬51.379348754882813¬0.50739842653274536¬91Q¬NHS Kent And Medway CCG¬01634 334203¬mccg.castlemedicalpractice@nhs.net¬http://www.castlemedicalpractice.org.uk/¬
13518¬G82820002¬GP¬UNKNOWN¬Visible¬True¬True¬Luton Medical Centre¬Luton Medical Centre¬10a Beacon Hill¬Luton¬Chatham¬Kent¬ME5 7JX¬51.369918823242188¬0.54885309934616089¬91Q¬NHS Kent And Medway CCG¬01634 406607¬edn.g82820@nhs.net¬¬
13519¬G82820001¬GP¬UNKNOWN¬Visible¬True¬True¬Tunbury Avenue Surgery¬16 Tunbury Avenue¬Walderslade¬¬Chatham¬Kent¬ME5 9EH¬51.338954925537109¬0.52064269781112671¬91Q¬NHS Kent And Medway CCG¬01634 668814¬¬¬01634 311409
13520¬G82658¬GP¬UNKNOWN¬Visible¬True¬True¬Sellindge Surgery¬Main Road, Sellindge¬¬¬Ashford¬Kent¬TN25 6JX¬51.103534698486328¬1.0027666091918945¬91Q¬NHS Kent And Medway CCG¬01303812180¬sellindge.surgery@nhs.net¬http://www.sellindgesurgery.nhs.uk/¬01303 814069
13521¬G82015001¬GP¬UNKNOWN¬Visible¬True¬True¬Pencester Health¬Maison Dieu Road¬¬¬Dover¬Kent¬CT16 1RH¬51.129184722900391¬1.3113610744476318¬91Q¬NHS Kent And Medway CCG¬01304865577¬¬http://www.pencestersurgery.nhs.uk/¬01304 865501
13523¬G82665¬GP¬UNKNOWN¬Visible¬True¬True¬Martello Health Centre¬20 Chapel Road¬Dymchurch¬¬Romney Marsh¬Kent¬TN29 0TD¬51.0262451171875¬0.99468111991882324¬91Q¬NHS Kent And Medway CCG¬01303875700¬¬¬01303 875 709
13524¬G82666¬GP¬UNKNOWN¬Visible¬True¬True¬Birchington Medical Centre¬Birchington Medical Centre¬Minnis Road¬¬Birchington¬Kent¬CT7 9HQ¬51.376174926757812¬1.2976343631744385¬91Q¬NHS Kent And Medway CCG¬01843 848818¬birchingtonmcpm@nhs.net¬http://www.birchingtonmc.nhs.uk¬01843 848819
13529¬G82671¬GP¬UNKNOWN¬Visible¬True¬True¬Iwade Health Centre¬1 Monins Road¬Iwade¬¬Sittingbourne¬Kent¬ME9 8TY¬51.373195648193359¬0.72800940275192261¬91Q¬NHS Kent And Medway CCG¬01795413100¬iwade.hc@nhs.net¬http://www.iwadehealthcentre.nhs.uk¬
13531¬G82631¬GP¬UNKNOWN¬Visible¬True¬True¬Bryant Street Medical Practice¬The Medical Centre¬29 Bryant Street¬¬Chatham¬Kent¬ME4 5QS¬51.378814697265625¬0.52771866321563721¬91Q¬NHS Kent And Medway CCG¬01634848911¬¬http://www.bryantstreetmedicalcentre.nhs.uk/¬
13532¬G82679¬GP¬UNKNOWN¬Visible¬True¬True¬Apex Medical Centre¬1St Floor, Medical Centre¬Gun Lane¬Strood¬Rochester¬Kent¬ME2 4UW¬51.397396087646484¬0.49320346117019653¬91Q¬NHS Kent And Medway CCG¬01634720220¬¬http://apexmedicalpractice.co.uk/¬
13533¬G82681¬GP¬UNKNOWN¬Visible¬True¬True¬Malling Health Four¬Offens Drive¬¬¬Tonbridge¬Kent¬TN12 0LB¬51.160736083984375¬0.55041855573654175¬91Q¬NHS Kent And Medway CCG¬01580891220¬¬http://www.mhstaplehurst.co.uk/¬01580 890683
13534¬G82682¬GP¬UNKNOWN¬Visible¬True¬True¬The Om Medical Centre¬Wood Street¬¬¬Sheerness¬Kent¬ME12 1UA¬51.438758850097656¬0.76217925548553467¬91Q¬NHS Kent And Medway CCG¬01795580402¬edn.g82682@nhs.net¬http://omshivamedicalcentre.btck.co.uk¬01795 661318
13535¬G82682001¬GP¬UNKNOWN¬Visible¬True¬True¬Shiva Medical Centre Broadway Minster, Sheppey¬Broadway¬Minster¬¬Isle Of Sheppey¬Kent¬ME12 2RL¬51.420989990234375¬0.79809123277664185¬91Q¬NHS Kent And Medway CCG¬01795876016¬¬¬01795 871625
13536¬G82684¬GP¬UNKNOWN¬Visible¬True¬True¬New Lyminge Surgery¬Greenbanks¬Lyminge¬¬Folkestone¬Kent¬CT18 8NS¬51.124279022216797¬1.0912870168685913¬91Q¬NHS Kent And Medway CCG¬01303863160¬¬¬01303 863492
13538¬G82687¬GP¬UNKNOWN¬Visible¬True¬True¬Sheerness Health Centre¬250-262 High Street¬¬¬Sheerness¬Kent¬ME12 1UP¬51.436119079589844¬0.76665329933166504¬91Q¬NHS Kent And Medway CCG¬01795585255¬swccg.sheernesshc@nhs.net¬http://drwittspatientgroup.btck.co.uk/¬01795 585842
13541¬G82690¬GP¬UNKNOWN¬Visible¬True¬True¬Lower Higham Road Surgery¬48 Lower Higham Road¬¬¬Gravesend¬Kent¬DA12 2NG¬51.431850433349609¬0.39849510788917542¬91Q¬NHS Kent And Medway CCG¬01474564575¬¬¬01474 369341
13542¬G82691¬GP¬UNKNOWN¬Visible¬True¬True¬The Orchard Surgery¬Horseshoes Lane¬Langley¬¬Maidstone¬Kent¬ME17 3JY¬51.236869812011719¬0.59323924779891968¬91Q¬NHS Kent And Medway CCG¬01622 863030¬gp.g82691@nhs.net¬https://theorchardsurgery-langley.nhs.uk¬
13543¬G82693¬GP¬UNKNOWN¬Visible¬True¬True¬Memorial Medical Centre¬Bell Road¬¬¬Sittingbourne¬Kent¬ME10 4XX¬51.334598541259766¬0.73655694723129272¬91Q¬NHS Kent And Medway CCG¬01795477764¬memorialmedical@nhs.net¬http://www.memorialmedicalcentre.co.uk/¬01795 475138
13544¬G82696¬GP¬UNKNOWN¬Visible¬True¬True¬Dr Marianne Ford¬38 Manor Road¬¬¬Deal¬Kent¬CT14 9BX¬51.214756011962891¬1.3858472108840942¬91Q¬NHS Kent And Medway CCG¬01304 367495¬manorroadsurgery.deal@nhs.net¬https://doctors-surgery-deal-kent.co.uk/¬
13545¬G82697¬GP¬UNKNOWN¬Visible¬True¬True¬The Churchill Clinic¬94 Churchill Avenue¬¬¬Chatham¬Kent¬ME5 0DL¬51.360115051269531¬0.533641517162323¬91Q¬NHS Kent And Medway CCG¬01634842397¬¬www.churchillclinic.com¬01634 838539
13546¬G82698¬GP¬UNKNOWN¬Visible¬True¬True¬Dr Rb Kumar Practice¬London Road¬Teynham¬¬Sittingbourne¬Kent¬ME9 9QL¬51.327754974365234¬0.80054914951324463¬91Q¬NHS Kent And Medway CCG¬01795521205¬¬http://www.thesurgeryteynham.co.uk¬01795 522795
13547¬G82700¬GP¬UNKNOWN¬Visible¬True¬True¬Buckland Medical Practice¬Buckland Medical Centre¬Brookfield Place¬Buckland Avenue¬Dover¬Kent¬CT16 2AE¬51.137172698974609¬1.2967485189437866¬91Q¬NHS Kent And Medway CCG¬01304206353¬¬¬01304 209522
13548¬G82700001¬GP¬UNKNOWN¬Visible¬False¬True¬Dr Bahadur T¬Tara¬The Droveway¬St Margarets Bay¬Dover¬Kent¬CT15 6BT¬51.151496887207031¬1.3794375658035278¬91Q¬NHS Kent And Medway CCG¬01304852291¬¬¬01304 853573
13549¬G82702¬GP¬UNKNOWN¬Visible¬True¬True¬Milton Surgery¬95 High Street¬Milton Regis¬¬Sittingbourne¬Kent¬ME10 2AR¬51.349189758300781¬0.73219859600067139¬91Q¬NHS Kent And Medway CCG¬01795 426640¬¬¬01795 438656
13550¬G82704¬GP¬UNKNOWN¬Visible¬True¬True¬The Church View Practice¬Yellow Suite¬Rainham Healthy Living Centre¬103-107 High St¬Gillingham¬Kent¬ME8 8AA¬51.363330841064453¬0.60948711633682251¬91Q¬NHS Kent And Medway CCG¬01634337642¬¬http://www.churchviewpractice.nhs.uk/¬
13551¬G82706¬GP¬UNKNOWN¬Visible¬True¬True¬Brompton Medical Centre¬28A Garden Street¬Brompton¬¬Gillingham¬Kent¬ME7 5AS¬51.390823364257813¬0.53138500452041626¬91Q¬NHS Kent And Medway CCG¬01634845898¬bromptonmedicalcentre@nhs.net¬https://brompton-gillingham-medicalcentre.co.uk¬
13552¬G82708¬GP¬UNKNOWN¬Visible¬True¬True¬Marlowe Park Medical Ctr.¬Wells Road¬¬¬Rochester¬Kent¬ME2 2PW¬51.3876953125¬0.46805354952812195¬91Q¬NHS Kent And Medway CCG¬01634719692¬marlowe.parkmedicalcentre@nhs.net¬http://www.marloweparkmedicalcentre.nhs.uk/¬01634 717855
13553¬G82221002¬GP¬UNKNOWN¬Visible¬True¬True¬Dr Mandeep Sahota¬Bennett Way¬Darenth¬¬Dartford¬Kent¬DA2 7JT¬51.420223236083984¬0.25485482811927795¬91Q¬NHS Kent And Medway CCG¬01474707662¬¬¬01474 708940
13554¬G82711¬GP¬UNKNOWN¬Visible¬True¬True¬Dr Chidambaram Balachander¬25 Wouldham Road¬Borstal¬¬Rochester¬Kent¬ME1 3JY¬51.372100830078125¬0.48246008157730103¬91Q¬NHS Kent And Medway CCG¬01634408765¬borstalvillagesurgery@nhs.net¬http://www.borstalvillagesurgery.nhs.ik¬
13555¬G82080001¬GP¬UNKNOWN¬Visible¬True¬True¬Singleton Health Centre¬10 Singleton Centre¬¬¬Ashford¬Kent¬TN23 5GR¬51.140037536621094¬0.83922445774078369¬91Q¬NHS Kent And Medway CCG¬01233 639298¬accg.SingletonHC@nhs.net¬¬01233 620516
13558¬G82719¬GP¬UNKNOWN¬Visible¬True¬True¬Matrix Medical Practice¬Matrix Medical Centre¬10a Beacon Hill¬Chatham¬Chatham¬Kent¬ME5 7JX¬51.369918823242188¬0.54885309934616089¬91Q¬NHS Kent And Medway CCG¬01634 406607¬edn.g82719@nhs.net¬http://www.matrixmedicalpractice.nhs.uk¬01634 311409
13559¬G82721¬GP¬UNKNOWN¬Visible¬True¬True¬Parkwood Family Practice¬119-121 Long Catlis Road¬Parkwood, Rainham¬¬Gillingham¬Kent¬ME8 9RR¬51.345279693603516¬0.59217596054077148¬91Q¬NHS Kent And Medway CCG¬01634269610¬mccg.parkwoodfamilypractice@nhs.net¬¬
13560¬G82722¬GP¬UNKNOWN¬Visible¬True¬True¬Hextable Surgery¬31A Main Road¬Hextable¬¬Swanley¬Kent¬BR8 7RB¬51.409183502197266¬0.18298682570457458¬91Q¬NHS Kent And Medway CCG¬01322666001¬¬¬01322 669722
13569¬G82729¬GP¬UNKNOWN¬Visible¬True¬True¬White Cliffs Medical Centre¬143 / 145 Folkestone Road¬¬¬Dover¬Kent¬CT17 9SG¬51.124233245849609¬1.3015739917755127¬91Q¬NHS Kent And Medway CCG¬01304 201705¬¬http://whitecliffsmedicalcentre.co.uk¬01304 216224
13570¬G82730¬GP¬UNKNOWN¬Visible¬True¬True¬Kingsnorth Medical Practice¬Ashford Road, Kingsnorth¬Ashford Road¬Kingsnorth¬Ashford¬Kent¬TN23 3ED¬51.120697021484375¬0.85993278026580811¬91Q¬NHS Kent And Medway CCG¬01233610140¬¬http://www.kingsnorthmedicalpractice.co.uk¬01233 625909
13572¬G82732¬GP¬UNKNOWN¬Visible¬False¬False¬Wish Valley Surgery¬Wish Valley¬Talbot Road¬¬Hawkhurst¬Kent¬TN18 4NB¬51.041439056396484¬0.5047268271446228¬91Q¬NHS Kent And Medway CCG¬01580753211¬¬¬01580 754612
13573¬G82733¬GP¬UNKNOWN¬Visible¬True¬True¬Orchard End¬Dorothy Avenue¬¬¬Cranbrook¬Kent¬TN17 3AY¬51.091854095458984¬0.5399976372718811¬91Q¬NHS Kent And Medway CCG¬01580713622¬¬http://www.orchardendsurgery.com/¬01580 715537
13577¬G82737¬GP¬UNKNOWN¬Visible¬True¬True¬Long Catlis Road Surgery¬Parkwood Health Centre¬Long Catlis Road¬¬Rainham¬Kent¬ME8 9PR¬51.348323822021484¬0.59559363126754761¬91Q¬NHS Kent And Medway CCG¬01634233491¬¬¬01634 263895
13579¬G82741¬GP¬UNKNOWN¬Visible¬True¬True¬Princes Park Medical Ctr¬Dove Close¬Walderslade¬¬Chatham¬Kent¬ME5 7TD¬51.354938507080078¬0.5346342921257019¬91Q¬NHS Kent And Medway CCG¬01634201272¬ppmc@nhs.net¬¬01634 868159
13581¬G82744¬GP¬UNKNOWN¬Visible¬True¬True¬The Halfway Surgery¬68 New Road¬¬¬Chatham¬Kent¬ME4 4QR¬51.380428314208984¬0.52417159080505371¬91Q¬NHS Kent And Medway CCG¬01634 828665¬¬¬
13582¬G82050001¬GP¬UNKNOWN¬Visible¬True¬True¬Musgrove Park Medical Centre¬Musgrove Park Medical Centre¬Beaver Road¬¬Ashford¬Kent¬TN23 7SP¬51.136634826660156¬0.86585026979446411¬91Q¬NHS Kent And Medway CCG¬01233 625527¬¬http://musgroveparksurgery.nhs.uk¬01233 661227
13583¬G82024001¬GP¬UNKNOWN¬Visible¬True¬True¬The Orchard Medical Centre¬146 Heath Road¬Coxheath¬¬Maidstone¬Kent¬ME17 4PL¬51.231571197509766¬0.49799346923828125¬91Q¬NHS Kent And Medway CCG¬01622745585¬mydoctor@nhs.net¬http://www.greensandhealth.co.uk¬
13585¬G82753¬GP¬UNKNOWN¬Visible¬True¬True¬The Kings Family Practice¬30-34 Magpie Hall Road¬¬¬Chatham¬Kent¬ME4 5JY¬51.377849578857422¬0.53451395034790039¬91Q¬NHS Kent And Medway CCG¬01634810040¬¬http://www.thekingsfamilypractice.co.uk/¬01634 843270
13586¬G82754¬GP¬UNKNOWN¬Visible¬True¬True¬Hadlow Medical Centre¬Hadlow Old School¬School Lane¬¬Tonbridge¬Kent¬TN11 0ET¬51.224456787109375¬0.33778113126754761¬91Q¬NHS Kent And Medway CCG¬01732667443¬hadlowmedicalcentre@nhs.net¬¬01732 852316
13587¬G82757¬GP¬UNKNOWN¬Visible¬True¬True¬Lakeside Medical Centre¬53 Todd Crescent¬Kemsley¬¬Sittingbourne¬Kent¬ME10 2TZ¬51.357772827148437¬0.74555188417434692¬91Q¬NHS Kent And Medway CCG¬01795424315¬¬¬
13588¬G82760¬GP¬UNKNOWN¬Visible¬True¬True¬Park Farm Surgery¬1 Alder Road¬¬¬Folkestone¬Kent¬CT19 5BZ¬51.088123321533203¬1.1736397743225098¬91Q¬NHS Kent And Medway CCG¬01303851021¬¬¬01303 226743
13589¬G82762¬GP¬UNKNOWN¬Visible¬True¬True¬Upper Canterbury St Surgery¬511 Canterbury Street¬¬¬Gillingham¬Kent¬ME7 5LH¬51.375389099121094¬0.55172920227050781¬91Q¬NHS Kent And Medway CCG¬01634573020¬¬¬01634 281287
13590¬G82763¬GP¬UNKNOWN¬Visible¬True¬True¬Napier Road Surgery¬151 Napier Road¬¬¬Gillingham¬Kent¬ME7 4HH¬51.381107330322266¬0.55381512641906738¬91Q¬NHS Kent And Medway CCG¬01634580480¬¬http://www.janasurgery.co.uk¬01634 281851
13592¬G82768¬GP¬UNKNOWN¬Visible¬True¬True¬The Lonsdale Medical Centre Partnership¬1 Clanricarde Gardens¬¬¬Tunbridge Wells¬Kent¬TN1 1PE¬51.131706237792969¬0.26188185811042786¬91Q¬NHS Kent And Medway CCG¬01892530329¬lonsdale.medical@nhs.net¬http://www.lonsdalemedicalcentre-kent.nhs.uk¬01892 536583
13594¬G82775¬GP¬UNKNOWN¬Visible¬True¬True¬Malvern Road Surgery¬Medway Medical Centre¬90-92 Malvern Road¬¬Gillingham¬Kent¬ME7 4BB¬51.373817443847656¬0.5574183464050293¬91Q¬NHS Kent And Medway CCG¬01634578333¬¬¬
13596¬G82780¬GP¬UNKNOWN¬Visible¬True¬True¬Gravesend Medical Centre¬1 New Swan Yard¬¬¬Gravesend¬Kent¬DA12 2EN¬51.443931579589844¬0.37000030279159546¬91Q¬NHS Kent And Medway CCG¬01474534123¬¬¬01474 333629
13598¬G82790001¬GP¬UNKNOWN¬Visible¬True¬False¬Dr Kinnersley D S & Partner¬Branch Road¬Chilham¬¬Canterbury¬Kent¬CT4 8DR¬51.243698120117187¬0.96752524375915527¬91Q¬NHS Kent And Medway CCG¬01227730210¬¬¬01227 731907
13599¬G82790¬GP¬UNKNOWN¬Visible¬True¬False¬The Old School Surgery¬Bolts Hill¬Chartham¬¬Canterbury¬Kent¬CT4 7JY¬51.253787994384766¬1.0066744089126587¬91Q¬NHS Kent And Medway CCG¬01227738282¬¬¬01227 732122
13600¬G82791001¬GP¬UNKNOWN¬Visible¬True¬True¬Dr S Chandran¬High Street¬Sheppey¬¬Queenborough¬Kent¬ME11 5AQ¬51.416805267333984¬0.74616914987564087¬91Q¬NHS Kent And Medway CCG¬01795580380¬¬¬01795 665942
13601¬G82791¬GP¬UNKNOWN¬Visible¬True¬True¬Dr S Chandran Practice¬Sheerness Health Centre¬250-262 High Street¬¬Sheerness¬Kent¬ME12 1UP¬51.436119079589844¬0.76665329933166504¬91Q¬NHS Kent And Medway CCG¬01795585001¬¬¬01795 585840
13603¬G82796¬GP¬UNKNOWN¬Visible¬True¬True¬Broadstairs Medical Practice¬¬The Broadway¬¬Broadstairs¬Kent¬CT10 2AJ¬51.360630035400391¬1.4330689907073975¬91Q¬NHS Kent And Medway CCG¬01843 608836¬¬http://www.broadstairsmedicalpractice.nhs.uk¬
13605¬G82799¬GP¬UNKNOWN¬Visible¬True¬True¬Sheppey Healthy Living Centre¬Royal Road¬Off Broadway¬¬Sheerness¬Kent¬ME12 1HH¬51.441535949707031¬0.76306635141372681¬91Q¬NHS Kent And Medway CCG¬01795585105¬¬http://www.sheppeyhealthylivingcentre.co.uk/¬01795 667845
13606¬G82802¬GP¬UNKNOWN¬Visible¬True¬True¬Canterbury Health Centre¬26 Old Dover Road¬¬¬Canterbury¬Kent¬CT1 3JH¬51.274242401123047¬1.0829647779464722¬91Q¬NHS Kent And Medway CCG¬03000426600¬laragreggio@nhs.net¬http://www.canterburyhealthcentre.co.uk¬01227 784979
13608¬G82808¬GP¬UNKNOWN¬Visible¬True¬True¬Oakfield Health Centre, Practice 2¬Off Windsor Road¬¬¬Gravesend¬Kent¬DA12 5BW¬51.420848846435547¬0.37070447206497192¬91Q¬NHS Kent And Medway CCG¬01474537123¬¬www.oakfieldhealthcentre.co.uk¬01474 329697
13609¬G82809¬GP¬UNKNOWN¬Visible¬True¬True¬Downs Way Medical Practice¬Worcester Close¬Istead Rise¬¬Gravesend¬Kent¬DA13 9LB¬51.407054901123047¬0.3523469865322113¬91Q¬NHS Kent And Medway CCG¬01474247003¬¬http://www.downswaymedicalpractice.co.uk¬01474 831159
13610¬G82809001¬GP¬UNKNOWN¬Visible¬True¬True¬Shorne Village Surgery¬Crown Lane¬Shorne¬¬Gravesend¬Kent¬DA12 3DY¬51.415760040283203¬0.43032968044281006¬91Q¬NHS Kent And Medway CCG¬01474247003¬¬http://www.downswaymedicalpractice.co.uk¬01474 824909
13614¬G82820¬GP¬UNKNOWN¬Visible¬True¬True¬Wayfield Road Surgery¬183B Wayfield Road¬¬¬Chatham¬Kent¬ME5 0HD¬51.359825134277344¬0.5307956337928772¬91Q¬NHS Kent And Medway CCG¬01634 406607¬edn.g82820@nhs.net¬¬01634 311409
13616¬G82888¬GP¬UNKNOWN¬Visible¬True¬True¬South Park Medical Practice¬South Park¬¬¬Sevenoaks¬Kent¬TN13 1ED¬51.270004272460938¬0.18971644341945648¬91Q¬NHS Kent And Medway CCG¬01732744200¬southpark.medical@nhs.net¬http://www.southparkmedical.nhs.uk¬01732 744206
13617¬G83001¬GP¬UNKNOWN¬Visible¬True¬True¬Manor Brook Pms¬117 Brook Lane¬Blackheath¬¬London¬Greater London¬SE3 0EN¬51.469219207763672¬2.5076648220419884E-2¬72Q¬NHS South East London CCG¬02088565678¬¬http://www.manorbrookmedicalcentre.co.uk/¬020 8856 8632
13618¬G83002001¬GP¬UNKNOWN¬Visible¬True¬True¬The Pickford Surgery¬¬55 Pickford Lane¬¬Bexleyheath¬Kent¬DA7 4RN¬51.466777801513672¬0.13342712819576263¬72Q¬NHS South East London CCG¬02083035353¬westwood.surgery@nhs.net¬http://westwoodsurgery.nhs.uk¬020 3223 0838
13619¬G83002¬GP¬UNKNOWN¬Visible¬True¬True¬The Westwood Surgery¬24 Westwood Lane¬Welling¬Kent¬Welling¬Kent¬DA16 2HE¬51.463176727294922¬9.7310446202754974E-2¬72Q¬NHS South East London CCG¬02083035353¬westwood.surgery@nhs.net¬http://www.westwoodsurgery.nhs.uk¬020 3223 0839
13620¬G83003001¬GP¬UNKNOWN¬Visible¬True¬True¬The Hill Surgery (Lead GP - Dr BAKSH)¬145 White Horse Hill¬¬¬Chislehurst¬Kent¬BR7 6DH¬51.425945281982422¬5.6219164282083511E-2¬72Q¬NHS South East London CCG¬02036750751¬¬¬0844 499 0487
13621¬G83003¬GP¬UNKNOWN¬Visible¬True¬True¬Coldharbour Surgery¬79 William Barefoot Drive¬Eltham¬¬London¬Greater London¬SE9 3JD¬51.432117462158203¬5.9172216802835464E-2¬72Q¬NHS South East London CCG¬02036750751¬¬¬0844 499 0487
13622¬G83004¬GP¬UNKNOWN¬Visible¬True¬True¬Barnard Medical Group¬43 Granville Road¬¬¬Sidcup¬Kent¬DA14 4TA¬51.427921295166016¬0.10556404292583466¬72Q¬NHS South East London CCG¬020 8302 7721¬¬http://www.barnardmedicalgroup.co.uk¬
13624¬G83006¬GP¬UNKNOWN¬Visible¬True¬True¬The Albion Surgery¬¬6 Pincott Road¬¬Bexleyheath¬Kent¬DA6 7LP¬51.454048156738281¬0.14742898941040039¬72Q¬NHS South East London CCG¬0208 304 8334¬¬http://albionsurgery.com/¬
13626¬G83009¬GP¬UNKNOWN¬Visible¬True¬True¬Bellegrove Surgery¬174 Bellegrove Road¬¬¬Welling¬Kent¬DA16 3RE¬51.464561462402344¬9.5804661512374878E-2¬72Q¬NHS South East London CCG¬020 8856 1770¬bellegrove.surgery@nhs.net¬http://www.bellegrovesurgery.co.uk/¬
13627¬G83010¬GP¬UNKNOWN¬Visible¬True¬True¬Northumberland Heath Medical Centre¬Hind Crescent¬Northumberland Heath¬¬Erith¬Kent¬DA8 3DB¬51.476924896240234¬0.16601526737213135¬72Q¬NHS South East London CCG¬01322 336556¬¬http://www.northumberlandheathmedicalcentre.co.uk¬01322 351475
13628¬G83012¬GP¬UNKNOWN¬Visible¬True¬True¬Thamesmead Medical Associates - Pms¬Gallions Reach Health Centre¬Gallions Reach Health Centre¬Bentham Road¬Thamesmead¬Greater London¬SE28 8BE¬51.505664825439453¬0.10947784036397934¬72Q¬NHS South East London CCG¬02083335000¬¬http://www.thamesmeadmedical.org¬
13629¬G83012001¬GP¬UNKNOWN¬Visible¬True¬True¬Heronsgate Medical Centre¬Thamesmead Medical Associates¬1a Goosander Way¬Thamesmead¬London¬Greater London¬SE28 0ER¬51.492771148681641¬8.2677952945232391E-2¬72Q¬NHS South East London CCG¬0208 333 5050¬¬http://thamesmeadmedical.org¬
13630¬G83013¬GP¬UNKNOWN¬Visible¬True¬True¬Blackheath Standard Pms¬11- 13 Charlton Road¬Blackheath¬¬London¬Greater London¬SE3 7HB¬51.478134155273438¬1.9811719655990601E-2¬72Q¬NHS South East London CCG¬02082692040¬greccg.blackheathstandardpms@nhs.net¬http://www.blackheathstandardsurgery.com¬020 8293 9286
13631¬G83015¬GP¬UNKNOWN¬Visible¬True¬True¬Eltham Palace Pms¬Eltham Community Hospital¬30 Passey Place¬Eltham¬London¬Greater London¬SE9 5DQ¬51.449947357177734¬5.3728047758340836E-2¬72Q¬NHS South East London CCG¬02082948150¬¬http://www.elthampalacesurgery.nhs.uk¬
13632¬G83016¬GP¬UNKNOWN¬Visible¬True¬True¬Royal Arsenal Medical Centre¬21 Arsenal Way¬Woolwich¬¬London¬¬SE18 6TE¬51.492179870605469¬7.3173172771930695E-2¬72Q¬NHS South East London CCG¬020 8854 0356¬greccg.royalarsenalpms@nhs.net¬http://www.royalarsenalmedicalcentre.co.uk¬020 8855 5484
13635¬G83018¬GP¬UNKNOWN¬Visible¬True¬True¬Lakeside Medical Practice¬Lakeside Health Centre¬Yarnton Way¬¬Thamesmead¬Greater London¬SE2 9LH¬51.496517181396484¬0.12246864289045334¬72Q¬NHS South East London CCG¬0208 102 0488¬¬http://lakesidegpsthamesmead.co.uk¬0844 477 8965
13636¬G83019¬GP¬UNKNOWN¬Visible¬True¬True¬Plumstead Health Centre PMS¬Tewson Road¬Plumstead¬¬London¬Greater London¬SE18 1BH¬51.485443115234375¬9.3276374042034149E-2¬72Q¬NHS South East London CCG¬02083165472¬¬http://www.plumsteadhealthcentre.org.uk¬0208855 9958
13638¬G83021¬GP¬UNKNOWN¬Visible¬True¬True¬Vanbrugh Group Practice¬Greenwich Square Health Centre¬2Nd Floor The Greewich Centre¬12 Lambarde Square¬London¬Greater London¬SE10 9GB¬51.486068725585938¬8.5673881694674492E-3¬72Q¬NHS South East London CCG¬0333 332 7300¬¬http://vanbrughgps.co.uk¬
13639¬G83022¬GP¬UNKNOWN¬Visible¬True¬False¬Dr Vasanti Sandrasagra¬191 Westmount Road¬Eltham¬¬London¬Greater London¬SE9 1XY¬51.460250854492188¬0.05781840905547142¬72Q¬NHS South East London CCG¬02088501540¬¬¬020 88594737
13640¬G83024¬GP¬UNKNOWN¬Visible¬True¬True¬Ingleton Avenue Surgery¬¬84 Ingleton Avenue¬¬Welling¬Kent¬DA16 2JZ¬51.454006195068359¬0.10410146415233612¬72Q¬NHS South East London CCG¬020 8303 1655¬¬http://www.ingletonavenuesurgery.co.uk/¬
13641¬G83025001¬GP¬UNKNOWN¬Visible¬True¬True¬Holly House Surgery¬¬12 Avery Hill Road¬¬New Eltham¬Greater London¬SE9 2BD¬51.438243865966797¬7.3721535503864288E-2¬72Q¬NHS South East London CCG¬020 3260 1064¬¬http://www.wellingmedicalpractice.co.uk/¬020 8850 5550
13642¬G83025¬GP¬UNKNOWN¬Visible¬True¬True¬Welling Medical Practice¬dsf¬2 Danson Crescent¬¬Welling¬Kent¬DA16 2AT¬51.460842132568359¬0.10798612982034683¬72Q¬NHS South East London CCG¬020 8301 7889¬¬https://www.wellingmedicalpractice.co.uk/¬020 8301 7885
13643¬G83026001¬GP¬UNKNOWN¬Visible¬True¬True¬Triveni PMS¬34 Plumstead Common Road¬Woolwich¬Plumstead¬London¬Greater London¬SE18 3TL¬51.481979370117188¬7.0620842278003693E-2¬72Q¬NHS South East London CCG¬02088540229¬¬http://www.trivenipms.co.uk¬
13644¬G83026¬GP¬UNKNOWN¬Visible¬True¬True¬Triveni Pms¬Escreet Grove¬Woolwich¬¬London¬Greater London¬SE18 5TE¬51.490322113037109¬5.8451972901821136E-2¬72Q¬NHS South East London CCG¬02088540157¬¬¬020 88543345
13645¬G83027¬GP¬UNKNOWN¬Visible¬True¬True¬Dr Plana & Partners¬71 Sherard Road¬¬¬London¬Greater London¬SE9 6ER¬51.454723358154297¬4.9437209963798523E-2¬72Q¬NHS South East London CCG¬02088502120¬¬http://www.sherardrdmedicalcentre.co.uk/¬020 8850 1220
13646¬G83027001¬GP¬UNKNOWN¬Visible¬True¬True¬Kidbrooke Village Medical Centre¬Kidbrooke Village Medical Centre¬7 Elford Close¬Kidbrooke Village¬London¬Greater London¬SE3 9FA¬51.460727691650391¬2.8861101716756821E-2¬72Q¬NHS South East London CCG¬02088502120¬¬http://www.sherardrdmedicalcentre.co.uk/¬
13648¬G83028¬GP¬UNKNOWN¬Visible¬True¬True¬Bexley Group Practice¬76-78 Upper Wickham Lane¬¬¬Welling¬Kent¬DA16 3HQ¬51.465831756591797¬0.10967016220092773¬72Q¬NHS South East London CCG¬020 3691 0730¬¬http://www.bexleygrouppractice.co.uk¬020 8319 5018
13651¬G83028002¬GP¬UNKNOWN¬Visible¬True¬True¬Station Road Surgery¬24 Station Road¬¬¬Belvedere¬Kent¬DA17 6JJ¬51.491249084472656¬0.15201476216316223¬72Q¬NHS South East London CCG¬020 3691 0730¬¬http://www.bexleygrouppractice.co.uk¬020 8311 5651
13652¬G83029¬GP¬UNKNOWN¬Visible¬True¬True¬Plas Meddyg Surgery¬¬40 Parkhill Road¬¬Bexley¬Kent¬DA5 1HU¬51.442844390869141¬0.14438502490520477¬72Q¬NHS South East London CCG¬01322 470595¬¬http://www.plasmeddygsurgery.com/¬
13653¬G83030¬GP¬UNKNOWN¬Visible¬True¬True¬All Saints Medical Centre Pms¬13A Ripon Road¬Plumstead¬¬London¬Greater London¬SE18 3PS¬51.479133605957031¬6.6243469715118408E-2¬72Q¬NHS South East London CCG¬02088543964¬¬http://www.allsaints-medicalcentre.co.uk¬020 83178512
13654¬G83031¬GP¬UNKNOWN¬Visible¬True¬True¬Abbey Wood Surgery¬9 Godstow Road¬Abbey Wood¬¬London¬Greater London¬SE2 9AT¬51.497093200683594¬0.11651627719402313¬72Q¬NHS South East London CCG¬02083107066¬greccg.abbeypms@nhs.net¬http://www.abbeywoodsurgery.gpsurgery.net/webdesk/netblast/pages/index.html¬020 8311 8867
13655¬G83033¬GP¬UNKNOWN¬Visible¬True¬True¬Dr Thavapalan¬55 Little Heath Road¬¬¬Bexleyheath¬Kent¬DA7 5HL¬51.472278594970703¬0.13953001797199249¬72Q¬NHS South East London CCG¬01322 449327¬surgery.thava@nhs.net¬http://www.drthavapalanandpartners.nhs.uk/¬
13656¬G83034¬GP¬UNKNOWN¬Visible¬True¬False¬Dr John Livingstone¬46 Westmount Road¬Eltham¬¬London¬Greater London¬SE9 1JE¬51.454700469970703¬6.1037681996822357E-2¬72Q¬NHS South East London CCG¬02088501030¬greccg.elthamparkpms@nhs.net¬¬020 8859 2036
13657¬G83037¬GP¬UNKNOWN¬Visible¬True¬True¬Bulbanks Medical Centre¬Bulbanks Medical Centre¬62 Battle Road¬¬Erith¬Kent¬DA8 1BJ¬51.488521575927734¬0.16624799370765686¬72Q¬NHS South East London CCG¬01322 432997¬bulbanksmedicalcentre@nhs.net¬http://www.bulbanksmedicalcentre.co.uk/¬01322 442324
13658¬G83039¬GP¬UNKNOWN¬Visible¬True¬True¬St Marks Pms¬24 Wrottesley Road¬Plumstead¬¬London¬Greater London¬SE18 3EP¬51.481052398681641¬7.2537697851657867E-2¬72Q¬NHS South East London CCG¬02088546262¬greccg.stmarks-patientgroup@nhs.net¬http://www.stmarksmedicalcentre.co.uk/¬
13659¬G83039001¬GP¬UNKNOWN¬Visible¬True¬True¬Nightingale Surgery¬19 Milward Walk¬Woolwich¬¬London¬Greater London¬SE18 4DQ¬51.479522705078125¬6.2862373888492584E-2¬72Q¬NHS South East London CCG¬02088548236¬greccg.stmarks-patientgroup@nhs.net¬http://www.stmarksmedicalcentre.co.uk/¬020 8854 8237
13662¬G83044¬GP¬UNKNOWN¬Visible¬True¬True¬Fairfield Pms¬The Fairfield Centre¬41-43 Fairfield Grove¬Charlton¬London¬Greater London¬SE7 8TX¬51.483909606933594¬3.8963757455348969E-2¬72Q¬NHS South East London CCG¬02083053007¬¬https://fairfield.gpsurgery.net¬020 83053005
13663¬G83046¬GP¬UNKNOWN¬Visible¬True¬True¬Bursted Wood Surgery¬219 Erith Road¬Barnehurst¬¬Bexleyheath¬Kent¬DA7 6HZ¬51.465721130371094¬0.15235388278961182¬72Q¬NHS South East London CCG¬02083011766¬burstedwood@nhs.net¬http://www.burstedwoodsurgery.co.uk¬020 8298 7735
13664¬G83047¬GP¬UNKNOWN¬Visible¬True¬True¬Station Road Surgery¬¬69 Station Road¬¬Sidcup¬Kent¬DA15 7DS¬51.431446075439453¬0.10204313695430756¬72Q¬NHS South East London CCG¬020 8308 4444¬¬http://www.stationroadsurgery-sidcup.nhs.uk¬020 8309 9040
13665¬G83049¬GP¬UNKNOWN¬Visible¬True¬True¬Lyndhurst Road Medical Centre¬¬41 Lyndhurst Road¬¬Barnehurst¬Kent¬DA7 6DL¬51.461250305175781¬0.15878017246723175¬72Q¬NHS South East London CCG¬01322 525000¬lyndhurst.surgery@nhs.net¬http://www.lyndhurstroadsurgery.co.uk/¬01322 523123
13666¬G83052¬GP¬UNKNOWN¬Visible¬True¬True¬Belvedere Medical Centre ¬15 Albert Road¬¬¬Belvedere¬Kent¬DA17 5LQ¬51.482566833496094¬0.14439009130001068¬72Q¬NHS South East London CCG¬01322 446700¬belvederemedicalcentre@nhs.net¬http://www.belvederemedicalcentre.co.uk/¬01322 446001
13667¬G83053001¬GP¬UNKNOWN¬Visible¬True¬True¬Hurst Place Surgery¬294A Hurst Road¬¬¬Bexley¬Kent¬DA5 3LH¬51.438491821289063¬0.12465522438287735¬72Q¬NHS South East London CCG¬020 8300 2826¬bexleymedicalgroup@nhs.net¬http://www.bexleymedicalgroup.co.uk/¬
13668¬G83053002¬GP¬UNKNOWN¬Visible¬True¬True¬Bexley Medical Group¬Erith Health Centre¬50 Pier Road¬¬Erith¬Kent¬DA8 1RQ¬51.479564666748047¬0.18078722059726715¬72Q¬NHS South East London CCG¬01322 334237¬bexleymedicalgroup@nhs.net¬http://www.bexleymedicalgroup.co.uk/¬
13671¬G83053¬GP¬UNKNOWN¬Visible¬True¬True¬Bexley Medical Group¬171 King Harold's Way¬¬¬Bexleyheath¬Kent¬DA7 5RB¬51.475059509277344¬0.12798137962818146¬72Q¬NHS South East London CCG¬020 8303 1127¬¬http://www.bexleymedicalgroup.co.uk¬
13672¬G83057¬GP¬UNKNOWN¬Visible¬True¬True¬Woodlands Surgery¬¬146 Halfway Street¬¬Sidcup¬Kent¬DA15 8DF¬51.439754486083984¬8.8927499949932098E-2¬72Q¬NHS South East London CCG¬020 8300 1680¬¬http://www.woodlandssurgerysidcup.nhs.uk/¬020 8309 7020
13673¬G83058¬GP¬UNKNOWN¬Visible¬True¬True¬Primecare Pms (South Street)¬71A Greenwich South St¬Greenwich¬¬London¬Greater London¬SE10 8NT¬51.476192474365234¬-1.2459349818527699E-2¬72Q¬NHS South East London CCG¬02082933330¬doctor@greenwichmedics.co.uk¬http://www.greenwichmedics.co.uk¬020 8293 3303
13674¬G83060001¬GP¬UNKNOWN¬Visible¬True¬True¬Dr B Patel Dr P Vutukuri¬123 Samuel Street¬Woolwich¬¬London¬Greater London¬SE18 5LG¬51.489627838134766¬0.05245700478553772¬72Q¬NHS South East London CCG¬02088541222¬¬¬
13675¬G83060¬GP¬UNKNOWN¬Visible¬True¬True¬Glyndon Medical Centre¬188 Ann Street¬Plumstead¬¬London¬Greater London¬SE18 7LU¬51.487384796142578¬0.07960924506187439¬72Q¬NHS South East London CCG¬02088546444¬kerry.ruston@nhs.net¬https://www.glyndonpms.co.uk¬020 88557656
13677¬G83062¬GP¬UNKNOWN¬Visible¬True¬True¬Slade Green Medical Centre¬156 Bridge Road¬Slade Green¬¬Erith¬Kent¬DA8 2HS¬51.470504760742187¬0.18980087339878082¬72Q¬NHS South East London CCG¬01322 334884¬¬http://www.sladegreenmedicalcentre.com¬01322 351510
13678¬G83062001¬GP¬UNKNOWN¬Visible¬True¬True¬Colyers Lane Medical Centre¬90 Colyers Lane¬¬¬Erith¬Kent¬DA8 3NZ¬51.471755981445313¬0.17089653015136719¬72Q¬NHS South East London CCG¬01322 342457¬¬http://www.sladegreenmedicalcentre.com¬01322 351514
13680¬G83066003¬GP¬UNKNOWN¬Visible¬True¬True¬Thanet Road Surgery¬63 Thanet Road¬¬¬Bexley¬Kent¬DA5 1AP¬51.442760467529297¬0.14853985607624054¬72Q¬NHS South East London CCG¬01322 528221¬¬http://www.sidcupmedicalcentre.co.uk/¬
13681¬G83065¬GP¬UNKNOWN¬Visible¬True¬True¬Burney Street Pms¬48 Burney Street¬Greenwich¬¬London¬Greater London¬SE10 8EX¬51.479034423828125¬-9.1531733050942421E-3¬72Q¬NHS South East London CCG¬02088580631¬¬http://www.burneystreetpractice.co.uk¬020 8293 9616
13682¬G83065002¬GP¬UNKNOWN¬Visible¬True¬True¬Wallace Health Centre¬Clarence Road¬¬¬London¬Greater London¬SE8 3BX¬51.481533050537109¬-1.8751395866274834E-2¬72Q¬NHS South East London CCG¬02088580631¬¬http://www.burneystreetpractice.co.uk¬020 8691 5092
13683¬G83066001¬GP¬UNKNOWN¬Visible¬True¬True¬Sidcup Medical Centre¬¬231 Burnt Oak Lane¬¬Sidcup¬Kent¬DA15 9BQ¬51.445304870605469¬0.10539957135915756¬72Q¬NHS South East London CCG¬020 8300 2747¬¬http://www.sidcupmedicalcentre.co.uk/¬020 8302 8326
13684¬G83066¬GP¬UNKNOWN¬Visible¬True¬True¬Sidcup Medical Centre¬¬2 Church Avenue¬¬Sidcup¬Kent¬DA14 6BU¬51.423561096191406¬0.1059533879160881¬72Q¬NHS South East London CCG¬020 8302 1114¬¬http://www.sidcupmedicalcentre.co.uk/¬020 8309 6350
13685¬G83067¬GP¬UNKNOWN¬Visible¬True¬True¬Ferryview Health Centre¬25 John Wilson Street¬Woolwich¬¬London¬Greater London¬SE18 6PZ¬51.492210388183594¬6.1533443629741669E-2¬72Q¬NHS South East London CCG¬02083195400¬¬www.valentinehealth.org.uk¬020 8319 5404
13689¬Y03755¬GP¬UNKNOWN¬Visible¬True¬True¬Greenwich Peninsula Practice¬Schoolbank Road¬Greenwich¬¬London¬Greater London¬SE10 0QN¬51.493259429931641¬1.2052682228386402E-2¬72Q¬NHS South East London CCG¬02083128700¬¬http://www.mhgreenwich.co.uk/¬020 8312 8751
13691¬G83628001¬GP¬UNKNOWN¬Visible¬True¬True¬Blackfen Medical Centre¬161 Blackfen Road¬Blackfen¬¬Sidcup¬Kent¬DA15 8PZ¬51.451984405517578¬9.3069590628147125E-2¬72Q¬NHS South East London CCG¬02088595881¬¬http://www.newlthammedicalcentre.co.uk¬020 8850 5157
13692¬G83628¬GP¬UNKNOWN¬Visible¬True¬True¬New Eltham Medical Centre¬52 Thaxted Road¬New Eltham¬¬London¬Greater London¬SE9 3PT¬51.434494018554688¬7.4213534593582153E-2¬72Q¬NHS South East London CCG¬02088502458¬¬¬020 88595763
13693¬G83630¬GP¬UNKNOWN¬Visible¬True¬True¬Riverside Surgery - Pier Road Branch¬Erith¬50 Pier Road¬¬Erith¬Kent¬DA8 1RQ¬51.479564666748047¬0.18078722059726715¬72Q¬NHS South East London CCG¬01322 330283¬¬http://www.theriversidesurgery.co.uk/¬
13695¬G83631¬GP¬UNKNOWN¬Visible¬True¬True¬Abbeyslade Pms (Dr Chand)¬111 Basildon Road¬Abbey Wood¬¬London¬Greater London¬SE2 0ER¬51.487796783447266¬0.10745736211538315¬72Q¬NHS South East London CCG¬02083113917¬greccg.abbeysladepms@nhs.net¬https://www.basildonroadsurgery.co.uk/¬020 8310 3969
13696¬G83633001¬GP¬UNKNOWN¬Visible¬True¬True¬Welling Medical Surgery¬7 Day Healthcare¬142-146 Bellegrove Road¬¬London¬Greater London¬DA16 3QR¬51.463905334472656¬9.9748201668262482E-2¬72Q¬NHS South East London CCG¬02083047662¬¬https://www.conwaypms.nhs.uk/¬020 8855 1938
13697¬G83633¬GP¬UNKNOWN¬Visible¬True¬True¬Conway PMS¬44 Conway Road¬Plumstead¬¬London¬Greater London¬SE18 1AH¬51.487247467041016¬0.08635856956243515¬72Q¬NHS South East London CCG¬02088542042¬gemma.hepburn-morris@nhs.net¬http://www.conwaypms.nhs.uk¬020 8855 1938
13698¬G83635001¬GP¬UNKNOWN¬Visible¬True¬True¬Dr GUPTA & partner¬209 Wickham Street¬¬¬Welling¬Kent¬DA16 3LP¬51.468463897705078¬0.10040375590324402¬72Q¬NHS South East London CCG¬02081022324¬¬http://www.waverleypractice.co.uk/¬020 8855 7689
13699¬G83635¬GP¬UNKNOWN¬Visible¬True¬True¬The Waverley Practice¬37 Waverley Crescent¬Plumstead¬¬London¬Greater London¬SE18 7QU¬51.482734680175781¬8.3128064870834351E-2¬72Q¬NHS South East London CCG¬02081022324¬¬¬020 8316 6353
13700¬G83641¬GP¬UNKNOWN¬Visible¬True¬True¬Plumbridge Medical Centre¬32-33 Plumbridge Street¬¬¬London¬Greater London¬SE10 8PA¬51.47320556640625¬-1.3971549458801746E-2¬72Q¬NHS South East London CCG¬02086927591¬¬http://www.plumbridgemedicalcentre.nhs.uk/¬02086949947
13701¬G83642¬GP¬UNKNOWN¬Visible¬True¬True¬Crayford Town Surgery¬Townhall Square¬Crayford Road¬¬Crayford¬Kent¬DA1 4FN¬51.450202941894531¬0.18046693503856659¬72Q¬NHS South East London CCG¬01322 621690¬¬https://www.crayfordtownsurgery.nhs.uk/¬01322 508108
13703¬G83647001¬GP¬UNKNOWN¬Visible¬True¬True¬Dr Mostafa M A¬253 Wickham Lane¬Abbey Wood¬¬London¬Greater London¬SE2 0NX¬51.478584289550781¬0.1051604375243187¬72Q¬NHS South East London CCG¬02083178708¬¬http://www.DrMostafaPMS.nhs.uk¬0208 316 1239
13704¬G83647¬GP¬UNKNOWN¬Visible¬True¬True¬Mostafa Pms¬141 Plumstead High Street¬Plumstead¬¬London¬Greater London¬SE18 1SE¬51.487510681152344¬9.2694170773029327E-2¬72Q¬NHS South East London CCG¬02088550052¬¬http://www.DrMostafaPMS.nhs.uk¬0208 855 7672
13705¬G83651¬GP¬UNKNOWN¬Visible¬True¬True¬Woodlands Surgery¬Woodland Walk¬Off Trafalgar Road¬¬London¬Greater London¬SE10 9UB¬51.484798431396484¬4.622570239007473E-3¬72Q¬NHS South East London CCG¬02088580689¬¬http://www.woodlands-charlton-surgeries.nhs.uk¬020 8293 9615
13706¬G83651001¬GP¬UNKNOWN¬Visible¬True¬True¬Dr RATNARAJAN & Partner¬67 Charlton Road¬Blackheath¬¬London¬Greater London¬SE3 8TJ¬51.479076385498047¬2.2920986637473106E-2¬72Q¬NHS South East London CCG¬02088588513¬¬¬020 8293 9615
13707¬G83654¬GP¬UNKNOWN¬Visible¬True¬True¬Bannockburn Pms¬20-22 Bannockburn Road¬Plumstead¬¬London¬Greater London¬SE18 1ES¬51.488170623779297¬9.4568133354187012E-2¬72Q¬NHS South East London CCG¬02088555540¬greccg.bannockburnpms@nhs.net¬http://www.bannockburnsurgery.co.uk¬020 88554970
13713¬G83630002¬GP¬UNKNOWN¬Visible¬True¬True¬Riverside Surgery - Mill Road Branch¬Erith¬25 Mill Road¬¬Erith¬Kent¬DA8 1HW¬51.473121643066406¬0.16059352457523346¬72Q¬NHS South East London CCG¬01322 332455¬¬https://www.millroadsurgery.nhs.uk/¬
13714¬G83673002¬GP¬UNKNOWN¬Visible¬True¬True¬Hill Surgery - Ratneswaren¬147 White Horse Hill¬¬¬Chislehurst¬Kent¬BR7 6DH¬51.425945281982422¬5.6219164282083511E-2¬72Q¬NHS South East London CCG¬02088574546¬¬¬0208 857 0383
13715¬G83673003¬GP¬UNKNOWN¬Visible¬True¬True¬Campus Medical Centre¬25 Catherine Of Aragon Court¬257 Avery Hill Road¬¬London¬Greater London¬SE9 2EU¬51.446636199951172¬7.7785879373550415E-2¬72Q¬NHS South East London CCG¬02083319680¬¬¬0208 331 7554
13716¬G83673¬GP¬UNKNOWN¬Visible¬True¬True¬Primecare Eltham¬81 William Barefoot Drive¬¬¬London¬Greater London¬SE9 3JD¬51.432117462158203¬5.9172216802835464E-2¬72Q¬NHS South East London CCG¬02088571900¬¬http://www.drratneswarenpractice.co.uk¬0208 857 7778
13718¬G83680001¬GP¬UNKNOWN¬Visible¬True¬True¬Eltham Medical Practice (Well Hall Road)¬180 Well Hall Road¬Eltham¬¬London¬Greater London¬SE9 6SR¬51.457843780517578¬5.0570163875818253E-2¬72Q¬NHS South East London CCG¬02088505141¬¬http://www.elthammedicalpractice.co.uk¬
13719¬G83680¬GP¬UNKNOWN¬Visible¬True¬True¬Eltham Medical Practice¬30 Passey Place¬¬¬London¬Greater London¬SE9 5DQ¬51.449947357177734¬5.3728047758340836E-2¬72Q¬NHS South East London CCG¬02088505141¬¬http://www.elthammedicalpractice.nhs.uk¬
13720¬G84001¬GP¬UNKNOWN¬Visible¬True¬True¬South View Partnership¬South View Lodge¬South View¬¬Bromley¬Kent¬BR1 3DR¬51.405948638916016¬2.6146659627556801E-2¬72Q¬NHS South East London CCG¬020 8460 1945¬¬http://www.southviewpartnership.nhs.uk/index.aspx¬
13721¬G84002¬GP¬UNKNOWN¬Visible¬True¬True¬Dysart Surgery¬13 Ravensbourne Road¬¬¬Bromley¬Kent¬BR1 1HN¬51.400390625¬1.5191388316452503E-2¬72Q¬NHS South East London CCG¬02084644138¬broccg.dysartreception@nhs.net¬http://www.dysartsurgery.co.uk¬020 8466 9248
13722¬G84003001¬GP¬UNKNOWN¬Visible¬True¬True¬The Links Medical Practice¬198 Court Farm Road¬Mottingham¬¬London¬Greater London¬SE9 4JS¬51.427947998046875¬4.2944971472024918E-2¬72Q¬NHS South East London CCG¬02088570011¬¬www.thelinksmedicalpractice.co.uk¬020 8857 8894
13723¬G84003¬GP¬UNKNOWN¬Visible¬True¬True¬Links Medical Practice¬27 Brook Lane¬¬¬Bromley¬Kent¬BR1 4PX¬51.419792175292969¬1.4822241850197315E-2¬72Q¬NHS South East London CCG¬02084613333¬¬www.thelinksmedicalpractice.co.uk¬020 8695 5567
13724¬G84004¬GP¬UNKNOWN¬Visible¬True¬True¬Stock Hill Surgery¬Stock Hill Medical Centre¬Stock Hill¬Biggin Hill¬Westerham¬Kent¬TN16 3TJ¬51.311069488525391¬3.4214790910482407E-2¬72Q¬NHS South East London CCG¬01959580011¬broccg.stockhillmedicalcentre@nhs.net¬http://www.stockhillmedicalcentre.nhs.uk¬01959 570785
13726¬G84005¬GP¬UNKNOWN¬Visible¬True¬True¬Derry Downs Surgery¬29 Derry Downs¬St Mary Cray¬¬Orpington¬Kent¬BR5 4DU¬51.385173797607422¬0.11666558682918549¬72Q¬NHS South East London CCG¬01689820036¬broccg.derrydowns@nhs.net¬http://www.derrydownsurgery.co.uk/¬01689 819768
13727¬G84006¬GP¬UNKNOWN¬Visible¬True¬True¬Summercroft Surgery¬Starts Hill Road¬Farnborough¬¬Orpington¬Kent¬BR6 7AR¬51.3653564453125¬6.3071586191654205E-2¬72Q¬NHS South East London CCG¬01689861098¬broccg.summercroft@nhs.net¬http://www.summercroft.net/¬
13728¬G84007¬GP¬UNKNOWN¬Visible¬True¬True¬Poverest Medical Centre¬42 Poverest Road¬¬¬Orpington¬Kent¬BR5 2DQ¬51.390010833740234¬0.10127892345190048¬72Q¬NHS South East London CCG¬01689833643¬¬¬01689 891976
13729¬G84008¬GP¬UNKNOWN¬Visible¬False¬True¬Manor Road Surgery¬14 Manor Road¬¬¬Beckenham¬Kent¬BR3 5LE¬51.407146453857422¬-0.02252928726375103¬72Q¬NHS South East London CCG¬02086500957¬¬¬020 8663-6070
13730¬G84009¬GP¬UNKNOWN¬Visible¬True¬True¬The Family Surgery¬7 High Street¬Green Street Green¬¬Orpington¬Kent¬BR6 6BG¬51.354366302490234¬9.0010151267051697E-2¬72Q¬NHS South East London CCG¬01689850231¬¬http://www.thefamilysurgeryorpington.nhs.uk¬01689 862746
13731¬G84010¬GP¬UNKNOWN¬Visible¬True¬True¬The Chislehurst Medical Practice¬42 High Street¬¬¬Chislehurst¬Kent¬BR7 5AQ¬51.419677734375¬6.6926419734954834E-2¬72Q¬NHS South East London CCG¬02082952464¬¬http://www.chislehurstmedicalpractice.co.uk¬
13732¬G84011¬GP¬UNKNOWN¬Visible¬True¬True¬Eden Park Surgery¬194 Croydon Road¬¬¬Beckenham¬Kent¬BR3 4DQ¬51.399333953857422¬-4.1411790996789932E-2¬72Q¬NHS South East London CCG¬02086501274¬¬¬020 8663 6493
13733¬G84013¬GP¬UNKNOWN¬Visible¬True¬True¬St Mary Cray Practice¬322 High Street¬St Mary Cray¬¬Orpington¬Kent¬BR5 4AR¬51.387046813964844¬0.11347506940364838¬72Q¬NHS South East London CCG¬01689820523¬¬http://www.stmarycraypractice.co.uk¬01689 821145
13734¬G84015¬GP¬UNKNOWN¬Visible¬True¬True¬STATION ROAD SURGERY¬74 Station Road¬¬¬West Wickham¬Kent¬BR4 0PU¬51.377079010009766¬-1.4873174950480461E-2¬72Q¬NHS South East London CCG¬02087778245¬¬http://www.wwdoc.co.uk/¬
13735¬G84016¬GP¬UNKNOWN¬Visible¬True¬True¬London Lane Clinic¬Kinnaird House¬37 -39 London Lane¬¬Bromley¬Kent¬BR1 4HB¬51.41522216796875¬8.6673367768526077E-3¬72Q¬NHS South East London CCG¬02084602661¬¬http://www.thelondonlaneclinic.gpsurgery.net¬020 8464 5041
13736¬G84017¬GP¬UNKNOWN¬Visible¬True¬True¬Addington Road Surgery¬77 Addington Road¬¬¬West Wickham¬Kent¬BR4 9BG¬51.36907958984375¬-3.9555374532938004E-3¬72Q¬NHS South East London CCG¬02084625771¬¬http://www.addingtonroadsurgery.co.uk¬020 8462 8526
13737¬G84018¬GP¬UNKNOWN¬Visible¬True¬True¬Corner Ways Surgery¬50 Manor Road¬¬¬Beckenham¬Kent¬BR3 5LG¬51.407047271728516¬-2.0247433334589005E-2¬72Q¬NHS South East London CCG¬02086502444¬¬¬
13738¬G84019¬GP¬UNKNOWN¬Visible¬True¬True¬The Broomwood Health Centre¬The Broomwood Health Centre¬41 Broomwood Road¬¬Orpington¬Kent¬BR5 2JP¬51.402717590332031¬0.10873395204544067¬72Q¬NHS South East London CCG¬01689 832454¬broccg.broomwoodsurgery@nhs.net¬http://www.thebroomwoodhealthcentre.co.uk¬
13739¬G84020¬GP¬UNKNOWN¬Visible¬True¬True¬Chelsfield Surgery¬62 Windsor Drive¬Chelsfield¬¬Orpington¬Kent¬BR6 6HD¬51.355724334716797¬0.10400409996509552¬72Q¬NHS South East London CCG¬01689852204¬¬http://www.chelsfieldsurgery.co.uk/¬01689 857122
13742¬G84023¬GP¬UNKNOWN¬Visible¬True¬True¬Southborough Lane Surgery¬Crown Medical Centre¬3 Mackintosh Street¬¬Bromley¬Kent¬BR2 9GT¬51.387260437011719¬3.7955839186906815E-2¬72Q¬NHS South East London CCG¬02084687081¬¬http://www.southboroughlanesurgery.co.uk¬
13743¬G84024¬GP¬UNKNOWN¬Visible¬True¬True¬Bromley Common Practice¬3 Mackintosh Street¬¬¬Bromley¬Kent¬BR2 9GT¬51.387260437011719¬3.7955839186906815E-2¬72Q¬NHS South East London CCG¬02084669017¬tbcp@nhs.net¬https://thebromleycommonpractice.co.uk/¬
13744¬G84025¬GP¬UNKNOWN¬Visible¬True¬True¬Park Group Practice¬The Park Practice¬Oaks Park Medical Centre¬17 Oakfield Road¬London¬Greater London¬SE20 8QA¬51.412769317626953¬-6.4191624522209167E-2¬72Q¬NHS South East London CCG¬02087788027¬¬http://www.parkpracticeanerley.co.uk¬020 8289 1418
13745¬G84027¬GP¬UNKNOWN¬Visible¬True¬True¬Elm House Surgery¬Beckenham Beacon¬379 Croydon Road¬¬Beckenham¬Kent¬BR3 3FD¬51.404872894287109¬-0.03270648792386055¬72Q¬NHS South East London CCG¬02086500173¬¬http://www.elmhousesurgery.com¬020 8663 3911
13746¬G84028¬GP¬UNKNOWN¬Visible¬True¬True¬St James' Practice¬138 Croydon Road¬¬¬Beckenham¬Kent¬BR3 4DG¬51.399238586425781¬-4.3658658862113953E-2¬72Q¬NHS South East London CCG¬02086500568¬¬http://www.stjamespractice.co.uk¬020 86504172
13747¬G84029¬GP¬UNKNOWN¬Visible¬True¬True¬Robin Hood Surgery¬94 Croydon Road¬Anerley¬¬London¬Greater London¬SE20 7AB¬51.409832000732422¬-5.7701189070940018E-2¬72Q¬NHS South East London CCG¬02087788651¬¬¬020 8778-5529
13748¬G84030¬GP¬UNKNOWN¬Visible¬True¬True¬Forge Close Surgery¬Forge Close¬Hayes¬¬Bromley¬Kent¬BR2 7LL¬51.37713623046875¬1.6569700092077255E-2¬72Q¬NHS South East London CCG¬02084621601¬forgeclose@gp-g84030.nhs.uk¬http://www.forgeclose.gpsurgery.net/webdesk/netbla¬020 8462 7410
13749¬G84032¬GP¬UNKNOWN¬Visible¬True¬True¬Knoll Medical Practice¬19 Homefield Rise¬¬¬Orpington¬Kent¬BR6 0FE¬51.375408172607422¬0.10105566680431366¬72Q¬NHS South East London CCG¬01689666800¬¬http://www.knollmedicalpractice.co.uk/¬
13750¬G84033¬GP¬UNKNOWN¬Visible¬True¬True¬Pickhurst Surgery¬56 Pickhurst Lane¬Hayes¬¬Bromley¬Kent¬BR2 7JF¬51.378032684326172¬1.0530621744692326E-2¬72Q¬NHS South East London CCG¬02036675550¬¬http://www.pickhurstsurgery.co.uk¬0844 576 9234
13752¬G84035001¬GP¬UNKNOWN¬Visible¬True¬True¬BROMLEY PARK SURGERY¬Bromley Park Medical center¬Daly Drive¬Bickley¬Bromley¬Kent¬BR1 2JQ¬51.400054931640625¬5.9701506048440933E-2¬72Q¬NHS South East London CCG¬02031212005¬broccg.tudorwaysurgery@nhs.net¬https://thetudorwaysurgery.co.uk¬020 3121 2006
13753¬G84035¬GP¬UNKNOWN¬Visible¬True¬True¬Tudor Way Surgery¬42 Tudor Way¬Petts Wood Orpington¬¬Orpington¬Kent¬BR5 1LH¬51.388790130615234¬7.8412584960460663E-2¬72Q¬NHS South East London CCG¬01689820268¬broccg.tudorwaysurgery@nhs.net¬http://www.thetudorwaysurgery.co.uk/¬01689 839414
13755¬G84039¬GP¬UNKNOWN¬Visible¬True¬True¬Norheads Lane surgery¬14A Norheads Lane¬Biggin Hill¬¬Westerham¬Kent¬TN16 3XS¬51.314540863037109¬2.6752900332212448E-2¬72Q¬NHS South East London CCG¬01959574488¬broccg.norheads@nhs.net¬https://norheadslanesurgery.co.uk/¬01959 570560
13756¬G84040¬GP¬UNKNOWN¬Visible¬True¬True¬BALLATER SURGERY¬108 Chislehurst Road¬¬¬Orpington¬Kent¬BR6 0DP¬51.382198333740234¬0.0950145423412323¬72Q¬NHS South East London CCG¬01689826664¬broccg.ballatersurgery@nhs.net¬http://www.ballater-surgery.co.uk/¬
13757¬G84041¬GP¬UNKNOWN¬Visible¬True¬True¬Dr Felix Balaratnam¬1 Gillmans Road¬¬¬Orpington¬Kent¬BR5 4LA¬51.377151489257813¬0.11021707952022552¬72Q¬NHS South East London CCG¬01689822022¬¬¬01689 897929
13759¬G84604¬GP¬UNKNOWN¬Visible¬True¬True¬Highland Medical Practice - Bromley Surgery¬10 Highland Road¬¬¬Bromley¬Kent¬BR1 4AD¬51.411491394042969¬7.0520797744393349E-3¬72Q¬NHS South East London CCG¬02084602368¬¬http://www.highlandmedicalpractice.co.uk¬0208 313 9908
13760¬G84604001¬GP¬UNKNOWN¬Visible¬True¬True¬Highland Medical Practice - Orpington Surgery¬59 Sevenoaks Road¬¬¬Orpington¬Kent¬BR6 9JN¬51.368621826171875¬9.6406102180480957E-2¬72Q¬NHS South East London CCG¬01689822017¬¬http://www.highlandmedicalpractice.co.uk¬
13761¬G84607¬GP¬UNKNOWN¬Visible¬True¬True¬Wickham Park Surgery¬2 Manor Road¬¬¬West Wickham¬Kent¬BR4 9PS¬51.376152038574219¬-2.3304879665374756E-2¬72Q¬NHS South East London CCG¬020 8777 1293¬broccg.wickhamparksurgery@nhs.net¬http://www.wickhamparksurgery.org/¬020 8776 1977
13762¬G84609¬GP¬UNKNOWN¬Visible¬True¬True¬Bank House Surgery (Farnborough)¬84 High Street¬¬¬Farnborough¬Kent¬BR6 7BA¬51.359058380126953¬6.9855645298957825E-2¬72Q¬NHS South East London CCG¬01689857691¬broccg.adminbankhousesurgery@nhs.net¬http://www.bankhousegp.co.uk¬
13764¬G84621¬GP¬UNKNOWN¬Visible¬True¬True¬Whitehouse Surgery¬123 Towncourt Lane¬Petts Wood¬¬Orpington¬Kent¬BR5 1EL¬51.384132385253906¬7.7439770102500916E-2¬72Q¬NHS South East London CCG¬01689821551¬¬¬01689 818692
13765¬G84624¬GP¬UNKNOWN¬Visible¬True¬True¬Dr Dissanayake Mudiyanselage Cyril Wijeratne Bandara Pattapola¬224 Anerley Road¬Penge¬¬London¬Greater London¬SE20 8TJ¬51.409202575683594¬-6.2127910554409027E-2¬72Q¬NHS South East London CCG¬02086599343¬¬¬020 8659 2016
13766¬G84625¬GP¬UNKNOWN¬Visible¬True¬True¬Oakfield Surgery¬Oakfield Surgery¬Oaks Park Medical Centre¬17 Oakfield Road¬London¬Greater London¬SE20 8QA¬51.413188934326172¬-6.3242107629776001E-2¬72Q¬NHS South East London CCG¬02087766514¬¬http://www.oakfield-surgery.co.uk¬020 8778 7424
13767¬G84627¬GP¬UNKNOWN¬Visible¬True¬True¬Green Street Green Med Ct¬21-21A High Street¬Green Street Green¬¬Orpington¬Kent¬BR6 6BG¬51.354366302490234¬9.0010151267051697E-2¬72Q¬NHS South East London CCG¬01689850012¬¬http://www.gsgmc.co.uk/¬01689 862247
13769¬G84629¬GP¬UNKNOWN¬Visible¬True¬True¬Sundridge Medical Centre¬84 London Lane¬¬¬Bromley¬Kent¬BR1 4HE¬51.414676666259766¬1.4755483716726303E-2¬72Q¬NHS South East London CCG¬02084668844¬broccg.sundridgemedicalpractice@nhs.net¬¬020 8466 8465
13770¬G84630¬GP¬UNKNOWN¬Visible¬True¬True¬The Crescent Surgery¬38 Marion Crescent¬St Mary Cray¬¬Orpington¬Kent¬BR5 2DD¬51.389854431152344¬0.10646067559719086¬72Q¬NHS South East London CCG¬01689818696¬¬http://www.the-crescent-surgery.co.uk¬01689 609 634
13771¬G85001¬GP¬UNKNOWN¬Visible¬True¬True¬Forest Hill Group Practice¬1 Forest Hill Road¬¬¬London¬Greater London¬SE22 0SQ¬51.453617095947266¬-6.1528615653514862E-2¬72Q¬NHS South East London CCG¬02082991234¬¬http://www.fhrgp.co.uk¬020 8299 5699
13772¬G85002¬GP¬UNKNOWN¬Visible¬True¬True¬Streatham High Practice¬1St Floor¬2-8 Gracefield Gardens¬Streatham¬London¬Greater London¬SW16 2ST¬51.432464599609375¬-0.12658873200416565¬72Q¬NHS South East London CCG¬020 7062 7860¬lamccg.shs@nhs.net¬http://www.streathamgp.co.uk/¬
13773¬G85003¬GP¬UNKNOWN¬Visible¬True¬True¬Belmont Hill Surgery¬36 Belmont Hill¬¬¬London¬Greater London¬SE13 5AY¬51.462654113769531¬-4.6259136870503426E-3¬72Q¬NHS South East London CCG¬02036750752¬lewccg.g85003-general@nhs.net¬http://www.belmonthillsurgery.co.uk¬020 8297 2011
13774¬G85004¬GP¬UNKNOWN¬Visible¬True¬True¬Jenner Health Centre¬201 Stanstead Road¬¬¬London¬Greater London¬SE23 1HU¬51.442386627197266¬-4.1124459356069565E-2¬72Q¬NHS South East London CCG¬02030492960¬¬https://www.modalitypartnership.nhs.uk/the-jenner-practice¬020 3049 2961
13775¬G85005¬GP¬UNKNOWN¬Visible¬True¬True¬South Lewisham Group Practice¬50 Conisborough Crescent¬Catford¬¬London¬Greater London¬SE6 2SP¬51.430267333984375¬-1.3028881512582302E-2¬72Q¬NHS South East London CCG¬020 30492580¬¬https://www.modalitypartnership.nhs.uk/south-lewisham-group-practice¬
13777¬G85006¬GP¬UNKNOWN¬Visible¬True¬True¬The Acorn & Gaumont House Surgery¬153 Peckham High Street¬Peckham¬¬Peckham¬Greater London¬SE15 5SL¬51.474155426025391¬-6.6461123526096344E-2¬72Q¬NHS South East London CCG¬020 7138 7888¬acorn.surgery@nhs.net¬http://acorn-gaumont.nhs.uk¬
13779¬G85008¬GP¬UNKNOWN¬Visible¬True¬True¬Mornington Surgery¬433 New Cross Road¬¬¬London¬Greater London¬SE14 6TD¬51.47589111328125¬-3.0631601810455322E-2¬72Q¬NHS South East London CCG¬02086928299¬¬¬020 8691 2081
13782¬G85011¬GP¬UNKNOWN¬Visible¬True¬True¬The Clapham Family Practice¬Mary Seacole Centre¬89 Clapham High Street¬¬London¬Greater London¬SW4 7DB¬51.463165283203125¬-0.13350868225097656¬72Q¬NHS South East London CCG¬02030496600¬lamccg.claphamfamily@nhs.net¬http://www.theclaphamfamilypractice.co.uk¬020 3049 6601
13783¬G85013¬GP¬UNKNOWN¬Visible¬True¬True¬Camberwell Green Surgery¬17 Camberwell Green¬(Opposite The Green)¬Bell Tower¬London¬Greater London¬SE5 7AF¬51.474617004394531¬-9.3456000089645386E-2¬72Q¬NHS South East London CCG¬02077033788¬souccg.camberwellgreensurgery@nhs.net¬https://www.camberwellgreensurgery.nhs.uk¬020 7701 2361
13784¬G85014¬GP¬UNKNOWN¬Visible¬True¬True¬Streatham Common Group Practice¬St Andrew's Church Room¬Guildersfield Road¬Streatham¬London¬Greater London¬SW16 5LS¬51.416404724121094¬-0.12855398654937744¬72Q¬NHS South East London CCG¬020 3049 5470¬lamccg.scgp-ehs@nhs.net¬http://www.streathamcommonpractice.co.uk/¬
13785¬G85015¬GP¬UNKNOWN¬Visible¬True¬True¬The Queens Road Partnership¬387 Queens Road¬¬¬London¬Greater London¬SE14 5HD¬51.474231719970703¬-4.7608539462089539E-2¬72Q¬NHS South East London CCG¬02076352170¬lewccg.admin-qrp@nhs.net¬http://www.queensroadpartnership.co.uk¬020 76352175
13786¬G85016¬GP¬UNKNOWN¬Visible¬True¬True¬Herne Hill Group Practice¬74 Herne Hill¬¬¬London¬Greater London¬SE24 9QP¬51.45562744140625¬-9.9241994321346283E-2¬72Q¬NHS South East London CCG¬02072743314¬¬http://www.hernehillgp.nhs.uk¬020 7738 6025
13787¬G85019¬GP¬UNKNOWN¬Visible¬True¬True¬The Trafalgar Surgery¬10 Trafalgar Avenue¬¬¬London¬Greater London¬SE15 6NR¬51.485671997070313¬-7.4400059878826141E-2¬72Q¬NHS South East London CCG¬02077039271¬¬¬020 7252 7209
13788¬G85020¬GP¬UNKNOWN¬Visible¬True¬True¬Kingfisher Medical Centre¬Kingfisher Medical Centre¬3 Kingfisher square Deptford London¬¬Deptford¬Greater London¬SE8 5DA¬51.481876373291016¬-3.0488912016153336E-2¬72Q¬NHS South East London CCG¬020 8692 7373¬lewccg.kingfisher@nhs.net¬http://www.kingfishermedicalcentre.nhs.uk/¬020 8691 6572
13789¬G85020001¬GP¬UNKNOWN¬Visible¬True¬True¬Surrey Docks Health Centre¬Kingfisher Surrey Docks - Surrey Docks Health Centre¬12 Blondin Way Rotherhithe London¬¬London¬Greater London¬SE16 6AE¬51.500881195068359¬-3.6614440381526947E-2¬72Q¬NHS South East London CCG¬0203 474 6060¬lewccg.kingfisher@nhs.net¬http://www.kingfishermedicalcentre.nhs.uk/¬0203 474 6061
13790¬G85021¬GP¬UNKNOWN¬Visible¬True¬True¬Prentis Medical Centre¬2 Prentis Road¬Streatham¬¬London¬Greater London¬SW16 1XU¬51.430488586425781¬-0.13012219965457916¬72Q¬NHS South East London CCG¬02086965508¬lamccg.drmastertons-ehs@nhs.net¬http://www.drmastertonandpartners.nhs.uk¬020 8702 0014
13791¬G85022¬GP¬UNKNOWN¬Visible¬True¬True¬North Wood Group Practice @ Crown Dale¬61 Crown Dale¬¬¬London¬Greater London¬SE19 3NY¬51.4227294921875¬-9.8478540778160095E-2¬72Q¬NHS South East London CCG¬02086702414¬¬http://www.northwoodgrouppractice.co.uk¬
13792¬G85023¬GP¬UNKNOWN¬Visible¬True¬True¬Lewisham Medical Centre¬308 Lee High Road¬Lewisham¬¬London¬Greater London¬SE13 5PJ¬51.458511352539063¬4.5358962379395962E-3¬72Q¬NHS South East London CCG¬02083180190¬lewccg.g85023-general@nhs.net¬http://www.lewishammedicalcentre.nhs.uk¬020 8318 1965
13793¬G85024¬GP¬UNKNOWN¬Visible¬True¬True¬Sydenham Green Group Practice¬Sydenham Green Health Centre¬26 Holmshaw Close¬¬London¬Greater London¬SE26 4TH¬51.429180145263672¬-3.9200633764266968E-2¬72Q¬NHS South East London CCG¬020 8138 2970¬¬https://www.sydenhamgreenpractice.co.uk/¬
13794¬G85025¬GP¬UNKNOWN¬Visible¬True¬True¬Brixton Hill Group Practice¬22 Raleigh Gardens¬¬¬London¬Greater London¬SW2 1AE¬51.452316284179688¬-0.12020611017942429¬72Q¬NHS South East London CCG¬02086746376¬lamccg.brixtonhill@nhs.net¬http://www.brixtonhillgp.co.uk¬
13795¬G85026¬GP¬UNKNOWN¬Visible¬True¬True¬Clifton Rise Family Practice¬Waldron Health Centre - Suite 2¬Amersham Vale¬¬New Cross¬Greater London¬SE14 6LD¬51.476287841796875¬-3.1896069645881653E-2¬72Q¬NHS South East London CCG¬02030493080¬¬http://cliftonrisefamilypractice.co.uk/¬020 3049 3081
13796¬G85027¬GP¬UNKNOWN¬Visible¬True¬True¬Burnt Ash Surgery¬Lee Health Centre¬2 Handen Road¬¬London¬Greater London¬SE12 8NP¬51.452781677246094¬9.9269989877939224E-3¬72Q¬NHS South East London CCG¬02030492150¬lewccg.g85027-general@nhs.net¬http://www.burntashsurgery.nhs.uk/¬020 3049 2151
13797¬G85028¬GP¬UNKNOWN¬Visible¬True¬True¬Stockwell Group Practice¬107 Stockwell Road¬¬¬London¬Greater London¬SW9 9TJ¬51.468036651611328¬-0.11754433810710907¬72Q¬NHS South East London CCG¬02072743225¬¬https://www.stockwellgrouppractice.co.uk/¬020 7738 5005
13798¬G85029¬GP¬UNKNOWN¬Visible¬True¬True¬Falmouth Road Group Practice¬78 Falmouth Road¬Borough¬¬London¬Greater London¬SE1 4JW¬51.496425628662109¬-9.3107901513576508E-2¬72Q¬NHS South East London CCG¬02074074101¬falmouthroad@nhs.net¬http://www.southwarkgp.co.uk¬
13799¬G85030¬GP¬UNKNOWN¬Visible¬True¬True¬Concordia Parkside¬52 Camberwell Green¬¬¬London¬Greater London¬SE5 7AQ¬51.475826263427734¬-9.2627950012683868E-2¬72Q¬NHS South East London CCG¬02077030596¬souccg.parksidemc@nhs.net¬http://www.parksidemedical.co.uk/¬020 7701 0044
13801¬G85032¬GP¬UNKNOWN¬Visible¬True¬True¬Torridon Road Medical Practice¬80 Torridon Road¬¬¬London¬Greater London¬SE6 1RB¬51.440109252929688¬-2.0976436790078878E-3¬72Q¬NHS South East London CCG¬020 8698 5281¬lewccg.g85032-general@nhs.net¬http://www.torridonroadsurgery.co.uk/¬020 8695 1841
13802¬G85034¬GP¬UNKNOWN¬Visible¬True¬True¬Nexus Health Group¬2 Princess Street¬¬¬London¬Greater London¬SE1 6JP¬51.495616912841797¬-0.10194410383701324¬72Q¬NHS South East London CCG¬02079280253¬¬http://www.princessstreetgrouppractice.co.uk¬020 7261 9804
13803¬G85035¬GP¬UNKNOWN¬Visible¬True¬True¬Morden Hill Surgery¬21 Morden Hill¬Lewisham¬¬London¬Greater London¬SE13 7NN¬51.469123840332031¬-1.2277140282094479E-2¬72Q¬NHS South East London CCG¬02084692880¬¬http://mordenhillsurgery.co.uk/¬020 8692 9399
13804¬G85633002¬GP¬UNKNOWN¬Visible¬True¬True¬Novum Health Partnership - Baring Road Medical Centre¬Baring Road Medical Centre¬282 Baring Road¬¬London¬Greater London¬SE12 0DS¬51.435024261474609¬1.9751086831092834E-2¬72Q¬NHS South East London CCG¬020 8857 5682¬¬https://novumhealth.co.uk/¬020 8851 6978
13805¬G85038¬GP¬UNKNOWN¬Visible¬True¬True¬St Johns Medical Centre¬56 - 60 Loampit Hill¬Lewisham¬¬London¬Greater London¬SE13 7SX¬51.467391967773438¬-2.2186025977134705E-2¬72Q¬NHS South East London CCG¬02086921354¬¬http://www.stjohnsmedcentre.co.uk¬020 8694 1434
13806¬G85039¬GP¬UNKNOWN¬Visible¬True¬True¬Paxton Green Group Practice¬Paxton Green Health Centre¬1 Alleyn Park¬¬London¬Greater London¬SE21 8AU¬51.4302978515625¬-8.6080111563205719E-2¬72Q¬NHS South East London CCG¬02086706878¬¬https://paxtongreen.uk¬020 8655 9201
13807¬G85040¬GP¬UNKNOWN¬Visible¬True¬True¬Queens Road Surgery¬136 Meeting House Lane¬¬¬London¬Greater London¬SE15 2UA¬51.47509765625¬-6.4002171158790588E-2¬72Q¬NHS South East London CCG¬02076391133¬souccg.qrs@nhs.net¬http://www.southwarkgp.co.uk/¬
13808¬G85041¬GP¬UNKNOWN¬Visible¬True¬True¬Palace Road Surgery¬1 Palace Road¬¬Streatham Hill¬London¬Greater London¬SW2 3DY¬51.443798065185547¬-0.12061349302530289¬72Q¬NHS South East London CCG¬02086742083 (ext. 0208674278)¬¬http://www.palaceroadsurgery.co.uk¬020 8674 6040
13809¬G85042¬GP¬UNKNOWN¬Visible¬True¬True¬St Giles Surgery (Dr Begley)¬40 St Giles Road¬¬¬London¬Greater London¬SE5 7RF¬51.474544525146484¬-8.4156595170497894E-2¬72Q¬NHS South East London CCG¬0207 740 4737¬¬http://www.stgilessurgery.co.uk/¬020 7701 6199
13810¬G85044¬GP¬UNKNOWN¬Visible¬True¬True¬Valley Road Surgery¬139 Valley Road¬¬¬London¬Greater London¬SW16 2XT¬51.428615570068359¬-0.11940953135490417¬72Q¬NHS South East London CCG¬02087692566¬¬¬020 8769 5301
13811¬G85045¬GP¬UNKNOWN¬Visible¬True¬True¬Hetherington Group Practice¬18 Hetherington Road¬¬¬London¬Greater London¬SW4 7NU¬51.460933685302734¬-0.12821587920188904¬72Q¬NHS South East London CCG¬02072744220¬¬http://www.hetheringtongp.co.uk¬020 7737 0205
13812¬G85046¬GP¬UNKNOWN¬Visible¬True¬True¬Lee Road Surgery¬20 Lee Road¬Blackheath¬¬London¬Greater London¬SE3 9RT¬51.462501525878906¬9.4327237457036972E-3¬72Q¬NHS South East London CCG¬0208 852 1235¬¬https://www.leeroadsurgery.co.uk¬
13813¬G85047¬GP¬UNKNOWN¬Visible¬True¬True¬Knights Hill Surgery Suite 1¬Suite 1, West Norwood Health And Leisure Centre¬25 Devane Way¬¬London¬Greater London¬SE27 0DF¬51.432762145996094¬-0.10596037656068802¬72Q¬NHS South East London CCG¬02031410700¬lamccg.knightshill@nhs.net¬http://www.knightshillsurgery.nhs.uk¬0203 141 0701
13816¬G85051¬GP¬UNKNOWN¬Visible¬True¬True¬Elm Lodge Surgery¬2 Burbage Road¬¬¬London¬Greater London¬SE24 9HJ¬51.451507568359375¬-9.6218064427375793E-2¬72Q¬NHS South East London CCG¬02072746138¬¬www.elmlodgesurgery.co.uk¬020 7924 0710
13817¬G85052¬GP¬UNKNOWN¬Visible¬True¬True¬Old Kent Road Surgery¬182-184 Old Kent Road¬¬¬London¬Greater London¬SE1 5TY¬51.490543365478516¬-8.1325307488441467E-2¬72Q¬NHS South East London CCG¬02072526272¬¬http://www.oldkentroadsurgery.nhs.uk/¬020 7252 6474
13818¬G85053¬GP¬UNKNOWN¬Visible¬True¬True¬Hurley Clinic¬Ebenezer House¬Kennington Lane¬¬London¬Greater London¬SE11 4HJ¬51.490669250488281¬-0.10673046857118607¬72Q¬NHS South East London CCG¬02077357918¬¬http://www.hurleyandriversidepractices.co.uk¬020 7587 5296
13819¬G85054¬GP¬UNKNOWN¬Visible¬True¬True¬Lambeth Walk Group Practice¬5 Lambeth Walk¬¬¬London¬Greater London¬SE11 6SP¬51.495609283447266¬-0.11257646977901459¬72Q¬NHS South East London CCG¬02077354412¬¬www.lambethwalkgp.com¬020 7840 9489
13820¬G85055¬GP¬UNKNOWN¬Visible¬True¬True¬Hilly Fields Medical Centre¬172 Adelaide Avenue¬¬¬London¬Greater London¬SE4 1JN¬51.456802368164063¬-2.3996913805603981E-2¬72Q¬NHS South East London CCG¬02083145552¬¬http://hillyfields.com¬
13821¬G85057¬GP¬UNKNOWN¬Visible¬True¬True¬Downham Family Medical Practice¬7-9 Moorside Road¬Downham¬¬Bromley¬Kent¬BR1 5EP¬51.42626953125¬1.0854395106434822E-2¬72Q¬NHS South East London CCG¬02030492030¬¬¬020 3049 2031
13823¬G85061¬GP¬UNKNOWN¬Visible¬True¬True¬Woolstone Medical Centre¬Woolstone Road¬Forest Hill¬¬London¬Greater London¬SE23 2SG¬51.438419342041016¬-0.03676176443696022¬72Q¬NHS South East London CCG¬02086991062¬¬http://www.woolstonemedicalcentre.co.uk/¬020 8291 4421
13824¬G85104¬GP¬UNKNOWN¬Visible¬True¬True¬ICO HEALTH GROUP - Moorside Clinic¬7 - 9 Moorside Road¬¬¬Bromley¬Kent¬BR1 5EP¬51.427074432373047¬9.8487148061394691E-3¬72Q¬NHS South East London CCG¬02036402090¬lewccg.g85104-general@nhs.net¬http://www.icohealthgroup.co.uk/¬
13825¬G85073¬GP¬UNKNOWN¬Visible¬True¬True¬Drs Patel And Partner¬89 Vassall Road¬¬¬London¬Greater London¬SW9 6NA¬51.477558135986328¬-0.10849744826555252¬72Q¬NHS South East London CCG¬02077933100¬¬www.vassallmedicalcentre.co.uk¬0207 582 7472
13826¬G85076¬GP¬UNKNOWN¬Visible¬True¬True¬New Cross Health Centre¬First Floor Suite 3 Waldron Health Centre¬Amersham Vale¬¬London¬Greater London¬SE14 6LD¬51.477527618408203¬-3.1473428010940552E-2¬72Q¬NHS South East London CCG¬02030492249¬lewccg.g85076-general@nhs.net¬http://newcrosshc.co.uk/¬020 3049 2248
13830¬G85083¬GP¬UNKNOWN¬Visible¬True¬True¬Sandmere Practice¬10-14 Sandmere Road¬Clapham¬¬London¬Greater London¬SW4 7QJ¬51.462593078613281¬-0.12754324078559875¬72Q¬NHS South East London CCG¬02072746366¬¬¬020 7738 5172
13831¬G85084¬GP¬UNKNOWN¬Visible¬True¬True¬Penrose Surgery¬33 Penrose Street¬¬¬London¬Greater London¬SE17 3DW¬51.487445831298828¬-9.7774967551231384E-2¬72Q¬NHS South East London CCG¬02077033677¬souccg.penrosesurgery@nhs.net¬http://www.penrosesurgery.nhs.uk/¬020 7703 9236
13832¬G85085¬GP¬UNKNOWN¬Visible¬True¬True¬Grove Medical Centre¬Windlass Place¬Off Grove Street¬Deptford¬London¬Greater London¬SE8 3QH¬51.490257263183594¬-0.03521275520324707¬72Q¬NHS South East London CCG¬02086921882¬lewccg.g85085-general@nhs.net¬https://www.grovemedical.org¬020 8691 1703
13833¬G85086¬GP¬UNKNOWN¬Visible¬True¬True¬The South Lambeth Road Practice¬1 Selway House¬272 South Lambeth Road¬¬London¬Greater London¬SW8 1UL¬51.476570129394531¬-0.12365887314081192¬72Q¬NHS South East London CCG¬02076221923¬lamccg.southlambethroad@nhs.net¬http://www.southlambethroadpractice.co.uk¬020 7498 5530
13834¬G85087¬GP¬UNKNOWN¬Visible¬True¬True¬Silverlock Medical Centre¬NEW ADDRESS¬2 Verney Way¬¬London¬Greater London¬SE16 3HA¬51.485912322998047¬-6.3398271799087524E-2¬72Q¬NHS South East London CCG¬02072374091¬souccg.silverlockclinic@nhs.net¬http://www.southwarkgp.co.uk¬020 7231 8944
13836¬G85089¬GP¬UNKNOWN¬Visible¬True¬True¬Honor Oak Group Practice¬20 Turnham Road¬¬¬London¬Greater London¬SE4 2LA¬51.458095550537109¬-4.1099678725004196E-2¬72Q¬NHS South East London CCG¬02030492345¬lew-pct.g85089-general@nhs.net¬http://www.honoroakgrouppractice.co.uk¬020 3049 2346
13837¬G85091¬GP¬UNKNOWN¬Visible¬True¬True¬306 Medical Centre¬306 Lordship Lane¬East Dulwich¬¬London¬Greater London¬SE22 8LY¬51.450740814208984¬-0.07638830691576004¬72Q¬NHS South East London CCG¬02086934704¬souccg.306medicalcentre@nhs.net¬http://www.306medicalcentre.nhs.uk/¬
13838¬G85034001¬GP¬UNKNOWN¬Visible¬True¬True¬Artesian Health Centre ( Main Site Decima Street)¬138 Grange Road¬¬¬London¬Greater London¬SE1 3GF¬51.493949890136719¬-7.4597001075744629E-2¬72Q¬NHS South East London CCG¬02074033618¬¬https://artesianhealthcentre.co.uk/¬
13839¬G85034004¬GP¬UNKNOWN¬Visible¬True¬True¬Decima Street Surgery (Part of the Nexus Health Group)¬6 Decima Street¬¬¬London¬Greater London¬SE1 4QX¬51.497211456298828¬-8.2831688225269318E-2¬72Q¬NHS South East London CCG¬02074033618¬¬https://decimastreetsurgery.co.uk/¬020 7378 8209
13840¬G85034006¬GP¬UNKNOWN¬Visible¬True¬True¬The Walworth Partnership¬1 Manor Place¬¬¬London¬Greater London¬SE17 3BD¬51.489055633544922¬-9.7232617437839508E-2¬72Q¬NHS South East London CCG¬02077086599¬manorplacesurgery@nhs.net¬www.manorplacesurgery.nhs.uk¬020 7708 6598
13841¬G85096¬GP¬UNKNOWN¬Visible¬True¬True¬The Vale Surgery¬Streatham Vale¬¬¬London¬Greater London¬SW16 5SE¬51.417247772216797¬-0.13664543628692627¬72Q¬NHS South East London CCG¬02086797536¬¬https://www.thevalesurgery.co.uk¬02087659067
13844¬G85100¬GP¬UNKNOWN¬Visible¬True¬True¬Beckett House Practice¬Grantham Road¬Stockwell¬¬London¬Greater London¬SW9 9DL¬51.469490051269531¬-0.123531773686409¬72Q¬NHS South East London CCG¬02077387030¬lamccg.becketthousepractice@nhs.net¬http://www.becketthousepractice.nhs.uk¬
13845¬G85102¬GP¬UNKNOWN¬Visible¬True¬True¬The Vauxhall Surgery¬8 Jonathan Street¬¬¬London¬Greater London¬SE11 5NH¬51.489883422851563¬-0.11893492192029953¬72Q¬NHS South East London CCG¬02077351971¬lamccg.vauxhallsurgery@nhs.net¬http://www.vauxhallsurgery.co.uk/¬0207 735 6619
13847¬G85105¬GP¬UNKNOWN¬Visible¬True¬True¬Vesta Road Surgery¬58 Vesta Road¬¬¬London¬Greater London¬SE4 2NH¬51.468738555908203¬-4.0629599243402481E-2¬72Q¬NHS South East London CCG¬02076390654¬¬https://vestaroadsurgery.co.uk¬020 7358 9930
13849¬G85109¬GP¬UNKNOWN¬Visible¬True¬True¬Clapham Park Group Practice¬72 Clarence Avenue¬¬¬London¬Greater London¬SW4 8JP¬51.451908111572266¬-0.13522006571292877¬72Q¬NHS South East London CCG¬02086785420¬¬http://www.claphamparkgp.com¬02086717416
13852¬G85114¬GP¬UNKNOWN¬Visible¬True¬True¬Wells Park Practice¬1 Wells Park Road¬Sydenham¬¬London¬Greater London¬SE26 6JQ¬51.430507659912109¬-6.3312515616416931E-2¬72Q¬NHS South East London CCG¬02086992840¬lewccg.g85114-general@nhs.net¬http://www.wellsparkpractice.co.uk¬
13853¬G85118¬GP¬UNKNOWN¬Visible¬True¬True¬Streatham Place Surgery¬26-28 Streatham Place¬Streatham¬¬London¬Greater London¬SW2 4QY¬51.446815490722656¬-0.12769953906536102¬72Q¬NHS South East London CCG¬02086748500¬¬http://www.streathamgp.co.uk¬020 8678 1055
13854¬G85119¬GP¬UNKNOWN¬Visible¬True¬True¬Sternhall Lane Surgery¬12 Sternhall Lane¬Peckahm¬¬London¬Greater London¬SE15 4NT¬51.466770172119141¬-6.7421235144138336E-2¬72Q¬NHS South East London CCG¬02076393553¬sternhalllanesurgery@nhs.net¬http://www.sternhalllanesurgery.co.uk¬020 7639 0835
13855¬G85120¬GP¬UNKNOWN¬Visible¬True¬True¬Triangle Group Practice¬2 Morley Road¬Lewisham¬¬London¬Greater London¬SE13 6DQ¬51.457798004150391¬-1.1056206189095974E-2¬72Q¬NHS South East London CCG¬02083187272¬¬http://www.trianglegrouppractice.co.uk/¬
13856¬G85121¬GP¬UNKNOWN¬Visible¬True¬True¬Park View Surgery¬186 Brownhill Road¬¬¬London¬Greater London¬SE6 1AT¬51.444862365722656¬-7.7183982357382774E-3¬72Q¬NHS South East London CCG¬02086986566¬¬http://www.parkview-surgery.co.uk/¬020 8698 6566
13857¬G85123¬GP¬UNKNOWN¬Visible¬True¬True¬Binfield Road Surgery¬1 Binfield Road¬¬¬London¬Greater London¬SW4 6TB¬51.472625732421875¬-0.12348563224077225¬72Q¬NHS South East London CCG¬02076221424¬¬http://www.binfieldroadsurgery.co.uk¬020 7501 1891
13858¬G85124¬GP¬UNKNOWN¬Visible¬True¬True¬The Bellingham Green Surgery¬24 Bellingham Green¬¬¬London¬Greater London¬SE6 3JB¬51.430377960205078¬-0.0242453683167696¬72Q¬NHS South East London CCG¬02086977285¬¬https://www.modalitypartnership.nhs.uk/bellingham-green-surgery¬020 8695 6094
13859¬G85125¬GP¬UNKNOWN¬Visible¬True¬True¬Park Medical Centre¬57 Hawkstone Road¬¬¬London¬Greater London¬SE16 2PE¬51.492401123046875¬-4.9612522125244141E-2¬72Q¬NHS South East London CCG¬02072322243¬¬www.parkmedicalcentresouthwark.co.uk¬020 7064 6569
13860¬G85127¬GP¬UNKNOWN¬Visible¬True¬True¬The Corner Surgery¬99 Coldharbour Lane¬¬¬London¬Greater London¬SE5 9NS¬51.469673156738281¬-9.5735520124435425E-2¬72Q¬NHS South East London CCG¬02072744507¬¬www.thecornersurgery.nhs.uk¬020 7733 6545
13861¬G85129¬GP¬UNKNOWN¬Visible¬True¬True¬Dr Christopher John George Wright¬216 Norwood Road¬¬¬London¬Greater London¬SE27 9AW¬51.438102722167969¬-0.10604152083396912¬72Q¬NHS South East London CCG¬02030496370¬¬http://www.thedeerbrooksurgery.nhs.uk¬020 3049 6371
13862¬G85130¬GP¬UNKNOWN¬Visible¬True¬True¬Mawbey Group Practice¬Mawbey Brough Health Centre¬39 Wilcox Close¬¬London¬Greater London¬SW8 2UD¬51.479282379150391¬-0.12521804869174957¬72Q¬NHS South East London CCG¬02074115720¬lamccg.mawbeygp@nhs.net¬https://www.mawbeygp.co.uk¬
13863¬G85132¬GP¬UNKNOWN¬Visible¬True¬True¬Tessa Jowell GP Surgery¬First Floor, Tessa Jowell Health Centre¬72H East Dulwich Grove¬East Dulwich¬London¬Greater London¬SE22 8EY¬51.459129333496094¬-8.0023139715194702E-2¬72Q¬NHS South East London CCG¬0208 194 7600¬¬¬
13864¬G85022001¬GP¬UNKNOWN¬Visible¬True¬True¬North Wood Group Practice @ Tulse Hill¬4 Hardel Rise¬¬¬London¬Greater London¬SW2 3DX¬51.441261291503906¬-0.10881760716438293¬72Q¬NHS South East London CCG¬02086713448¬¬http://www.tulsehillpractice.co.uk¬020 8674 6043
13865¬G85134¬GP¬UNKNOWN¬Visible¬True¬True¬The Lister Primary Care Centre¬Lister Primary care Centre¬101 Peckham Road¬¬London¬Greater London¬SE15 5LJ¬51.474437713623047¬-7.5233273208141327E-2¬72Q¬NHS South East London CCG¬0203 0498390¬souccg.draruspractice@nhs.net¬https://www.draruandpartners.co.uk/¬020 3137 2260
13866¬G85135¬GP¬UNKNOWN¬Visible¬True¬True¬Minet Green Health Practice¬Akerman Health Centre¬60 Patmos Road¬¬London¬Greater London¬SW9 6AF¬51.476570129394531¬-0.10557174682617188¬72Q¬NHS South East London CCG¬02030496690¬¬https://www.minetgreenhealthpractice.co.uk/¬020 3049 6710
13867¬G85136¬GP¬UNKNOWN¬Visible¬True¬True¬Waterloo Health Centre¬5 Lower Marsh¬¬¬London¬Greater London¬SE1 7RJ¬51.500572204589844¬-0.11307742446660995¬72Q¬NHS South East London CCG¬02079284049¬lamccg.waterloohcreception@nhs.net¬http://www.waterloohealth.co.uk¬020 7928 2644
13868¬G85137¬GP¬UNKNOWN¬Visible¬True¬True¬Brockwell Park Surgery¬117 Norwood Road¬¬¬London¬Greater London¬SE24 9AE¬51.448787689208984¬-0.10152663290500641¬72Q¬NHS South East London CCG¬020 8678 5400¬lamccg.brockwellparksurgery@nhs.net¬http://www.brockwellparksurgery.com¬020 8678 5405
13869¬G85138¬GP¬UNKNOWN¬Visible¬True¬True¬Albion Street Group Practice¬Albion Street Health Centre¬87 Albion Street¬¬London¬Greater London¬SE16 7JX¬51.501007080078125¬-5.0628356635570526E-2¬72Q¬NHS South East London CCG¬02030497120¬¬www.albionstreetgrouppractice.co.uk¬
13871¬G85623¬GP¬UNKNOWN¬Visible¬True¬True¬Bermondsey Spa Medical Centre¬Bermondsey Spa Medical Practice¬50 Eyot House¬Old Jamaica Road¬London¬Greater London¬SE16 4BL¬51.496910095214844¬-6.9215431809425354E-2¬72Q¬NHS South East London CCG¬020 3474 6000¬souccg.bsmp@nhs.net¬https://b-spa.co.uk¬020 3474 6001
13872¬G85632¬GP¬UNKNOWN¬Visible¬True¬True¬The Villa Street Medical Centre¬47 Villa Street¬¬¬London¬Greater London¬SE17 2EL¬51.486564636230469¬-8.8290855288505554E-2¬72Q¬NHS South East London CCG¬02077037393¬¬http://www.villastreetmedicalcentre.nhs.uk¬020 7708 3077
13873¬G85633¬GP¬UNKNOWN¬Visible¬True¬True¬Novum Health Partnership - Rushey Green Group Practice¬The Primary Care Centre¬Hawstead Road¬Catford¬London¬Greater London¬SE6 4JH¬51.449317932128906¬-1.8030701205134392E-2¬72Q¬NHS South East London CCG¬020 7138 7150¬¬https://novumhealth.co.uk/¬020 8690 7185
13874¬G85642¬GP¬UNKNOWN¬Visible¬True¬True¬Blackfriars Medical Practice¬45 Colombo Street¬¬¬London¬Greater London¬SE1 8EE¬51.505363464355469¬-0.10576112568378448¬72Q¬NHS South East London CCG¬02079286216¬¬http://www.blackfriarsmedicalpractice.nhs.uk/¬020 7928 7958
13875¬G85644¬GP¬UNKNOWN¬Visible¬True¬True¬The Gardens Surgery¬The Gardens¬¬¬London¬Greater London¬SE22 9QU¬51.460609436035156¬-6.6789001226425171E-2¬72Q¬NHS South East London CCG¬02086934715¬¬https://www.thegardenssurgery.co.uk/¬020 8299 4418
13877¬G85647¬GP¬UNKNOWN¬Visible¬True¬True¬The Exchange Surgery¬Gracefield Gardens Health And Social Care Centre¬2-8 Gracefield Gardens¬Streatham¬London¬Greater London¬SW16 2ST¬51.432464599609375¬-0.12658873200416565¬72Q¬NHS South East London CCG¬0203 474 6410¬lamccg.exchangesurgeryreception@nhs.net¬http://www.theexchangesurgery.com¬
13878¬G85031¬GP¬UNKNOWN¬Visible¬True¬True¬DMC Chadwick Road¬60 Chadwick Road¬¬¬London¬Greater London¬SE15 4PU¬51.467864990234375¬-7.4242845177650452E-2¬72Q¬NHS South East London CCG¬02076399622¬souccg.dmccr@nhs.net¬http://www.chadwickroad.nhs.uk¬020 7639 0489
13880¬G85651¬GP¬UNKNOWN¬Visible¬True¬True¬Dulwich Medical Centre (Crystal Palace Road)¬163-169 Crystal Palace Road¬East Dulwich¬¬London¬Greater London¬SE22 9EP¬51.455455780029297¬-7.2073504328727722E-2¬72Q¬NHS South East London CCG¬02086932727¬souccg.dmccpr@nhs.net¬http://www.dmccrystalpalaceroad.co.uk/¬020 8693 7200
13881¬G85662¬GP¬UNKNOWN¬Visible¬True¬True¬The Streatham Hill Group Practice¬6 Leigham Court Road¬Streatham¬¬London¬Greater London¬SW16 2PG¬51.43731689453125¬-0.12639018893241882¬72Q¬NHS South East London CCG¬02038290800¬¬http://www.shgp.co.uk¬
13882¬G85673¬GP¬UNKNOWN¬Visible¬True¬True¬Springfield Medical Centre¬110 Union Road¬Stockwell¬¬London¬Greater London¬SW8 2SH¬51.4708251953125¬-0.13334010541439056¬72Q¬NHS South East London CCG¬02030494600¬docmanedt.g85673@nhs.net¬https://www.springfieldmedicalcentre.co.uk/¬
13883¬G85674¬GP¬UNKNOWN¬Visible¬True¬True¬Grafton Medical Partners¬8B Grafton Square¬¬¬London¬Greater London¬SW4 0DE¬51.464588165283203¬-0.14018978178501129¬72Q¬NHS South East London CCG¬02076225642¬¬http://www.graftonsquaresurgery.nhs.uk¬020 7978 1927
13886¬G85681¬GP¬UNKNOWN¬Visible¬True¬True¬The Lordship Lane Surgery¬417 Lordship Lane¬East Dulwich¬¬London¬Greater London¬SE22 8JN¬51.448368072509766¬-7.3206707835197449E-2¬72Q¬NHS South East London CCG¬02086932912¬¬http://www.thelordshiplanesurgery.net¬020 8693 8041
13888¬G85685¬GP¬UNKNOWN¬Visible¬True¬True¬The Nunhead Surgery¬58 Nunhead Grove¬¬¬London¬¬SE15 3LY¬51.464088439941406¬-5.7932037860155106E-2¬72Q¬NHS South East London CCG¬020 7639 2715¬¬http://www.nunheadsurgery.co.uk/¬
13889¬G85690¬GP¬UNKNOWN¬Visible¬True¬True¬Herne Hill Road Medical Practice¬1-3 Herne Hill Road¬Loughborough Junction¬¬London¬Greater London¬SE24 0AU¬51.465549468994141¬-0.10047103464603424¬72Q¬NHS South East London CCG¬02077379393¬¬http://www.hernehillroadgp.co.uk¬0207 501 9191
13890¬G85034007¬GP¬UNKNOWN¬Visible¬True¬True¬Surrey Docks Health Centre¬12 - 13 Blondin Way¬(Off Downtown Road)¬¬London¬Greater London¬SE16 6AE¬51.500881195068359¬-3.6614440381526947E-2¬72Q¬NHS South East London CCG¬2030497444¬surreydocks@nhs.net¬http://www.surreydockshc.co.uk/¬020 3049 7445
13892¬G85695¬GP¬UNKNOWN¬Visible¬True¬True¬Akerman Medical Practice¬Akerman Health Centre¬60 Patmos Road¬¬London¬Greater London¬SW9 6AF¬51.476470947265625¬-0.10573582351207733¬72Q¬NHS South East London CCG¬02030496500¬akermanmedicalpractice@nsh.net¬http://www.akermanmedicalpractice.com¬020 3049 6515
13893¬G85696¬GP¬UNKNOWN¬Visible¬True¬True¬Vale Medical Centre¬195-197 Perry Vale¬¬¬London¬Greater London¬SE23 2JF¬51.435470581054688¬-4.3636154383420944E-2¬72Q¬NHS South East London CCG¬02082917007¬lewccg.g85696-general@nhs.net¬http://www.thevalemedicalcentre.co.uk¬
13894¬G85698¬GP¬UNKNOWN¬Visible¬True¬True¬Amersham Vale Practice¬Suite 5 Waldron Health Centre¬Amersham Vale¬¬London¬Greater London¬SE14 6LD¬51.476287841796875¬-3.1896069645881653E-2¬72Q¬NHS South East London CCG¬02030493600¬¬¬020 3049 3601
13897¬G85705¬GP¬UNKNOWN¬Visible¬True¬True¬The New Mill Street Surgery¬1 Wolseley Street¬¬¬London¬Greater London¬SE1 2BP¬51.500709533691406¬-7.1129634976387024E-2¬72Q¬NHS South East London CCG¬02072521817¬¬http://www.newmillstreet.com¬020 7394 6312
13898¬G85706¬GP¬UNKNOWN¬Visible¬True¬True¬The Old Dairy Health Centre¬¬19B Croxted Road¬West Dulwich¬London¬¬SE21 8SZ¬51.437469482421875¬-9.1270230710506439E-2¬72Q¬NHS South East London CCG¬020 8761 8070¬lamccg.odhc@nhs.net¬http://www.theodhc.co.uk/¬020 8761 7310
13900¬G85708¬GP¬UNKNOWN¬Visible¬True¬True¬Dr Curran And Partners¬The Manor Health Centre¬86 Clapham Manor Street¬Clapham¬London¬Greater London¬SW4 6EB¬51.46514892578125¬-0.13601924479007721¬72Q¬NHS South East London CCG¬02074116866¬lamccg.drcurran@nhs.net¬http://www.claphamhealth.nhs.uk/¬020 7411 6857
13901¬G85711¬GP¬UNKNOWN¬Visible¬True¬True¬Deptford Surgery¬502-504 New Cross Road¬¬¬London¬Greater London¬SE14 6TJ¬51.474937438964844¬-2.7475783601403236E-2¬72Q¬NHS South East London CCG¬02086941331¬lewccg.g85711-general@nhs.net¬http://www.deptfordsurgery.nhs.uk/¬020 8692 7374
13904¬G85715¬GP¬UNKNOWN¬Visible¬True¬True¬The Lister Practice¬Lister Primary Care Centre¬101 Peckham Road¬Peckham¬London¬Greater London¬SE15 5LJ¬51.474437713623047¬-7.5233273208141327E-2¬72Q¬NHS South East London CCG¬02034745570¬souccg.listerpractice@nhs.net¬https://www.southwarkgp.co.uk¬
13905¬G85716¬GP¬UNKNOWN¬Visible¬True¬True¬Oakview Family Practice¬190 Shroffold Road¬¬¬Bromley¬Kent¬BR1 5NJ¬51.429828643798828¬7.0348689332604408E-3¬72Q¬NHS South East London CCG¬02086956677¬¬www.oakviewfamilypractice.co.uk¬020 8695 0830
13908¬G85721¬GP¬UNKNOWN¬Visible¬True¬True¬Dr At Bradford's Practice¬301 East Street¬¬¬London¬Greater London¬SE17 2SX¬51.490127563476562¬-8.2437433302402496E-2¬72Q¬NHS South East London CCG¬02077034550¬souccg.301eaststreetsurgery@nhs.net¬http://www.301eaststreetsurgery.co.uk¬020 7703 1888
13909¬G85722¬GP¬UNKNOWN¬Visible¬True¬True¬Woodlands Health Centre¬4 Edwin Hall Place¬Hither Green Lane¬¬London¬Greater London¬SE13 6RN¬51.449859619140625¬-5.8026919141411781E-3¬72Q¬NHS South East London CCG¬02086986664¬lewccg.g85722-general@nhs.net¬http://www.woodlandshealth.co.uk/¬
13911¬G85724¬GP¬UNKNOWN¬Visible¬True¬True¬Edith Cavell Surgery¬41A-C Streatham Hill¬¬¬London¬Greater London¬SW2 4TP¬51.441261291503906¬-0.12460269778966904¬72Q¬NHS South East London CCG¬02070627870¬lamccg.ecs@nhs.net¬https://www.streathamgp.co.uk/¬
13912¬G85726¬GP¬UNKNOWN¬Visible¬True¬True¬St Giles Surgery  (Dr Rosemen)¬40 St. Giles Road¬¬¬London¬Greater London¬SE5 7RF¬51.474544525146484¬-8.4156595170497894E-2¬72Q¬NHS South East London CCG¬02077404736¬¬http://www.stgilessurgery.co.uk¬
13913¬G85727¬GP¬UNKNOWN¬Visible¬True¬True¬Nightingale Surgery¬Lee Health Centre¬2 Handen Road¬¬London¬Greater London¬SE12 8NP¬51.452781677246094¬9.9269989877939224E-3¬72Q¬NHS South East London CCG¬02030492180¬¬http://www.thenightingalesurgery.co.uk/¬020 3049 2181
13915¬G85736¬GP¬UNKNOWN¬Visible¬True¬True¬Deptford Medical Centre¬2 Pearsons Avenue¬Deptford¬New Cross¬London¬Greater London¬SE14 6TG¬51.474533081054688¬-2.7075542137026787E-2¬72Q¬NHS South East London CCG¬02086920033¬¬¬020 8692 6677
14049¬H81002¬GP¬UNKNOWN¬Visible¬True¬True¬KNOWLE GREEN MEDICAL¬Staines Health Centre¬Knowle Green¬¬Staines¬Middlesex¬TW18 1XD¬51.429027557373047¬-0.50110435485839844¬92A¬NHS Surrey Heartlands CCG¬01784883654¬knowle.green@nhs.net¬http://knowlegreenmedical.co.uk¬01784 441244
14050¬H81003¬GP¬UNKNOWN¬Visible¬True¬True¬Sunbury Group Practice¬Green Street¬¬¬Sunbury On Thames¬Middlesex¬TW16 6RH¬51.412948608398438¬-0.41883063316345215¬92A¬NHS Surrey Heartlands CCG¬01932713399¬¬https://www.sunburyhealthcentre.nhs.uk/¬
14051¬H81004¬GP¬UNKNOWN¬Visible¬True¬True¬Shepperton Medical Practice¬Laleham Road¬¬¬Shepperton¬Middlesex¬TW17 8EJ¬51.396404266357422¬-0.45313876867294312¬92A¬NHS Surrey Heartlands CCG¬01932220524¬¬http://www.sheppertonmedicalpractice.co.uk¬
14052¬H81005¬GP¬UNKNOWN¬Visible¬True¬True¬Pond Tail Surgery¬Godstone Green¬¬¬Godstone¬Surrey¬RH9 8DY¬51.246437072753906¬-6.6713817417621613E-2¬92A¬NHS Surrey Heartlands CCG¬01883 742279¬¬¬01883 742913
14053¬H81006¬GP¬UNKNOWN¬Visible¬True¬True¬Austen Road Surgery¬1 Austen Road¬¬¬Guildford¬Surrey¬GU1 3NW¬51.237262725830078¬-0.55796891450881958¬92A¬NHS Surrey Heartlands CCG¬01483564578¬¬¬01483 505368
14054¬H81007¬GP¬UNKNOWN¬Visible¬True¬True¬Rowan Tree Practice ¬Weybidge Health Centre¬22 Church Street¬¬Weybridge¬Surrey¬KT13 8DW¬51.373451232910156¬-0.45978868007659912¬92A¬NHS Surrey Heartlands CCG¬01932 505230¬rowantreereception@nhs.net¬http://www.rowantreepractice.org.uk¬01932 505166
14055¬H81009¬GP¬UNKNOWN¬Visible¬True¬True¬Studholme Medical Centre¬50 Church Road¬¬¬Ashford¬Middlesex¬TW15 2TU¬51.433330535888672¬-0.46239393949508667¬92A¬NHS Surrey Heartlands CCG¬01784420700¬¬http://www.studholmemc.co.uk¬01748 424503
14056¬H81010001¬GP¬UNKNOWN¬Visible¬True¬True¬Stoughton Road Branch¬2 Stoughton Road¬¬¬Guildford¬Surrey¬GU1 1LL¬51.252216339111328¬-0.57406622171401978¬92A¬NHS Surrey Heartlands CCG¬01483409309¬¬http://www.guildowns.nhs.uk¬01483 502246
14057¬H81010002¬GP¬UNKNOWN¬Visible¬True¬True¬University Of Surrey Branch¬Guildowns University Medical Centre¬University Of Surrey¬¬Guildford¬Surrey¬GU2 7XH¬51.242691040039063¬-0.58794236183166504¬92A¬NHS Surrey Heartlands CCG¬01483409309¬¬http://www.guildowns.nhs.uk¬01483 689050
14058¬H81010¬GP¬UNKNOWN¬Visible¬True¬True¬Guildowns Group Practice¬Applegarth Avenue¬Park Barn¬¬Guildford¬Surrey¬GU2 8LZ¬51.243431091308594¬-0.61231815814971924¬92A¬NHS Surrey Heartlands CCG¬01483409309¬¬http://www.guildowns.nhs.uk¬01483 563789
14059¬H81010003¬GP¬UNKNOWN¬Visible¬True¬True¬Guildowns Group Practice¬91-93 Wodeland Avenue¬¬Guildford¬Guildford¬Surrey¬GU2 4YP¬51.232959747314453¬-0.58632087707519531¬92A¬NHS Surrey Heartlands CCG¬01483409309¬¬http://www.guildowns.nhs.uk¬01483 409300
14060¬H81011¬GP¬UNKNOWN¬Visible¬True¬True¬Nork Clinic¬63 Nork Way¬¬¬Banstead¬Surrey¬SM7 1HL¬51.326431274414063¬-0.21582721173763275¬92A¬NHS Surrey Heartlands CCG¬01737479022¬nork.clinic@nhs.net¬http://www.norkclinicbanstead.co.uk/¬01737 858919
14061¬H81013001¬GP¬UNKNOWN¬Visible¬True¬True¬Bartlett Group Practice - Ash Vale¬Wharf Road¬¬¬Ash Vale¬Surrey¬GU12 5BA¬51.259357452392578¬-0.71731966733932495¬10C¬NHS Surrey Heath CCG¬01252317551¬¬http://www.bartlettgrouppractice.co.uk¬
14062¬H81013¬GP¬UNKNOWN¬Visible¬True¬True¬Bartlett Group Practice - Frimley Green¬Frimley Green Medical Centre¬1 Beech Road¬Frimley Green¬Camberley¬Surrey¬GU16 6QQ¬51.302738189697266¬-0.72549271583557129¬10C¬NHS Surrey Heath CCG¬01252835016¬frimleygreenmedicalcentre@nhs.net¬http://www.bartlettgrouppractice.co.uk/¬
14063¬H81015001¬GP¬UNKNOWN¬Visible¬True¬True¬Chobham And West End Medical Practice (Lucas Green Road Branch)¬Lucas Green Road¬West End¬¬Woking¬Surrey¬GU24 9LU¬51.335708618164063¬-0.64035540819168091¬92A¬NHS Surrey Heartlands CCG¬01483481323¬¬www.chobhamandwestend.co.uk¬
14064¬H81015¬GP¬UNKNOWN¬Visible¬True¬True¬Chobham And West End Medical Practice¬16 Windsor Road¬Chobham¬¬Woking¬Surrey¬GU24 8NA¬51.349811553955078¬-0.60250174999237061¬92A¬NHS Surrey Heartlands CCG¬01276857117¬¬www.chobhamandwestend.co.uk¬01276 855668
14065¬H81016¬GP¬UNKNOWN¬Visible¬True¬True¬Fairfield Medical Centre¬Lower Road¬Great Bookham¬¬Leatherhead¬Surrey¬KT23 4DH¬51.278297424316406¬-0.37677362561225891¬92A¬NHS Surrey Heartlands CCG¬01372455450¬¬www.fairfieldmedicalcentre.co.uk¬01372 455456
14066¬H81017¬GP¬UNKNOWN¬Visible¬True¬True¬Ashlea Medical Practice¬Gilbert House¬39 Woodfield Lane¬¬Ashtead¬Surrey¬KT21 2BQ¬51.312175750732422¬-0.30225718021392822¬92A¬NHS Surrey Heartlands CCG¬01372276385¬¬http://www.ashlea.nhs.uk/index.aspx¬01372 279530
14067¬H81017001¬GP¬UNKNOWN¬Visible¬True¬True¬Linden House Surgery¬30 Upper Fairfield Road¬¬¬Leatherhead¬Surrey¬KT22 7HH¬51.297168731689453¬-0.32939004898071289¬92A¬NHS Surrey Heartlands CCG¬01372375666¬¬http://ashlea.nhs.uk/¬01372 360117
14069¬H81019¬GP¬UNKNOWN¬Visible¬True¬True¬Sunny Meed Surgery¬Sunny Meed Surgery¬15-17 Heathside Rpad¬¬Woking¬Surrey¬GU22 7EY¬51.315441131591797¬-0.55122894048690796¬92A¬NHS Surrey Heartlands CCG¬01483766699¬nwsccg.officesunnymeedsurgery@nhs.net¬http://www.sunnymeedsurgery.co.uk¬01483 730354
14070¬H81020¬GP¬UNKNOWN¬Visible¬True¬True¬Fort House Surgery¬32 Hersham Road¬¬¬Walton On Thames¬Surrey¬KT12 1UX¬51.378810882568359¬-0.41256389021873474¬92A¬NHS Surrey Heartlands CCG¬01932253055¬forthousesurgery@nhs.net¬http://www.forthousesurgery.co.uk/¬01932 225910
14071¬H81021¬GP¬UNKNOWN¬Visible¬True¬True¬The Mill Medical Practice¬Catteshall Mill¬Catteshall Road¬¬Godalming¬Surrey¬GU7 1JW¬51.190742492675781¬-0.59628504514694214¬92A¬NHS Surrey Heartlands CCG¬01483239903¬¬www.themillmedicalpractice.co.uk¬
14072¬H81022¬GP¬UNKNOWN¬Visible¬True¬True¬Chiddingfold Surgery¬Ridgley Road¬Chiddingfold¬¬Godalming¬Surrey¬GU8 4QP¬51.113861083984375¬-0.64088976383209229¬92A¬NHS Surrey Heartlands CCG¬01428683174¬contacts.chiddingfold@nhs.net¬http://www.chiddsurg.co.uk¬01428 685780
14073¬H81022001¬GP¬UNKNOWN¬Visible¬False¬True¬Griggs Meadow Branch Surgery¬20 Griggs Meadow¬Dunsfold¬¬Godalming¬Surrey¬GU8 4ND¬51.124809265136719¬-0.56223052740097046¬92A¬NHS Surrey Heartlands CCG¬01428683174¬¬¬01428 685780
14074¬H81023¬GP¬UNKNOWN¬Visible¬True¬True¬Lingfield Surgery¬East Grinstead Road¬¬¬Lingfield¬Surrey¬RH7 6ER¬51.173389434814453¬-1.7482511699199677E-2¬92A¬NHS Surrey Heartlands CCG¬01342836327¬esccg.lingfieldsurgery@nhs.net¬¬01342 836347
14075¬H81024002¬GP¬UNKNOWN¬Visible¬True¬True¬Goldsworth Medical Practice(Woking)¬York House Medical Centre¬Heathside Road¬¬Woking¬Surrey¬GU22 7XL¬51.315471649169922¬-0.55596321821212769¬92A¬NHS Surrey Heartlands CCG¬01483 767194¬¬http://www.goldsworthmedicalpractice.co.uk/¬01483 766042
14076¬H81024¬GP¬UNKNOWN¬Visible¬True¬True¬Goldsworth Medical Practice ¬Goldsworth Park Health Ct¬Denton Way¬¬Woking¬Surrey¬GU21 3LQ¬51.318824768066406¬-0.59150397777557373¬92A¬NHS Surrey Heartlands CCG¬01483767194¬¬https://goldsworthmedicalpractice.co.uk¬01483 776049
14077¬H81025¬GP¬UNKNOWN¬Visible¬True¬True¬St John's Family Practice¬Hermitage Road¬St John's Woking¬¬Woking¬Surrey¬GU21 8TD¬51.311962127685547¬-0.59786957502365112¬92A¬NHS Surrey Heartlands CCG¬01483227060¬¬www.thefamilypractice-stjohns.co.uk¬01483 751879
14078¬H81026¬GP¬UNKNOWN¬Visible¬True¬True¬Binscombe Medical Centre¬106 Binscombe¬¬¬Godalming¬Surrey¬GU7 3PR¬51.203151702880859¬-0.61453074216842651¬92A¬NHS Surrey Heartlands CCG¬01483415115¬¬https://www.binscombe.net¬01483 414925
14079¬H81027¬GP¬UNKNOWN¬Visible¬True¬True¬The Ferns Medical Practice¬Farnham Centre For Health¬Hale Road¬¬Farnham¬Surrey¬GU9 9QS¬51.220760345458984¬-0.78436279296875¬99M¬NHS North East Hampshire And Farnham CCG¬01252723122¬¬www.fernsmedical.co.uk¬01252 728302
14080¬H81028¬GP¬UNKNOWN¬Visible¬True¬True¬Dorking Medical Practice¬142A South Street¬¬¬Dorking¬Surrey¬RH4 2QR¬51.228527069091797¬-0.33550047874450684¬92A¬NHS Surrey Heartlands CCG¬01306881313¬¬https://www.dorkingmedicalpractice.nhs.uk/¬01306 877305
14081¬H81028001¬GP¬UNKNOWN¬Visible¬True¬True¬Hillside Surgery¬Boxhill Road¬¬¬Tadworth¬Surrey¬KT20 7JG¬51.253337860107422¬-0.28019258379936218¬92A¬NHS Surrey Heartlands CCG¬01737843525¬¬www.dorkingmedicalpractice.co.uk¬01737 845488
14082¬H81029¬GP¬UNKNOWN¬Visible¬True¬True¬Dapdune House Surgery¬Wharf Road¬¬¬Guildford¬Surrey¬GU1 4RP¬51.241695404052734¬-0.57788705825805664¬92A¬NHS Surrey Heartlands CCG¬01483400200¬¬www.dapdune.co.uk¬01483 400229
14083¬H81030¬GP¬UNKNOWN¬Visible¬True¬True¬Greystone House Surgery¬99 Station Road¬¬¬Redhill¬Surrey¬RH1 1EB¬51.24041748046875¬-0.17571932077407837¬92A¬NHS Surrey Heartlands CCG¬01737761201¬¬www.greystonesurgery.nhs.uk¬01737 780510
14084¬H81031¬GP¬UNKNOWN¬Visible¬True¬True¬Witley Surgery¬Wheeler Lane¬Witley¬Nr.Godalming¬Godalming¬Surrey¬GU8 5QR¬51.156455993652344¬-0.65014904737472534¬92A¬NHS Surrey Heartlands CCG¬01428682218¬¬¬01428 685790
14085¬H81031001¬GP¬UNKNOWN¬Visible¬True¬True¬Milford Crossroads Branch¬Church Road¬Milford¬¬Godalming¬Surrey¬GU8 5JD¬51.169593811035156¬-0.64467340707778931¬92A¬NHS Surrey Heartlands CCG¬01483414461¬¬http://www.witleyandmilforddrs.co.uk/¬01483 418479
14086¬H81032¬GP¬UNKNOWN¬Visible¬True¬True¬Heathcot Medical Practice ¬Heathcot Medical Practice (Main Surgery)¬York House Medical Centre¬Heathside Road¬Woking¬Surrey¬GU22 7XL¬51.315471649169922¬-0.55596321821212769¬92A¬NHS Surrey Heartlands CCG¬01483 714230¬¬http://www.heathcotmedicalpractice.nhs.uk/¬01483 751185
14088¬H81032001¬GP¬UNKNOWN¬Visible¬True¬True¬Heathcot Medical Practice - Brewery Road Surgery Branch¬54 Brewery Road¬Horsell¬¬Woking¬Surrey¬GU21 4QH¬51.320289611816406¬-0.56978952884674072¬92A¬NHS Surrey Heartlands CCG¬01483714230¬¬¬01483 751185
14089¬H81033¬GP¬UNKNOWN¬Visible¬True¬True¬Chertsey Health Centre¬Family Health Centre¬Stepgates¬¬Chertsey¬Surrey¬KT16 8HZ¬51.387966156005859¬-0.49649634957313538¬92A¬NHS Surrey Heartlands CCG¬01932565655¬healthcentre.chertsey@nhs.net¬https://www.chertseyhealthcentre.nhs.uk/home/¬01932 571732
14090¬H81034¬GP¬UNKNOWN¬Visible¬True¬True¬Madeira Medical¬West Byfleet Health Centre¬Madeira Road¬¬West Byfleet¬Surrey¬KT14 6DH¬51.338066101074219¬-0.50612592697143555¬92A¬NHS Surrey Heartlands CCG¬01932340484¬¬www.wbhc.org.uk¬01932 355681
14091¬H81035¬GP¬UNKNOWN¬Visible¬True¬True¬Merrow Park Surgery¬Kingfisher Drive¬Merrow¬¬Guildford¬Surrey¬GU4 7EP¬51.251388549804688¬-0.53060221672058105¬92A¬NHS Surrey Heartlands CCG¬01483503331¬reception.merrowpark@nhs.net¬http://www.merrowparksurgery.org.uk/¬01483 303457
14092¬H81036¬GP¬UNKNOWN¬Visible¬True¬True¬Parishes Bridge Medical Practice¬West Byfleet Health Centre¬Madeira Road¬¬West Byfleet¬Surrey¬KT14 6DH¬51.338066101074219¬-0.50612592697143555¬92A¬NHS Surrey Heartlands CCG¬01932 336933¬¬http://www.wbhc.org.uk¬01932 355681
14093¬H81037¬GP¬UNKNOWN¬Visible¬True¬True¬Birchwood Medical Practice¬Horley Health Centre¬Kings Road¬¬Horley¬Surrey¬RH6 7DG¬51.172874450683594¬-0.1660977303981781¬92A¬NHS Surrey Heartlands CCG¬01293771200¬¬http://www.birchwoodmedicalpractice.co.uk/¬01293 823950
14094¬H81038¬GP¬UNKNOWN¬Visible¬True¬True¬LITTLETON SURGERY¬Buckland House¬Esher Park Avenue¬¬Esher¬Surrey¬KT10 9NY¬51.368850708007813¬-0.36508321762084961¬92A¬NHS Surrey Heartlands CCG¬01372462235¬¬¬01372 470622
14095¬H81039¬GP¬UNKNOWN¬Visible¬True¬True¬Park House Surgery¬6 Park Street¬¬¬Bagshot¬Surrey¬GU19 5AQ¬51.361682891845703¬-0.69378030300140381¬10C¬NHS Surrey Heath CCG¬01276476333¬bagshot.doctors@nhs.net¬http://www.bagshotdoctors.co.uk¬01276 479231
14096¬H81040¬GP¬UNKNOWN¬Visible¬True¬True¬Station Road Surgery¬Station Road¬Frimley¬¬Camberley¬Surrey¬GU16 7HG¬51.313255310058594¬-0.74596339464187622¬10C¬NHS Surrey Heath CCG¬0127662622¬dgubbins@nhs.net¬http://www.thestationroadsurgery.com¬01276 675366
14097¬H81041001¬GP¬UNKNOWN¬Visible¬True¬True¬Westfield Branch Surgery¬Holmes Close¬Westfield¬¬Woking¬Surrey¬GU22 9LU¬51.301651000976563¬-0.55903637409210205¬92A¬NHS Surrey Heartlands CCG¬01483598512¬¬http://www.southviewmedicalpractice.nhs.uk/¬01483 821526
14098¬H81041¬GP¬UNKNOWN¬Visible¬True¬True¬Southview Medical Practice¬Guildford Road¬¬¬Woking¬Surrey¬GU22 7RR¬51.313648223876953¬-0.55980849266052246¬92A¬NHS Surrey Heartlands CCG¬01483766099¬¬¬01483 821526
14099¬H81042¬GP¬UNKNOWN¬Visible¬True¬True¬The Crouch Oak Family Practice¬45 Station Road¬¬¬Addlestone¬Surrey¬KT15 2BH¬51.371505737304687¬-0.49074280261993408¬92A¬NHS Surrey Heartlands CCG¬01932840123¬¬www.crouchoak.nhs.uk¬
14100¬H81043¬GP¬UNKNOWN¬Visible¬True¬True¬Wonersh Surgery¬The Street¬Wonersh¬¬Guildford¬Surrey¬GU5 0PE¬51.197399139404297¬-0.54561680555343628¬92A¬NHS Surrey Heartlands CCG¬01483898123¬wonersh.reception@nhs.net¬http://www.wonershsurgery.nhs.uk/¬
14101¬H81044¬GP¬UNKNOWN¬Visible¬True¬True¬Springfield Surgery¬Springfield¬Godalming¬¬Elstead¬Surrey¬GU8 6EG¬51.184577941894531¬-0.70033550262451172¬92A¬NHS Surrey Heartlands CCG¬01252703122¬¬http://www.springfieldelstead.co.uk/¬01252 703215
14102¬H81045¬GP¬UNKNOWN¬Visible¬True¬True¬Caterham Valley Med.Pract¬Eothen House¬Eothen Close¬¬Caterham¬Surrey¬CR3 6JU¬51.280487060546875¬-7.9035654664039612E-2¬92A¬NHS Surrey Heartlands CCG¬01883 347811¬¬http://www.caterhamvalleymedicalpractice.co.uk¬01883 342929
14103¬H81046¬GP¬UNKNOWN¬Visible¬True¬True¬Wayside Medical Practice¬Kings Road¬¬¬Horley¬Surrey¬RH6 7AD¬51.173236846923828¬-0.16589725017547607¬92A¬NHS Surrey Heartlands CCG¬01293782057¬¬http://www.waysidesurgery.nhs.uk/¬01293 874401
14104¬H81047001¬GP¬UNKNOWN¬Visible¬True¬True¬Runnymede Medical Practice¬Newton Court Medical Centre¬Burfield Road¬¬Old Windsor¬Berkshire¬SL4 2QF¬51.456493377685547¬-0.58456522226333618¬15D¬NHS East Berkshire CCG¬01753863642¬¬http://www.runnymedemedicalpractice.nhs.uk¬01753 832180
14105¬H81047¬GP¬UNKNOWN¬Visible¬True¬True¬Runnymede Medical Practice¬The Health Centre¬Bond Street¬Englefield Green¬Egham¬Surrey¬TW20 0PF¬51.429592132568359¬-0.57351464033126831¬15D¬NHS East Berkshire CCG¬01784437671¬¬http://www.runnymedemedicalpractice.nhs.uk¬01784 434329
14106¬H81048¬GP¬UNKNOWN¬Visible¬True¬True¬Holmhurst Medical Centre¬12 Thornton side¬12 Thornton Side¬¬Redhill¬Surrey¬RH1 2NP¬51.252346038818359¬-0.15319295227527618¬92A¬NHS Surrey Heartlands CCG¬01737647070¬¬http://www.holmhurstmedicalcentre.co.uk¬01737 644212
14107¬H81050¬GP¬UNKNOWN¬Visible¬True¬True¬Wey Family Practice¬West Byfleet Health Centre.¬Madeira Road¬¬West Byfleet¬Surrey¬KT14 6DH¬51.338066101074219¬-0.50612592697143555¬92A¬NHS Surrey Heartlands CCG¬01932336880¬¬www.wbhc.org.uk¬01932 355681
14108¬H81051¬GP¬UNKNOWN¬Visible¬True¬True¬Derby Medical Centre¬8 The Derby Square¬¬¬Epsom¬Surrey¬KT19 8AG¬51.334182739257813¬-0.26631632447242737¬92A¬NHS Surrey Heartlands CCG¬01372726361¬¬www.derbymedicalcentre.co.uk¬01372 738398
14109¬H81052¬GP¬UNKNOWN¬Visible¬True¬True¬Cranleigh Medical Practice¬18 High Street¬¬¬Cranleigh¬Surrey¬GU6 8AE¬51.140613555908203¬-0.48704817891120911¬92A¬NHS Surrey Heartlands CCG¬01483273951¬¬http://www.cranleighmedicalpractice.com/¬
14110¬H81053¬GP¬UNKNOWN¬Visible¬True¬True¬Villages Medical Ctr¬The Villages Medical Ctr.¬Send Barns Lane¬Send¬Woking¬Surrey¬GU23 7BP¬51.287181854248047¬-0.52373838424682617¬92A¬NHS Surrey Heartlands CCG¬01483226330¬¬https://www.villagesmedicalcentre.nhs.uk¬01483 225253
14113¬H81056¬GP¬UNKNOWN¬Visible¬True¬True¬Oxted Health Centre¬10 Gresham Road¬¬¬Oxted¬Surrey¬RH8 0BQ¬51.257686614990234¬8.7216620158869773E-5¬92A¬NHS Surrey Heartlands CCG¬01883734000¬¬¬
14115¬H81057¬GP¬UNKNOWN¬Visible¬True¬True¬Fordbridge Medical Centre¬4 Fordbridge Road¬¬¬Ashford¬Middlesex¬TW15 2SG¬51.431270599365234¬-0.46299538016319275¬92A¬NHS Surrey Heartlands CCG¬01784253975¬¬https://www.fordbridgemedicalcentre.nhs.uk/¬
14116¬H81058¬GP¬UNKNOWN¬Visible¬True¬True¬Woodlands Road Medical Centre¬5 Woodlands Road¬¬¬Redhill¬Surrey¬RH1 6EY¬51.230953216552734¬-0.1716245710849762¬92A¬NHS Surrey Heartlands CCG¬01737761343¬¬https://www.woodlands-surgery.co.uk/¬01737 770804
14117¬H81060¬GP¬UNKNOWN¬Visible¬True¬True¬Townhill Medical Practice¬Guards Avenue¬¬¬Caterham¬Surrey¬CR3 5XL¬51.290561676025391¬-0.10281066596508026¬92A¬NHS Surrey Heartlands CCG¬01883331900¬¬http://townhillmedicalpractice.nhs.uk¬01883 344492
14118¬H81061¬GP¬UNKNOWN¬Visible¬True¬True¬Hillview Medical Centre¬3 Heathside Road¬¬¬Woking¬Surrey¬GU22 7QP¬51.315052032470703¬-0.55814242362976074¬92A¬NHS Surrey Heartlands CCG¬01483766333¬hillview.surgery@nhs.net¬http://www.hillviewmedicalcentre.co.uk¬01483 757067
14120¬H81062001¬GP¬UNKNOWN¬Visible¬True¬True¬Fernhurst Surgery¬Crossfield¬¬¬Haslemere¬Surrey¬GU27 3JL¬51.048282623291016¬-0.72449898719787598¬92A¬NHS Surrey Heartlands CCG¬01428651040¬¬¬
14121¬H81062¬GP¬UNKNOWN¬Visible¬True¬True¬Haslemere Health Centre¬Church Lane¬¬¬Haslemere¬Surrey¬GU27 2BQ¬51.092109680175781¬-0.70757180452346802¬92A¬NHS Surrey Heartlands CCG¬01428748206¬haslemerehc@nhs.net¬https://www.haslemerehc.co.uk¬01428 645065
14122¬H81064¬GP¬UNKNOWN¬Visible¬True¬True¬Fairlands Medical Practice¬Fairlands Medical Centre¬Fairlands Avenue¬¬Guildford¬Surrey¬GU3 3NA¬51.263145446777344¬-0.62233102321624756¬92A¬NHS Surrey Heartlands CCG¬01483594250¬¬http://www.fairlands.co.uk¬01483 598767
14123¬H81064001¬GP¬UNKNOWN¬Visible¬True¬True¬Normandy Branch Surgery¬19 Glaziers Lane¬Glaziers Lane¬¬Guildford¬Surrey¬GU3 2DD¬51.254776000976562¬-0.67171949148178101¬92A¬NHS Surrey Heartlands CCG¬01483813274¬¬http://www.fairlands.co.uk/¬
14124¬H81065¬GP¬UNKNOWN¬Visible¬True¬True¬Hersham Surgery¬Pleasant Place¬Hersham¬¬Walton On Thames¬Surrey¬KT12 4HT¬51.364116668701172¬-0.40004315972328186¬92A¬NHS Surrey Heartlands CCG¬01932229033¬¬¬
14125¬H81066¬GP¬UNKNOWN¬Visible¬True¬True¬Grove Medical Centre¬The Grove¬¬¬Egham¬Surrey¬TW20 9QN¬51.430889129638672¬-0.5451781153678894¬92A¬NHS Surrey Heartlands CCG¬01784433159¬¬http://www.thegrovemedicalcentre.co.uk¬01784 477208
14126¬H81067¬GP¬UNKNOWN¬Visible¬True¬True¬Cobham Health Centre¬168 Portsmouth Road¬¬¬Cobham¬Surrey¬KT11 1HT¬51.334522247314453¬-0.40853843092918396¬92A¬NHS Surrey Heartlands CCG¬01932867231¬¬http://www.cobhamhealthcentre.co.uk¬01932 869582
14127¬H81068002¬GP¬UNKNOWN¬Visible¬True¬True¬Newdigate Surgery¬Rusper Road¬Newdigate¬¬Dorking¬Surrey¬RH5 5BE¬51.163604736328125¬-0.28799432516098022¬92A¬NHS Surrey Heartlands CCG¬01306631242¬¬¬
14128¬H81068¬GP¬UNKNOWN¬Visible¬True¬True¬Tanners Meadow Surgery¬Tanners Meadow¬Brockham¬¬Betchworth¬Surrey¬RH3 7NJ¬51.221271514892578¬-0.28329256176948547¬92A¬NHS Surrey Heartlands CCG¬01737843259¬sdccg.brockwoodmedicalpractice@nhs.net¬http://www.brockwoodmedicalpractice.nhs.uk/nhs.uk¬01737 845184
14129¬H81069¬GP¬UNKNOWN¬Visible¬True¬True¬Park Road Surgery¬143 Park Road¬¬¬Camberley¬Surrey¬GU15 2NN¬51.333908081054687¬-0.74495512247085571¬10C¬NHS Surrey Heath CCG¬01276 29119¬¬http://www.parkroadsurgery.co.uk¬
14130¬H81070¬GP¬UNKNOWN¬Visible¬True¬True¬Heathcote Medical Centre¬Heathcote¬¬¬Tadworth¬Surrey¬KT20 5TH¬51.2947998046875¬-0.22806935012340546¬92A¬NHS Surrey Heartlands CCG¬01737360202¬¬www.heathcotemedicalcentre.co.uk¬01737 370119
14131¬H81071¬GP¬UNKNOWN¬Visible¬True¬True¬Ashley Centre Surgery¬Ashley Square¬¬¬Epsom¬Surrey¬KT18 5DD¬51.332443237304688¬-0.27007129788398743¬92A¬NHS Surrey Heartlands CCG¬01372723668¬¬www.ashleycentresurgery.co.uk¬01372 726796
14132¬H81072¬GP¬UNKNOWN¬Visible¬True¬True¬Medwyn Surgery¬Medwyn Centre¬Reigate Road¬¬Dorking¬Surrey¬RH4 1SD¬51.234786987304688¬-0.32438790798187256¬92A¬NHS Surrey Heartlands CCG¬01306883816¬¬www.medwynsurgery.nhs.uk¬01306 742280
14133¬H81073¬GP¬UNKNOWN¬Visible¬True¬True¬Church Street Practice¬¬22 Church Street¬¬Weybridge¬Surrey¬KT13 8DW¬51.373451232910156¬-0.45978868007659912¬92A¬NHS Surrey Heartlands CCG¬01932 504450¬churchstreet.practicemail@nhs.net¬https://www.churchstreetpractice.nhs.uk¬
14134¬H81074¬GP¬UNKNOWN¬Visible¬True¬True¬St Stephens House Surgery¬102 Woodfield Lane¬¬¬Ashtead¬Surrey¬KT21 2DP¬51.317718505859375¬-0.30571183562278748¬92A¬NHS Surrey Heartlands CCG¬01372272069¬¬http://www.st-stephenssurgery.nhs.uk¬01372 279123
14135¬H81075¬GP¬UNKNOWN¬Visible¬True¬True¬Upper Gordon Road Surgery¬37 Upper Gordon Road¬¬¬Camberley¬Surrey¬GU15 2HJ¬51.33685302734375¬-0.73880219459533691¬10C¬NHS Surrey Heath CCG¬01276459040¬ugr.admin2@nhs.net¬https://www.uppergordonroadsurgery.co.uk¬01276 459041
14136¬H81076¬GP¬UNKNOWN¬Visible¬True¬True¬Grayshott Surgery¬Boundary Road¬¬¬Hindhead¬Surrey¬GU26 6TY¬51.110095977783203¬-0.74561214447021484¬92A¬NHS Surrey Heartlands CCG¬01428604343¬¬¬01428 604899
14137¬H81077¬GP¬UNKNOWN¬Visible¬True¬True¬Shere Surgery/Dispensary¬Gomshall Lane¬Shere¬¬Guildford¬Surrey¬GU5 9DR¬51.220180511474609¬-0.46009784936904907¬92A¬NHS Surrey Heartlands CCG¬01483202066¬shere.surgery@nhs.net¬http://www.sheresurgery.nhs.uk¬01483 202761
14139¬H81078¬GP¬UNKNOWN¬Visible¬True¬True¬Glenlyn Medical Centre¬115 Molesey Park Road¬¬¬East Molesey¬Surrey¬KT8 0JX¬51.397327423095703¬-0.35742026567459106¬92A¬NHS Surrey Heartlands CCG¬0208 979 3253¬¬http://www.glenlynmedicalcentre.nhs.uk¬
14142¬H81080¬GP¬UNKNOWN¬Visible¬True¬True¬Longcroft Clinic¬5 Woodmansterne Lane¬¬¬Banstead¬Surrey¬SM7 3HH¬51.325313568115234¬-0.1923174262046814¬92A¬NHS Surrey Heartlands CCG¬01737359332¬¬http://www.thelongcroftclinic.co.uk¬01737 370835
14143¬H81081¬GP¬UNKNOWN¬Visible¬True¬True¬Tadworth Medical Centre¬1 Troy Close¬¬¬Tadworth¬Surrey¬KT20 5JE¬51.300872802734375¬-0.23949821293354034¬92A¬NHS Surrey Heartlands CCG¬01737303217¬¬¬01737 370954
14144¬H81082¬GP¬UNKNOWN¬Visible¬True¬True¬Camberley Health Centre¬159 Frimley Road¬¬¬Camberley¬Surrey¬GU15 2QA¬51.324436187744141¬-0.75405430793762207¬10C¬NHS Surrey Heath CCG¬0127620101¬¬http://www.camberleyhealthcentre.nhs.uk¬01276 21661
14145¬H81083¬GP¬UNKNOWN¬Visible¬True¬True¬Moat House Surgery¬The Moat House Surgery¬Worsted Green¬¬Merstham¬Surrey¬RH1 3PN¬51.259819030761719¬-0.14637215435504913¬92A¬NHS Surrey Heartlands CCG¬01737 642207¬esccg.support-moathouse@nhs.net¬https://www.themoathousesurgery.nhs.uk¬
14146¬H81084¬GP¬UNKNOWN¬Visible¬True¬True¬East Horsley Medical Centre¬Kingston Avenue¬East Horsley¬¬Leatherhead¬Surrey¬KT24 6QT¬51.276821136474609¬-0.43691384792327881¬92A¬NHS Surrey Heartlands CCG¬01483284151¬¬http://www.horsleydocs.co.uk/¬01483 285814
14147¬H81085¬GP¬UNKNOWN¬Visible¬True¬True¬St Luke's Surgery¬Warren Road¬¬¬Guildford¬Surrey¬GU1 3JH¬51.236114501953125¬-0.55837720632553101¬92A¬NHS Surrey Heartlands CCG¬01483510030¬¬www.stlukes.gpsurgery.net¬01483 304379
14148¬H81086¬GP¬UNKNOWN¬Visible¬False¬True¬Thorkhill Surgery¬Thorkhill Gardens¬¬¬Thames Ditton¬Surrey¬KT7 0UP¬51.384166717529297¬-0.32705771923065186¬92A¬NHS Surrey Heartlands CCG¬02083983141¬¬¬020 83987836
14149¬H81087¬GP¬UNKNOWN¬Visible¬True¬True¬St David's Family Practice¬Hadrian Way¬¬¬Staines¬Middlesex¬TW19 7HE¬51.453323364257812¬-0.47851851582527161¬92A¬NHS Surrey Heartlands CCG¬01784883933¬¬http://www.stdavidsfamilypractice.nhs.uk¬01784 883934
14150¬H81088¬GP¬UNKNOWN¬Visible¬True¬True¬Downing Street Group Practice¬4 Downing Street¬¬¬Farnham¬Surrey¬GU9 7PA¬51.212905883789063¬-0.79888665676116943¬99M¬NHS North East Hampshire And Farnham CCG¬01252 716226¬¬http://www.downingstreetsurgery.co.uk¬01252 717076
14151¬H81089¬GP¬UNKNOWN¬Visible¬True¬True¬The Wall House Surgery¬Yorke Road¬¬¬Reigate¬Surrey¬RH2 9HG¬51.241306304931641¬-0.20817722380161285¬92A¬NHS Surrey Heartlands CCG¬01737244325¬¬http://wallhousesurgery.nhs.uk¬01737 244616
14152¬H81090¬GP¬UNKNOWN¬Visible¬True¬True¬Woodbridge Hill Surgery¬1 Deerbarn Road¬¬¬Guildford¬Surrey¬GU2 8YB¬51.248954772949219¬-0.58832365274429321¬92A¬NHS Surrey Heartlands CCG¬01483573194¬¬http://www.woodbridgehillsurgery.co.uk/index.aspx¬01483 575872
14153¬H81091¬GP¬UNKNOWN¬Visible¬True¬True¬Spring Street Surgery¬The Bourne Hall Hlth.Ctr.¬Chessington Road¬Ewell¬Epsom¬Surrey¬KT17 1TG¬51.350379943847656¬-0.25229233503341675¬92A¬NHS Surrey Heartlands CCG¬02083941362¬¬https://springstreetsurgery.nhs.uk¬020 8394 3649
14155¬H81094¬GP¬UNKNOWN¬Visible¬True¬True¬The Red Practice Walton¬Walton Health Centre¬The Red Practice¬Rodney Road¬Walton On Thames¬Surrey¬KT12 3LB¬51.380924224853516¬-0.40600991249084473¬92A¬NHS Surrey Heartlands CCG¬01932 504 410¬¬http://www.waltonredpractice.co.uk¬01932 223 842
14156¬H81095¬GP¬UNKNOWN¬Visible¬True¬True¬Yellow Practice¬Rodney Road¬¬¬Walton On Thames¬Surrey¬KT12 3LB¬51.380924224853516¬-0.40600991249084473¬92A¬NHS Surrey Heartlands CCG¬01932 506020¬yellowadmin@nhs.net¬http://www.yellowpracticewalton.nhs.uk¬01932 506021
14157¬H81097¬GP¬UNKNOWN¬Visible¬True¬True¬River Wey Medical Practice¬Farnham Centre For Health¬Hale Road¬¬Farnham¬Surrey¬GU9 9QS¬51.220760345458984¬-0.78436279296875¬99M¬NHS North East Hampshire And Farnham CCG¬01252737387¬reception.riverwey@nhs.net¬http://www.farnhamgps.com¬01252 730137
14158¬H81099¬GP¬UNKNOWN¬Visible¬True¬True¬Esher Green Surgery¬Esher Green Drive¬¬¬Esher¬Surrey¬KT10 8BX¬51.375782012939453¬-0.37018132209777832¬92A¬NHS Surrey Heartlands CCG¬01372462726¬sdccg.practiceeshergreensurgery@nhs.net¬http://www.eshergreensurgery.co.uk/¬01372 471050
14161¬H81103¬GP¬UNKNOWN¬Visible¬True¬True¬Eastwick Park Medical Practice¬Eastwick Park Avenue¬Great Bookham¬¬Leatherhead¬Surrey¬KT23 3ND¬51.283657073974609¬-0.37239745259284973¬92A¬NHS Surrey Heartlands CCG¬01372452081¬reception.eastwickpark@nhs.net¬https://www.eastwickpark.co.uk¬01372 451680
14162¬H81104¬GP¬UNKNOWN¬Visible¬True¬True¬STANWELL ROAD SURGERY¬95 Stanwell Road¬¬¬Ashford¬Middlesex¬TW15 3EA¬51.438014984130859¬-0.47055283188819885¬92A¬NHS Surrey Heartlands CCG¬01784730580¬stanwell.road@nhs.net¬http://www.stanwellroadsurgery.co.uk¬01784 244145
14164¬H81107¬GP¬UNKNOWN¬Visible¬True¬True¬Oxshott Medical Practice¬Holtwood Road¬Oxshott¬¬Leatherhead¬Surrey¬KT22 0QJ¬51.3319091796875¬-0.36297798156738281¬92A¬NHS Surrey Heartlands CCG¬01372844000¬oxshott.reception@nhs.net¬http://www.oxshottmedicalpractice.co.uk¬01372 842558
14165¬H81109¬GP¬UNKNOWN¬Visible¬True¬True¬Capelfield Surgery ¬Elm Road¬Claygate¬¬Esher¬Surrey¬KT10 0EH¬51.360965728759766¬-0.33955228328704834¬92A¬NHS Surrey Heartlands CCG¬01372462501¬¬http://www.capelfieldsurgery.co.uk¬
14166¬H81110¬GP¬UNKNOWN¬Visible¬True¬True¬Holly Tree Surgery¬42 Boundstone Road¬Wrecclesham¬¬Farnham¬Surrey¬GU10 4TG¬51.188289642333984¬-0.80991518497467041¬99M¬NHS North East Hampshire And Farnham CCG¬01252 793183¬reception.hollytree@nhs.net¬http://www.hollytreesurgery.com¬
14168¬H81111¬GP¬UNKNOWN¬Visible¬True¬True¬Virginia Water Medical Practice¬Packers¬Christchurch Road¬¬Virginia Water¬Surrey¬GU25 4RL¬51.403369903564453¬-0.56822049617767334¬92A¬NHS Surrey Heartlands CCG¬01344842951¬¬¬01344 845121
14169¬H81113001¬GP¬UNKNOWN¬Visible¬True¬True¬Northbrook Surgery¬Warwick Road¬¬¬Dorking¬Surrey¬RH5 4NP¬51.192241668701172¬-0.32597461342811584¬92A¬NHS Surrey Heartlands CCG¬01306889242¬¬http://www.leithhillpractice.co.uk¬01306 741655
14170¬H81113¬GP¬UNKNOWN¬Visible¬True¬True¬The Old Forge Surgery¬168 The Street¬¬¬Dorking¬Surrey¬RH5 5EN¬51.15045166015625¬-0.32295450568199158¬92A¬NHS Surrey Heartlands CCG¬01306711105¬¬http://www.leithhillpractice.co.uk¬01306 712751
14177¬H81116¬GP¬UNKNOWN¬Visible¬True¬True¬Elizabeth House Medical Practice¬515 Limpsfield Road¬¬¬Warlingham¬Surrey¬CR6 9LF¬51.308094024658203¬-4.9991033971309662E-2¬92A¬NHS Surrey Heartlands CCG¬01883625262¬¬¬01883 627893
14182¬H81119¬GP¬UNKNOWN¬Visible¬True¬True¬Warlingham Green Med Prac¬1 Church Road¬¬¬Warlingham¬Surrey¬CR6 9NW¬51.311313629150391¬-5.7551052421331406E-2¬92A¬NHS Surrey Heartlands CCG¬01883625532¬¬http://www.warlinghamgreen.nhs.uk/¬01883 625677
14183¬H81122¬GP¬UNKNOWN¬Visible¬True¬True¬Hythe Medical Centre Surgery¬Rochester Road¬Off Thorpe Road¬¬Staines¬Middlesex¬TW18 3HN¬51.429607391357422¬-0.52625924348831177¬92A¬NHS Surrey Heartlands CCG¬01784454965¬¬¬01784 465121
14184¬H81122002¬GP¬UNKNOWN¬Visible¬True¬True¬Staines Medical Centre¬Knowle Green¬¬¬Staines¬Middlesex¬TW18 1XD¬51.429027557373047¬-0.50110435485839844¬92A¬NHS Surrey Heartlands CCG¬01784456619¬¬http://www.thehythemedicalcentre.co.uk/¬01784 441244
14185¬H81123¬GP¬UNKNOWN¬Visible¬True¬True¬Dr Munira Mohamed¬Devonshire Avenue¬Sheerwater¬¬Woking¬Surrey¬GU21 5QJ¬51.334159851074219¬-0.53072845935821533¬92A¬NHS Surrey Heartlands CCG¬01932343524¬¬http://www.sheerwaterhealthcentre.co.uk/¬01932 355908
14186¬H81078005¬GP¬UNKNOWN¬Visible¬True¬True¬Giggs Hill Surgery¬14 Raphael Drive¬¬¬Thames Ditton¬Surrey¬KT7 0EB¬51.386432647705078¬-0.33510959148406982¬92A¬NHS Surrey Heartlands CCG¬0208 979 3253¬¬http://www.glenlynmedicalcentre.co.uk¬
14187¬H81126¬GP¬UNKNOWN¬Visible¬True¬True¬Tattenham Health Centre¬Tattenham Crescent¬Epsom Downs¬¬Epsom¬Surrey¬KT18 5NU¬51.310997009277344¬-0.23954112827777863¬92A¬NHS Surrey Heartlands CCG¬01737371011¬¬¬01737 359641
14188¬H81128¬GP¬UNKNOWN¬Visible¬True¬True¬Vine Medical Centre¬69 Pemberton Road¬¬¬East Molesey¬Surrey¬KT8 9LJ¬51.403343200683594¬-0.35731193423271179¬92A¬NHS Surrey Heartlands CCG¬02087830154¬¬https://vine.gpsurgery.net/¬020 89419827
14189¬H81129¬GP¬UNKNOWN¬Visible¬True¬False¬Pirbright Surgery¬The Old Vicarage¬The Green¬Pirbright¬Woking¬Surrey¬GU24 0JE¬51.295204162597656¬-0.64566850662231445¬92A¬NHS Surrey Heartlands CCG¬01483474473¬pirbright.surgery@nhs.net¬www.pirbrightsurgery.co.uk¬01483 488727
14190¬H81130¬GP¬UNKNOWN¬Visible¬True¬True¬Lightwater Surgery¬39 All Saints Road¬¬¬Lightwater¬Surrey¬GU18 5SQ¬51.351905822753906¬-0.66400176286697388¬10C¬NHS Surrey Heath CCG¬01276538600¬¬http://www.lightwatersurgery.co.uk/¬01276 470289
14192¬H81131¬GP¬UNKNOWN¬Visible¬True¬True¬Dr Samy Morcos¬The Health Centre¬Rodney Road¬¬Walton On Thames¬Surrey¬KT12 3LB¬51.380924224853516¬-0.40600991249084473¬92A¬NHS Surrey Heartlands CCG¬01932 558008¬¬http://www.thewhitepractice.com¬01932 229874
14194¬H81132¬GP¬UNKNOWN¬Visible¬True¬True¬Guildford Rivers Practice¬Chapel Lane¬Milford¬¬Godalming¬Surrey¬GU8 5HU¬51.17303466796875¬-0.64511615037918091¬92A¬NHS Surrey Heartlands CCG¬01483303200¬¬¬
14195¬H81133003¬GP¬UNKNOWN¬Visible¬True¬True¬Cox Lane Surgery¬Cox Lane¬Ewell¬¬Epsom¬Surrey¬KT19 9PS¬51.366886138916016¬-0.27954789996147156¬92A¬NHS Surrey Heartlands CCG¬02083914859¬¬http://www.integratedcarepartnership.co.uk¬
14196¬H81133004¬GP¬UNKNOWN¬Visible¬True¬True¬Stoneleigh Medical Centre¬24 The Broadway¬Stoneleigh¬¬Epsom¬Surrey¬KT17 2HU¬51.362751007080078¬-0.24669332802295685¬92A¬NHS Surrey Heartlands CCG¬02087867744¬¬http://www.integratedcarepartnership.co.uk¬
14197¬H81133¬GP¬UNKNOWN¬Visible¬True¬True¬The Integrated Care Partnership¬Alexandra Road¬¬¬Epsom¬Surrey¬KT17 4BL¬51.334461212158203¬-0.25530943274497986¬92A¬NHS Surrey Heartlands CCG¬01372724434¬¬http://www.integratedcarepartnership.co.uk¬
14198¬H81133001¬GP¬UNKNOWN¬Visible¬True¬True¬Fitznells Manor Surgery - Integrated Care Partners¬2 Chessington Road¬¬¬Ewell¬Surrey¬KT17 1TF¬51.352249145507812¬-0.25237908959388733¬92A¬NHS Surrey Heartlands CCG¬01372724434¬¬http://www.integratedcarepartnership.co.uk¬
14199¬H81134¬GP¬UNKNOWN¬Visible¬True¬True¬Staines Health Group¬Burgess Way¬Knowles Green¬¬Staines¬Middlesex¬TW18 1XD¬51.429027557373047¬-0.50110435485839844¬92A¬NHS Surrey Heartlands CCG¬01784465229¬staineshealthgroup@nhs.net¬http://www.staineshealthgroup.co.uk/¬01784 464360
14200¬H81028002¬GP¬UNKNOWN¬Visible¬True¬True¬Riverbank Surgery¬Westcott Street¬¬¬Dorking¬Surrey¬RH4 3PA¬51.228900909423828¬-0.37105005979537964¬92A¬NHS Surrey Heartlands CCG¬01306875577¬¬http://www.riverbanksurgery.nhs.uk¬01306 883230
14201¬H81613¬GP¬UNKNOWN¬Visible¬True¬True¬Stoneleigh Surgery¬20 Glenwood Road¬Stoneleigh¬¬Epsom¬Surrey¬KT17 2LZ¬51.360511779785156¬-0.24567271769046783¬92A¬NHS Surrey Heartlands CCG¬02083936051¬¬http://www.stoneleighsurgery.nhs.uk¬020 88731059
14202¬H81615001¬GP¬UNKNOWN¬Visible¬True¬True¬The Bourne Medical Practice¬Lodge Hill Road¬Lower Bourne¬¬Farnham¬Surrey¬GU10 3RB¬51.200553894042969¬-0.77740877866744995¬99M¬NHS North East Hampshire And Farnham CCG¬01252730100¬¬www.farnhamdene.com¬01252 730101
14203¬H81615¬GP¬UNKNOWN¬Visible¬True¬True¬Farnham Dene Medical Practice¬Farnham Centre For Health¬Hale Road¬¬Farnham¬Surrey¬GU9 9QS¬51.220760345458984¬-0.78436279296875¬99M¬NHS North East Hampshire And Farnham CCG¬01252730100¬¬www.farnhamdene.com¬01252 716336
14204¬H81618¬GP¬UNKNOWN¬Visible¬True¬True¬The Molebridge Practice- Fetcham¬3 Cannonside¬Fetcham¬¬Leatherhead¬Surrey¬KT22 9LE¬51.294647216796875¬-0.34731015563011169¬92A¬NHS Surrey Heartlands CCG¬01372379941¬¬http://www.themolebridgepractice.nhs.uk/¬01372 361178
14205¬H81618001¬GP¬UNKNOWN¬Visible¬True¬True¬The Molebridge Practice- Leatherhead¬148 Kingston Road¬¬¬Leatherhead¬Surrey¬KT22 7PZ¬51.309036254882812¬-0.33215874433517456¬92A¬NHS Surrey Heartlands CCG¬01372 362099¬molebridgepractice@nhs.net¬http://www.themolebridgepractice.nhs.uk/¬01372 361179
14206¬H81069002¬GP¬UNKNOWN¬Visible¬True¬True¬Heatherside Surgery¬73 Cumberland Road¬¬¬Camberley¬Surrey¬GU15 1SE¬51.330898284912109¬-0.70487505197525024¬10C¬NHS Surrey Heath CCG¬01276 64758¬¬http://www.heathersidesurgery.nhs.uk¬01276 25763
14209¬H81632¬GP¬UNKNOWN¬Visible¬True¬True¬The Orchard Surgery¬107 Feltham Hill Road¬¬¬Ashford¬Middlesex¬TW15 1HH¬51.428524017333984¬-0.45227739214897156¬92A¬NHS Surrey Heartlands CCG¬01784252027¬orchardsurgery3@nhs.net¬http://www.orchardsurgeryashford.co.uk¬01784 243663
14210¬H81638¬GP¬UNKNOWN¬Visible¬True¬True¬Smallfield Surgery¬Wheelers Lane¬Smallfield¬¬Horley¬Surrey¬RH6 9PT¬51.171722412109375¬-0.1185498833656311¬92A¬NHS Surrey Heartlands CCG¬01342843822¬¬www.smallfieldsurgery.nhs.uk¬01342 844080
14211¬H81641¬GP¬UNKNOWN¬Visible¬True¬True¬The Practice College Road¬4-6 College Road¬Maybury¬¬Woking¬Surrey¬GU22 8BT¬51.32257080078125¬-0.53981006145477295¬92A¬NHS Surrey Heartlands CCG¬01483771309¬¬http://www.collegeroadsurgery.org.uk/¬01483 756343
14213¬H81642¬GP¬UNKNOWN¬Visible¬True¬True¬Upper Halliford Medical Centre¬The Surgery¬270 Upper Halliford Road¬¬Shepperton¬Middlesex¬TW17 8SY¬51.411380767822266¬-0.43113610148429871¬92A¬NHS Surrey Heartlands CCG¬01932 785496¬¬http://www.upperhallifordmedicalcentre.co.uk/¬01932 779277
14214¬H81643¬GP¬UNKNOWN¬Visible¬True¬True¬Maybury Surgery¬Alpha Road¬Maybury Woking¬¬Woking¬Surrey¬GU22 8HF¬51.325645446777344¬-0.5389779806137085¬92A¬NHS Surrey Heartlands CCG¬01483728757¬maybury.surgery@nhs.net¬https://www.mayburysurgery.co.uk¬01483 729169
14215¬H81644¬GP¬UNKNOWN¬Visible¬True¬True¬Fountain Practice¬Bourne Hall Health Centre¬Chessington Road¬Ewell¬Epsom¬Surrey¬KT17 1TG¬51.350379943847656¬-0.25229233503341675¬92A¬NHS Surrey Heartlands CCG¬02083942367¬¬http://www.fountainpractice.nhs.uk¬
14220¬H81656¬GP¬UNKNOWN¬Visible¬True¬True¬Shadbolt Park House Surgery¬Salisbury Road¬¬¬Worcester Park¬Surrey¬KT4 7BX¬51.376449584960937¬-0.25249218940734863¬92A¬NHS Surrey Heartlands CCG¬02083350521¬sdccg.shadboltpark@nhs.net¬http://www.shadboltsurgery.com¬020 83301928
14221¬H81658¬GP¬UNKNOWN¬Visible¬True¬True¬New Ottershaw Surgery¬3 Bousley Rise¬Ottershaw¬¬Chertsey¬Surrey¬KT16 0JX¬51.3619384765625¬-0.52599024772644043¬92A¬NHS Surrey Heartlands CCG¬01932875001¬¬http://www.ottershawsurgery.co.uk/¬01932 873855
14223¬H81663¬GP¬UNKNOWN¬Visible¬True¬True¬Ashley Medical Practice¬1A Crutchfield Lane¬¬¬Walton On Thames¬Surrey¬KT12 2QY¬51.381088256835938¬-0.41299429535865784¬92A¬NHS Surrey Heartlands CCG¬01932252425¬¬http://www.ashmed.co.uk¬01932 325415
14226¬H81672¬GP¬UNKNOWN¬Visible¬True¬True¬Lantern Surgery¬3 Station Approach¬Hinchley Wood¬¬Esher¬Surrey¬KT10 0SP¬51.374961853027344¬-0.33933323621749878¬92A¬NHS Surrey Heartlands CCG¬02083356600¬see our website for email @ contact details¬www.lanternsurgery.co.uk¬0208 398 9825
14228¬H82003¬GP¬UNKNOWN¬Visible¬True¬True¬Meadows Surgery¬Temple Grove¬¬¬Burgess Hill¬West Sussex¬RH15 9XN¬50.962135314941406¬-0.15175102651119232¬70F¬NHS West Sussex CCG¬01444242860¬¬¬01444 870496
14229¬H82004001¬GP¬UNKNOWN¬Visible¬True¬False¬Partridge Green Surgery¬Oakleigh¬High Street¬¬Partridge Green¬West Sussex¬RH13 8HX¬50.959514617919922¬-0.30618584156036377¬70F¬NHS West Sussex CCG¬01403864204¬¬¬01403 864408
14230¬H82004¬GP¬UNKNOWN¬Visible¬True¬False¬Cowfold Medical Group¬St. Peters Close¬Cowfold¬¬Horsham¬West Sussex¬RH13 8DN¬50.989051818847656¬-0.2733931839466095¬70F¬NHS West Sussex CCG¬01403864204¬¬www.cowfoldmedicalgroup.co.uk¬01403 864408
14232¬H82005003¬GP¬UNKNOWN¬Visible¬True¬True¬Vale Surgery¬Bolding Way¬¬¬Haywards Heath¬West Sussex¬RH16 4SY¬50.988182067871094¬-0.10755724459886551¬70F¬NHS West Sussex CCG¬01444458738¬cuckfield.reception@nhs.net¬http://www.cuckfieldmedicalpractice.co.uk¬
14234¬H82005¬GP¬UNKNOWN¬Visible¬True¬True¬Cuckfield Medical Centre¬Glebe Road¬Cuckfield¬¬Haywards Heath¬West Sussex¬RH17 5BQ¬51.009426116943359¬-0.13661457598209381¬70F¬NHS West Sussex CCG¬01444458738¬cuckfield.reception@nhs.net¬http://www.cuckfieldmedicalpractice.co.uk/¬
14235¬H82006¬GP¬UNKNOWN¬Visible¬True¬True¬The Petworth Surgery¬Grove Street¬¬¬Petworth¬West Sussex¬GU28 0LP¬50.983364105224609¬-0.6071210503578186¬70F¬NHS West Sussex CCG¬01798342248¬petworth.surgery@nhs.net¬http://www.petworthsurgery.co.uk¬
14236¬H82007¬GP¬UNKNOWN¬Visible¬True¬True¬Westcourt Medical Centre¬12 The Street¬¬¬Rustington¬West Sussex¬BN16 3NX¬50.81219482421875¬-0.51556891202926636¬70F¬NHS West Sussex CCG¬01903 777000¬westcourt.rustingtontxt@nhs.net¬https://www.westcourtmedicalcentre.co.uk¬01903 369181
14237¬H82008¬GP¬UNKNOWN¬Visible¬True¬True¬The Ship Street Surgery¬Ship Street¬¬¬East Grinstead¬West Sussex¬RH19 4EE¬51.122081756591797¬-1.0019812732934952E-2¬70F¬NHS West Sussex CCG¬01342325959¬hsccg.shipstreet-eastgrinstead@nhs.net¬https://www.modalitypartnership.nhs.uk/ship-street-surgery¬01342 314681
14238¬H82009¬GP¬UNKNOWN¬Visible¬True¬True¬St.Lawrence Surgery¬79 St Lawrence Avenue¬¬¬Worthing¬West Sussex¬BN14 7JL¬50.823986053466797¬-0.39003732800483704¬70F¬NHS West Sussex CCG¬01903222900¬¬http://stlawrencesurgery-worthing.nhs.uk/¬
14239¬H82010¬GP¬UNKNOWN¬Visible¬True¬True¬Judges Close Surgery¬Judges Terrace High Street¬¬¬East Grinstead¬West Sussex¬RH19 3AA¬51.123710632324219¬-8.4350509569048882E-3¬70F¬NHS West Sussex CCG¬01342317820¬¬https://www.modalitypartnership.nhs.uk/judges-close-surgery¬0844 387 9912
14240¬H82011¬GP¬UNKNOWN¬Visible¬True¬True¬Dr Thompson And Partners¬1B The Causeway¬Goring-by-Sea¬¬Worthing¬West Sussex¬BN12 6FA¬50.818462371826172¬-0.41092583537101746¬70F¬NHS West Sussex CCG¬01903 243351¬¬http://www.strandmedical.co.uk/¬01903 705804
14242¬H82012¬GP¬UNKNOWN¬Visible¬True¬True¬Leacroft Medical Practice¬Langley House¬Langley Drive¬¬Crawley¬West Sussex¬RH11 7TF¬51.127471923828125¬-0.19745349884033203¬70F¬NHS West Sussex CCG¬01293574747¬cccg.leacroft@nhs.net¬http://www.leacroft.co.uk¬01293 562955
14243¬H82013¬GP¬UNKNOWN¬Visible¬True¬True¬Langley House Surgery¬27 West Street¬¬¬Chichester¬West Sussex¬PO19 1RW¬50.837059020996094¬-0.78326600790023804¬70F¬NHS West Sussex CCG¬01243782266¬¬http://www.langleyhousesurgery.co.uk¬01243 779188
14244¬H82013001¬GP¬UNKNOWN¬Visible¬True¬True¬The Bosham Surgery¬Unit 4 Broadbridge Business Centre¬¬Delling Lane¬Bosham¬West Sussex¬PO18 8NF¬50.83990478515625¬-0.85198920965194702¬70F¬NHS West Sussex CCG¬01243782266¬¬¬
14246¬H82014¬GP¬UNKNOWN¬Visible¬True¬True¬Coppice Surgery¬Herne Lane¬Rustington¬¬Littlehampton¬West Sussex¬BN16 3BE¬50.813156127929688¬-0.50043433904647827¬70F¬NHS West Sussex CCG¬01903783178¬¬¬01903 859027
14247¬H82014002¬GP¬UNKNOWN¬Visible¬True¬True¬Angmering Surgery¬The Angmering Medical Centre¬Station Road¬Angmering¬Littlehampton¬West Sussex¬BN16 4HL¬50.828109741210937¬-0.48500335216522217¬70F¬NHS West Sussex CCG¬01903786758¬¬http://www.thecoppicesurgery.nhs.uk/¬01903 779823
14248¬H82015¬GP¬UNKNOWN¬Visible¬True¬True¬The Phoenix Surgery¬4 The Waterfront¬¬¬Worthing¬West Sussex¬BN12 4FD¬50.806716918945312¬-0.40479564666748047¬70F¬NHS West Sussex CCG¬01903708910¬¬www.phoenixsurgery.co.uk¬01903 247099
14249¬H82016¬GP¬UNKNOWN¬Visible¬True¬True¬Bersted Green Surgery¬32 Durlston Drive¬¬¬Bognor Regis¬West Sussex¬PO22 9TD¬50.798080444335938¬-0.68179845809936523¬70F¬NHS West Sussex CCG¬01243864843¬¬¬01243 842590
14250¬H82017¬GP¬UNKNOWN¬Visible¬True¬True¬Park Surgery¬Albion Way¬¬¬Horsham¬West Sussex¬RH12 1BG¬51.064353942871094¬-0.3273664116859436¬70F¬NHS West Sussex CCG¬01403330266¬parkadmin@nhs.net¬http://www.parksurgery.com¬01403 214639
14251¬H82020¬GP¬UNKNOWN¬Visible¬True¬True¬Bognor Medical Centre¬West Street¬¬¬Bognor Regis¬West Sussex¬PO21 1UT¬50.78363037109375¬-0.67722558975219727¬70F¬NHS West Sussex CCG¬01243826541¬¬¬01243 833800
14252¬H82021¬GP¬UNKNOWN¬Visible¬True¬True¬Arundel Surgery¬Green Lane Close¬¬¬Arundel¬West Sussex¬BN18 9HG¬50.852882385253906¬-0.56725418567657471¬70F¬NHS West Sussex CCG¬01903882191¬¬¬01903 884326
14254¬H82022001¬GP¬UNKNOWN¬Visible¬True¬True¬Upper Beeding Surgery¬14 Dawn Close¬Upper Beeding¬¬Steyning¬West Sussex¬BN44 3WG¬50.881275177001953¬-0.30185964703559875¬70F¬NHS West Sussex CCG¬01903817800¬¬¬01903 843440
14255¬H82022¬GP¬UNKNOWN¬Visible¬True¬True¬Steyning Medical Practice¬Steyning Health Centre¬Tanyard Lane¬¬Steyning¬West Sussex¬BN44 3RJ¬50.890251159667969¬-0.32913988828659058¬70F¬NHS West Sussex CCG¬01903843400¬¬http://www.steyninghealthcentre.co.uk/¬
14256¬H82023001¬GP¬UNKNOWN¬Visible¬True¬True¬Harbour View Healthcare¬3 Downsway¬¬¬Southwick¬East Sussex¬BN42 4WA¬50.841770172119141¬-0.23191983997821808¬70F¬NHS West Sussex CCG¬01273592764¬¬http://www.harbourviewhealthcare.com/¬
14257¬H82023¬GP¬UNKNOWN¬Visible¬True¬True¬Harbour View Healthcare¬The Health Centre Pond Road¬¬¬Shoreham By Sea¬West Sussex¬BN43 5US¬50.833816528320312¬-0.27435603737831116¬70F¬NHS West Sussex CCG¬01273466052¬¬http://www.harbourviewhealthcare.com¬01273 462601
14259¬H82025¬GP¬UNKNOWN¬Visible¬True¬True¬Woodlands Surgery¬Woodlands Surgery¬Tilgate Way¬Tilgate¬Crawley¬West Sussex¬RH10 5BW¬51.103553771972656¬-0.18432465195655823¬70F¬NHS West Sussex CCG¬01293 820833¬wsxccg.woodlandssurgery@nhs.net¬http://www.woodlands-clerklandspartnership.co.uk/¬01293 514778
14260¬H82025001¬GP¬UNKNOWN¬Visible¬True¬True¬Clerklands Surgery¬Clerklands Surgery¬Vicarage Lane¬¬Horley¬Surrey¬RH6 8AR¬51.174686431884766¬-0.17096121609210968¬70F¬NHS West Sussex CCG¬01293 820833¬wsxccg.clerklandssurgery@nhs.net¬http://www.woodlands-clerklandspartnership.co.uk/¬01293 823590
14261¬H82026001¬GP¬UNKNOWN¬Visible¬True¬True¬Saxonbrook Medical Northgate Surgery¬Cross Keys House¬14 Haslett Avenue West¬¬Crawley¬West Sussex¬RH10 1HS¬51.113857269287109¬-0.18895164132118225¬70F¬NHS West Sussex CCG¬01293450400¬¬¬
14262¬H82026¬GP¬UNKNOWN¬Visible¬True¬True¬Saxonbrook Medical Centre¬Maidenbower Square¬¬¬Crawley¬West Sussex¬RH10 7QH¬51.107383728027344¬-0.15334862470626831¬70F¬NHS West Sussex CCG¬01293450400¬¬www.saxonbrook.co.uk¬01293 450401
14263¬H82027¬GP¬UNKNOWN¬Visible¬True¬False¬Rudgwick Medical Centre¬Station Road¬Rudgwick¬¬Horsham¬West Sussex¬RH12 3HB¬51.090072631835937¬-0.45062863826751709¬70F¬NHS West Sussex CCG¬01403822103¬¬www.rudgwickmedicalcentre.co.uk¬01403 823017
14264¬H82028¬GP¬UNKNOWN¬Visible¬True¬True¬The Courtyard Surgery¬56 London Road¬¬¬Horsham¬West Sussex¬RH12 1AT¬51.065410614013672¬-0.32832738757133484¬70F¬NHS West Sussex CCG¬01403330320¬¬http://courtyardsurgery.com¬01403 246769
14265¬H82029¬GP¬UNKNOWN¬Visible¬True¬True¬The Manor Practice¬Southwick Street¬Southwick¬¬Brighton¬East Sussex¬BN42 4TA¬50.835067749023438¬-0.23477204144001007¬70F¬NHS West Sussex CCG¬01273592723¬¬www.themanorpractice.co.uk¬01273 597938
14266¬H82030¬GP¬UNKNOWN¬Visible¬True¬True¬Pulborough Medical Group¬Spiro Close¬¬¬Pulborough¬West Sussex¬RH20 1FG¬50.961139678955078¬-0.50908964872360229¬70F¬NHS West Sussex CCG¬01798872815¬¬http://www.pmgdoctors.co.uk/¬01798 872123
14267¬H82031¬GP¬UNKNOWN¬Visible¬True¬False¬Loxwood Medical Practice¬Farm Close¬Loxwood¬¬Billingshurst¬West Sussex¬RH14 0SU¬51.072441101074219¬-0.51490741968154907¬70F¬NHS West Sussex CCG¬01403752246¬loxwood.txt@nhs.net¬http://www.loxwoodmedicalpractice.co.uk¬01403 752916
14268¬H82032¬GP¬UNKNOWN¬Visible¬True¬True¬Riverbank Medical Centre¬Dodsley Lane¬¬¬Midhurst¬West Sussex¬GU29 9AW¬50.993480682373047¬-0.7350928783416748¬70F¬NHS West Sussex CCG¬01730812121¬cwsccg.riverbankmc@nhs.net¬https://www.riverbankmedical.co.uk¬01730 811400
14269¬H82033¬GP¬UNKNOWN¬Visible¬True¬True¬Gossops Green Medical Centre¬Hurst Close¬Gossops Green Crawley¬¬Crawley¬West Sussex¬RH11 8TY¬51.107246398925781¬-0.21646617352962494¬70F¬NHS West Sussex CCG¬01293228328 (ext. 0)¬¬https://www.gossopsgreenmedical.co.uk¬01293 603949
14270¬H82034¬GP¬UNKNOWN¬Visible¬True¬True¬The Lime Tree Surgery - Findon¬Lime Tree Avenue¬¬¬Worthing¬West Sussex¬BN14 0DL¬50.84881591796875¬-0.39584529399871826¬70F¬NHS West Sussex CCG¬01903264101¬¬www.limetreesurgery.com¬01903 276555
14271¬H82035¬GP¬UNKNOWN¬Visible¬True¬True¬Lindfield Medical Centre¬High Street¬Lindfield¬¬Haywards Heath¬West Sussex¬RH16 2HX¬51.013023376464844¬-8.1725850701332092E-2¬70F¬NHS West Sussex CCG¬01444484056¬¬http://www.lindfieldmedicalcentre.co.uk¬01444 483887
14272¬H82036¬GP¬UNKNOWN¬Visible¬True¬True¬Orchard Surgery¬Lower Tanbridge Way¬¬¬Horsham¬West Sussex¬RH12 1PJ¬51.062191009521484¬-0.33273893594741821¬70F¬NHS West Sussex CCG¬01403253966¬¬¬
14273¬H82037¬GP¬UNKNOWN¬Visible¬True¬True¬Selsey Medical Practice¬Selsey Medical Centre¬High Street¬Selsey¬Chichester¬West Sussex¬PO20 0QG¬50.733272552490234¬-0.79176640510559082¬70F¬NHS West Sussex CCG¬01243608201¬¬http://www.selseymedicalpractice.co.uk¬01243 607720
14274¬H82038¬GP¬UNKNOWN¬Visible¬True¬True¬Flansham Park Health Centre¬109 Flansham Park¬Felpham¬¬Bognor Regis¬West Sussex¬PO22 6DH¬50.794857025146484¬-0.62919092178344727¬70F¬NHS West Sussex CCG¬01243 210086¬¬http://www.flanshampark.co.uk¬01243 584933
14275¬H82039¬GP¬UNKNOWN¬Visible¬True¬True¬Park Surgery¬The Park Surgery¬St Flora's Road¬¬Littlehampton¬West Sussex¬BN17 6BF¬50.808757781982422¬-0.53165876865386963¬70F¬NHS West Sussex CCG¬01903 734999¬cwsccg.park-littlehampton@nhs.net¬http://www.theparksurgery.co.uk/¬01903 732908
14278¬H82040¬GP¬UNKNOWN¬Visible¬True¬True¬Crawley Down Health Centre¬Bowers Place¬Crawley Down¬¬Crawley¬West Sussex¬RH10 4HY¬51.12255859375¬-7.7606379985809326E-2¬70F¬NHS West Sussex CCG¬01342713031¬ws-pct.crawleydown-crawleydown@nhs.net¬https://www.modalitypartnership.nhs.uk/crawley-down-health-centre¬01342 718715
14279¬H82041001¬GP¬UNKNOWN¬Visible¬True¬True¬Durrington Health Centre¬Durrington Lane¬¬¬Worthing¬West Sussex¬BN13 2RX¬50.830482482910156¬-0.41317322850227356¬70F¬NHS West Sussex CCG¬01903230656¬¬http://www.victoriaroadsurgery.co.uk/¬
14280¬H82041¬GP¬UNKNOWN¬Visible¬True¬True¬Victoria Road Surgery¬50 Victoria Road¬¬¬Worthing¬West Sussex¬BN11 1XE¬50.816745758056641¬-0.3769734799861908¬70F¬NHS West Sussex CCG¬01903230656¬¬¬01903 520094
14281¬H82042¬GP¬UNKNOWN¬Visible¬True¬True¬Cathedral Medical Group¬Cawley Road¬¬¬Chichester¬West Sussex¬PO19 1XT¬50.832187652587891¬-0.77643460035324097¬70F¬NHS West Sussex CCG¬01243813450¬¬www.Cathedralmedicalgroup.co.uk¬01243 813474
14282¬H82043¬GP¬UNKNOWN¬Visible¬True¬True¬Grove House Surgery¬80 Pryors Lane¬Pagham¬¬Bognor Regis¬West Sussex¬PO21 4JB¬50.781768798828125¬-0.71818786859512329¬70F¬NHS West Sussex CCG¬01243265222¬¬http://www.grovehouse-surgery.co.uk¬01243 268693
14283¬H82043001¬GP¬UNKNOWN¬Visible¬True¬True¬Grove House Surgery¬Arthur Griffiths Clinic, The Parade¬Pagham¬¬Bognor Regis¬West Sussex¬PO21 4TL¬50.769405364990234¬-0.73823773860931396¬70F¬NHS West Sussex CCG¬01243265222¬¬¬
14284¬H82044¬GP¬UNKNOWN¬Visible¬True¬True¬Dolphins Practice¬The Nightingale Primary Care Centre¬Butlers Green Road¬¬Haywards Heath¬West Sussex¬RH16 4BN¬51.000202178955078¬-0.11606159806251526¬70F¬NHS West Sussex CCG¬01444414767¬hsccg.dolphins-haywardsheath@nhs.net¬http://www.dolphinspractice.co.uk/index.shtml¬01444 451532
14285¬H82045¬GP¬UNKNOWN¬Visible¬True¬True¬Worthing Medical Group¬23 Shelley Road¬¬¬Worthing¬West Sussex¬BN11 4BS¬50.811424255371094¬-0.37702715396881104¬70F¬NHS West Sussex CCG¬01903234844¬cwsccg.worthingmedical-worthing@nhs.net¬http://www.worthingmedicalgroup.co.uk¬
14286¬H82046¬GP¬UNKNOWN¬Visible¬True¬True¬Broadwater Medical Centre¬5-11 Broadwater Boulevard¬¬¬Worthing¬West Sussex¬BN14 8JE¬50.827648162841797¬-0.37466120719909668¬70F¬NHS West Sussex CCG¬01903826926¬¬http://www.broadwatermedicalcentre.co.uk/¬01903 826959
14287¬H82047¬GP¬UNKNOWN¬Visible¬True¬True¬Bridge Medical Centre¬Wassand Close¬¬¬Crawley¬West Sussex¬RH10 1LL¬51.117362976074219¬-0.16642466187477112¬70F¬NHS West Sussex CCG¬01293526025¬¬http://www.bridgemedicalcentre.co.uk¬01293 553490
14288¬H82048001¬GP¬UNKNOWN¬Visible¬True¬True¬Middleton Medical Centre¬Elmer Road¬Middleton-On-Sea¬¬Bognor Regis¬West Sussex¬PO22 7SR¬50.794746398925781¬-0.61774349212646484¬70F¬NHS West Sussex CCG¬01243583596¬avisford.info@nhs.net¬https://www.avisford.co.uk¬
14289¬H82048¬GP¬UNKNOWN¬Visible¬True¬True¬Avisford Medical Group¬North End Road¬Yapton¬¬Arundel¬West Sussex¬BN18 0DU¬50.822689056396484¬-0.61386620998382568¬70F¬NHS West Sussex CCG¬01243551321¬avisford.info@nhs.net¬https://www.avisford.co.uk¬
14290¬H82049¬GP¬UNKNOWN¬Visible¬True¬True¬Parklands Surgery¬4 Parklands Road¬¬¬Chichester¬West Sussex¬PO19 3DT¬50.837474822998047¬-0.78818559646606445¬70F¬NHS West Sussex CCG¬01243782819¬¬http://www.parklandssurgery.nhs.uk/¬01243 537923
14291¬H82050¬GP¬UNKNOWN¬Visible¬True¬True¬Ifield Medical Practice¬Lady Margaret Road¬Ifield¬¬Crawley¬West Sussex¬RH11 0BF¬51.1212158203125¬-0.21194149553775787¬70F¬NHS West Sussex CCG¬01293510900¬¬http://www.ifieldmedicalpractice.co.uk/¬01293 596569
14292¬H82051¬GP¬UNKNOWN¬Visible¬True¬True¬Lavant Road Surgery¬8 Lavant Road¬¬¬Chichester¬West Sussex¬PO19 5RH¬50.853385925292969¬-0.7810370922088623¬70F¬NHS West Sussex CCG¬01243527264¬¬http://www.lavantsurgery.co.uk¬01243 530607
14293¬H82052¬GP¬UNKNOWN¬Visible¬True¬True¬Pound Hill Medical Group¬1 Crawley Lane¬¬¬Crawley¬West Sussex¬RH10 7DX¬51.118816375732422¬-0.15642212331295013¬70F¬NHS West Sussex CCG¬01293540620¬¬¬0844 4771817
14294¬H82052001¬GP¬UNKNOWN¬Visible¬True¬True¬Copthorne Branch Surgery¬Lewiston¬¬¬Copthorne¬West Sussex¬RH10 3RE¬51.139854431152344¬-0.11938825249671936¬70F¬NHS West Sussex CCG¬01342774888¬copthorne.reception@nhs.net¬http://www.poundhillmedicalgroup.co.uk/¬0844 4772590
14295¬H82053¬GP¬UNKNOWN¬Visible¬True¬True¬Furnace Green Surgery¬50 The Glade¬Furnace Green¬¬Crawley¬West Sussex¬RH10 6JN¬51.107082366943359¬-0.1725313812494278¬70F¬NHS West Sussex CCG¬01293611063¬cccg.furnacegreen-crawley@nhs.net¬http://www.furnace-green-surgery.co.uk/¬01293 649069
14296¬H82055¬GP¬UNKNOWN¬Visible¬True¬True¬Billingshurst Surgery¬Roman Way¬¬¬Billingshurst¬West Sussex¬RH14 9QZ¬51.024982452392578¬-0.44578391313552856¬70F¬NHS West Sussex CCG¬01403782931¬¬¬01403 785505
14297¬H82056¬GP¬UNKNOWN¬Visible¬True¬True¬Newtons Practice¬The Health Centre¬Heath Road¬¬Haywards Heath¬West Sussex¬RH16 3BB¬51.000679016113281¬-0.10388480871915817¬70F¬NHS West Sussex CCG¬01444412280¬¬http://www.newtonspractice.co.uk/¬01444 416943
14298¬H82057¬GP¬UNKNOWN¬Visible¬True¬True¬Mid Sussex Health Care¬Trinity Road¬¬¬Hurstpierpoint¬West Sussex¬BN6 9UQ¬50.933719635009766¬-0.17526476085186005¬70F¬NHS West Sussex CCG¬01273834388¬¬http://www.midsussexhealthcare.co.uk¬01273 834529
14299¬H82057002¬GP¬UNKNOWN¬Visible¬True¬True¬Hassocks Health Centre¬Windmill Avenue¬¬¬Hassocks¬West Sussex¬BN6 8LY¬50.922183990478516¬-0.14013062417507172¬70F¬NHS West Sussex CCG¬01273834388¬¬http://www.midsussexhealthcare.co.uk¬01273 842709
14300¬H82057003¬GP¬UNKNOWN¬Visible¬True¬True¬Ditchling Health Centre¬The Health Centre¬Lewes Road¬¬Ditchling¬East Sussex¬BN6 8TT¬50.920711517333984¬-0.11449289321899414¬70F¬NHS West Sussex CCG¬01273834388¬¬http://www.midsussexhealthcare.co.uk¬01273 845747
14301¬H82058¬GP¬UNKNOWN¬Visible¬True¬True¬Maywood Health Care Centre¬225 Hawthorn Road¬¬¬Bognor Regis¬West Sussex¬PO21 2UW¬50.786663055419922¬-0.69356799125671387¬70F¬NHS West Sussex CCG¬01243829141¬¬http://www.maywoodsurgery.com/¬01243 842115
14302¬H82059¬GP¬UNKNOWN¬Visible¬True¬True¬Willow Green Surgery¬Station Road¬East Preston¬¬Littlehampton¬West Sussex¬BN16 3AH¬50.814624786376953¬-0.49097579717636108¬70F¬NHS West Sussex CCG¬01903785152¬willow.green@nhs.net¬http://www.willowgreensurgery.co.uk¬01903 859986
14303¬H82060¬GP¬UNKNOWN¬Visible¬True¬True¬Henfield Medical Centre¬Henfield Medical Centre¬Deer Park¬¬Henfield¬West Sussex¬BN5 9JQ¬50.936107635498047¬-0.27558249235153198¬70F¬NHS West Sussex CCG¬01273 492255¬cwsccg.henfield-henfield@nhs.net¬https://www.henfieldmedicalcentre.co.uk/¬
14304¬H82060001¬GP¬UNKNOWN¬Visible¬True¬True¬Woodlawn Surgery¬Woodlawn Surgery¬High Street¬¬Partridge Green¬West Sussex¬RH13 8HR¬50.960071563720703¬-0.30427169799804688¬70F¬NHS West Sussex CCG¬01403 711577¬cwsccg.henfield-henfield@nhs.net¬https://www.henfieldmedicalcentre.co.uk/contact1.aspx¬
14305¬H82061¬GP¬UNKNOWN¬Visible¬True¬True¬Selden Medical Centre¬6 Selden Road¬¬¬Worthing¬West Sussex¬BN11 2LL¬50.813514709472656¬-0.35928180813789368¬70F¬NHS West Sussex CCG¬01903234962¬cwsccg.smcinfo@nhs.net¬http://www.seldenmedicalcentre.nhs.uk¬01903 214531
14306¬H82063¬GP¬UNKNOWN¬Visible¬True¬True¬Dr Jh Clarke And Partners¬St. Michaels Road¬¬¬East Grinstead¬West Sussex¬RH19 3GW¬51.131683349609375¬-1.3051675632596016E-2¬70F¬NHS West Sussex CCG¬01342327555¬hsccg.moatfield.surgery@nhs.net¬http://www.moatfield.co.uk¬
14307¬H82064¬GP¬UNKNOWN¬Visible¬True¬True¬Southgate Surgery¬137 Brighton Road¬¬¬Crawley¬West Sussex¬RH10 6TE¬51.102317810058594¬-0.19454485177993774¬70F¬NHS West Sussex CCG¬01293 223666¬¬¬0844 815 1221
14308¬H82065¬GP¬UNKNOWN¬Visible¬True¬True¬Ball Tree Surgery¬Western Road North¬Sompting¬¬Lancing¬West Sussex¬BN15 9UX¬50.831768035888672¬-0.33881774544715881¬70F¬NHS West Sussex CCG¬01903752200¬¬http://www.theballtreesurgery.co.uk¬01903 768317
14309¬H82066001¬GP¬UNKNOWN¬Visible¬True¬True¬Fitzalan Medical Group¬66 Clun Road¬Wick¬¬Littlehampton¬West Sussex¬BN17 7EB¬50.815055847167969¬-0.54968816041946411¬70F¬NHS West Sussex CCG¬01903716664¬¬¬
14310¬H82066¬GP¬UNKNOWN¬Visible¬True¬True¬Fitzalan Medical Group¬Fitzalan Road¬¬¬Littlehampton¬West Sussex¬BN17 5JR¬50.806541442871094¬-0.53763246536254883¬70F¬NHS West Sussex CCG¬01903735200¬¬¬
14312¬H82067¬GP¬UNKNOWN¬Visible¬True¬True¬Tangmere Medical Centre¬Malcolm Road¬Tangmere¬¬Chichester¬West Sussex¬PO20 2HS¬50.851024627685547¬-0.71843588352203369¬70F¬NHS West Sussex CCG¬01243776988¬tangmeremc@nhs.net¬¬01243 783239
14316¬H82070¬GP¬UNKNOWN¬Visible¬True¬True¬Glebe Surgery¬The Glebe Surgery¬The Glebe¬¬Storrington¬West Sussex¬RH20 4FR¬50.918079376220703¬-0.45906484127044678¬70F¬NHS West Sussex CCG¬01903742942¬¬https://glebesurgerystorrington.nhs.uk/¬
14317¬H82072¬GP¬UNKNOWN¬Visible¬True¬True¬Silverdale Practice¬4 Silverdale Road¬¬¬Burgess Hill¬West Sussex¬RH15 0EF¬50.952842712402344¬-0.12169334292411804¬70F¬NHS West Sussex CCG¬01444233450¬¬http://www.silverdalepractice.co.uk/¬01444 230412
14318¬H82072002¬GP¬UNKNOWN¬Visible¬True¬True¬The Avenue Surgery¬277-283 London Road¬¬¬Burgess Hill¬West Sussex¬RH15 9QU¬50.955307006835937¬-0.13960592448711395¬70F¬NHS West Sussex CCG¬01444233450¬admin.silverdaleavenue@nhs.net¬http://www.silverdalepractice.co.uk¬
14319¬H82076¬GP¬UNKNOWN¬Visible¬True¬True¬Cornerways Surgery¬145 George V Avenue¬¬¬Worthing¬West Sussex¬BN11 5RZ¬50.815658569335938¬-0.4045051634311676¬70F¬NHS West Sussex CCG¬01903247740¬¬¬01903 242110
14320¬H82077¬GP¬UNKNOWN¬Visible¬True¬True¬The Croft Surgery¬Barnham Road¬Eastergate¬¬Chichester¬West Sussex¬PO20 3RP¬50.841377258300781¬-0.65775448083877563¬70F¬NHS West Sussex CCG¬01243543240¬¬¬01243 544862
14321¬H82077002¬GP¬UNKNOWN¬Visible¬True¬True¬Flintcroft Surgery, The Street¬The Street¬¬¬Walberton¬West Sussex¬BN18 0PJ¬50.843929290771484¬-0.61979925632476807¬70F¬NHS West Sussex CCG¬01243554031¬¬¬
14322¬H82077001¬GP¬UNKNOWN¬Visible¬True¬True¬Meadowcroft Surgery¬Bilsham Road¬¬¬Yapton¬West Sussex¬BN18 0JG¬50.8170166015625¬-0.6096617579460144¬70F¬NHS West Sussex CCG¬01243551118¬¬¬
14323¬H82078¬GP¬UNKNOWN¬Visible¬True¬True¬Dr Smith & Partners¬337 Main Road¬¬¬Emsworth¬Hampshire¬PO10 8JH¬50.844921112060547¬-0.90319949388504028¬70F¬NHS West Sussex CCG¬01243388740¬¬¬01243 388741
14324¬H82083¬GP¬UNKNOWN¬Visible¬True¬True¬Northbourne Medical Centre¬193A Upper Shoreham Road¬¬¬Shoreham By Sea¬West Sussex¬BN43 6BT¬50.841728210449219¬-0.25731241703033447¬70F¬NHS West Sussex CCG¬01273464640¬northbourne.medical@nhs.net¬http://www.northbournemc.co.uk¬01273 456184
14325¬H82084¬GP¬UNKNOWN¬Visible¬True¬True¬Brow Medical Centre¬The Brow¬¬¬Burgess Hill¬West Sussex¬RH15 9BS¬50.955593109130859¬-0.13549378514289856¬70F¬NHS West Sussex CCG¬01444246123¬¬http://www.browmedicalcentre.nhs.uk¬01444 222959
14327¬H82087¬GP¬UNKNOWN¬Visible¬True¬True¬Barn Surgery¬22 Ferring Street¬¬¬Worthing¬West Sussex¬BN12 5HJ¬50.813953399658203¬-0.44733330607414246¬70F¬NHS West Sussex CCG¬01903242638¬¬http://www.barnsurgery-ferring.nhs.uk¬
14328¬H82088¬GP¬UNKNOWN¬Visible¬True¬True¬Bewbush Medical Centre¬Bewbush Place¬Bewbush¬¬Crawley¬West Sussex¬RH11 8XT¬51.104194641113281¬-0.22329725325107574¬70F¬NHS West Sussex CCG¬01293592230¬¬http://www.bewbushmedicalcentre.co.uk¬01293 592231
14329¬H82089¬GP¬UNKNOWN¬Visible¬True¬True¬Riverside Surgery¬48 Worthing Road¬¬¬Horsham¬West Sussex¬RH12 1UD¬51.061031341552734¬-0.33594870567321777¬70F¬NHS West Sussex CCG¬01403 274700¬¬http://www.riversidesurgeryhorsham.co.uk¬01403 221999
14330¬H82091¬GP¬UNKNOWN¬Visible¬True¬True¬New Pond Row Surgery¬35 South Street¬¬¬Lancing¬West Sussex¬BN15 8AN¬50.824913024902344¬-0.32227829098701477¬70F¬NHS West Sussex CCG¬01903851073¬npr.surgery@nhs.net¬http://www.newpondrow.co.uk¬
14331¬H82092¬GP¬UNKNOWN¬Visible¬True¬True¬The Village Surgery¬Station Road¬Southwater Horsham¬¬Horsham¬West Sussex¬RH13 9HQ¬51.023693084716797¬-0.35036179423332214¬70F¬NHS West Sussex CCG¬01403730016¬¬¬01403 730660
14332¬H82065001¬GP¬UNKNOWN¬Visible¬True¬True¬Ball Tree Surgery - Kingfisher Branch¬19-21 Culver Road¬¬¬Lancing¬West Sussex¬BN15 9AX¬50.828926086425781¬-0.32366803288459778¬70F¬NHS West Sussex CCG¬01903 752200¬¬http://www.theballtreesurgery.co.uk/¬01903 851339
14333¬H82095¬GP¬UNKNOWN¬Visible¬True¬True¬Witterings Medical Centre¬Cakeham Road¬East Wittering¬¬Chichester¬West Sussex¬PO20 8BH¬50.770008087158203¬-0.87447631359100342¬70F¬NHS West Sussex CCG¬01243671833¬¬http://www.witteringsmedicalcentre.co.uk/¬
14334¬H82096¬GP¬UNKNOWN¬Visible¬True¬True¬The Orchard Surgery¬Penstone Park¬¬¬Lancing¬West Sussex¬BN15 9AG¬50.82806396484375¬-0.32433789968490601¬70F¬NHS West Sussex CCG¬01903875900¬¬www.theorchardsurgery.com¬01903 875905
14335¬H82098¬GP¬UNKNOWN¬Visible¬True¬True¬Coachmans Medical Practice¬Lansbury Road¬¬¬Crawley¬West Sussex¬RH11 9JA¬51.0955810546875¬-0.2027595043182373¬70F¬NHS West Sussex CCG¬01293583320¬¬http://www.coachmansmedicalpractice.co.uk¬
14336¬H82099¬GP¬UNKNOWN¬Visible¬True¬True¬West Meads Surgery¬2-8 The Precinct¬West Meads¬¬Bognor Regis¬West Sussex¬PO21 5SB¬50.788299560546875¬-0.70146721601486206¬70F¬NHS West Sussex CCG¬01243837980¬cwsccg.westmeads-bognor@nhs.net¬¬01243 837982
14337¬H82100¬GP¬UNKNOWN¬Visible¬True¬True¬Northlands Wood Surgery¬7 Walnut Park¬¬¬Haywards Heath¬West Sussex¬RH16 3TG¬50.996456146240234¬-8.1037640571594238E-2¬70F¬NHS West Sussex CCG¬01444458022¬¬http://www.northlandswoodpractice.com/¬01444 415960
14339¬H82615001¬GP¬UNKNOWN¬Visible¬True¬False¬Gillets Surgery¬Deanland Road¬¬¬Balcombe¬West Sussex¬RH17 6PH¬51.057895660400391¬-0.12976038455963135¬70F¬NHS West Sussex CCG¬01444405750¬¬http://www.ousevalleypractice.nhs.uk/¬01444 819227
14340¬H82615¬GP¬UNKNOWN¬Visible¬True¬False¬Ouse Valley Practice¬Dumbledore Primary Care Centre¬¬¬Haywards Heath¬West Sussex¬RH17 6HB¬51.059600830078125¬-0.19963124394416809¬70F¬NHS West Sussex CCG¬01444405750¬¬http://www.ousevalleypractice.nhs.uk¬01444 401166
14341¬H82621¬GP¬UNKNOWN¬Visible¬True¬True¬Dr R Miarkowski And Partners¬Sidney West PCC¬Park View Health Partnership¬¬Burgess Hill¬West Sussex¬RH15 8HS¬50.962184906005859¬-0.13462543487548828¬70F¬NHS West Sussex CCG¬01444244294¬¬https://www.modalitypartnership.nhs.uk/park-view-partnership¬
14343¬H82640¬GP¬UNKNOWN¬Visible¬True¬True¬Holbrook Surgery¬Bartholomew Way¬¬¬Horsham¬West Sussex¬RH12 5JL¬51.083831787109375¬-0.30033582448959351¬70F¬NHS West Sussex CCG¬01403339818¬enquiries@holbrooksurgery.com¬http://www.holbrooksurgery.com¬01403 282949
14345¬H82045003¬GP¬UNKNOWN¬Visible¬True¬True¬Health Central Surgery¬Health Central Surgery for Homeless People¬Central Clinic¬Stoke Abbott Road¬Worthing¬West Sussex¬BN11 1HE¬50.814357757568359¬-0.37323468923568726¬70F¬NHS West Sussex CCG¬01903 821647¬cwsccg.healthcentralsurgery-worthing@nhs.net¬¬
14346¬H82034002¬GP¬UNKNOWN¬Visible¬True¬True¬Lime Tree Surgery - Durrington¬Durrington Lane¬¬¬Worthing¬West Sussex¬BN13 2RX¬50.830482482910156¬-0.41317322850227356¬70F¬NHS West Sussex CCG¬1903843810¬¬¬01903 843801
14347¬H83001¬GP¬UNKNOWN¬Visible¬True¬True¬Portland Medical Centre¬184 Portland Road¬South Norwood¬¬London¬Greater London¬SE25 4QB¬51.392417907714844¬-6.6747039556503296E-2¬36L¬NHS South West London CCG¬02086621233¬croccg.portlandmc@nhs.net¬http://www.portlandmedicalcentre.co.uk¬
14349¬H83004¬GP¬UNKNOWN¬Visible¬True¬True¬The Farley Road Medical Practice¬53 Farley Road¬¬¬South Croydon¬Surrey¬CR2 7NG¬51.345802307128906¬-6.6483691334724426E-2¬36L¬NHS South West London CCG¬02086511222¬admin@farleymedical.info¬http://www.farleymedical.co.uk¬
14350¬H83004001¬GP¬UNKNOWN¬Visible¬True¬True¬The Forestdale Branch¬125 Holmbury Grove¬Featherbed Lane¬¬Croydon¬Surrey¬CR0 9AQ¬51.350475311279297¬-3.9072934538125992E-2¬36L¬NHS South West London CCG¬02086511222¬http://www.farleymedical.co.uk¬http://www.farleymedical.co.uk¬020 8657 9297
14351¬H83005¬GP¬UNKNOWN¬Visible¬True¬True¬Upper Norwood Group Practice¬130 Church Road¬¬¬London¬Greater London¬SE19 2NT¬51.413307189941406¬-0.08480525016784668¬36L¬NHS South West London CCG¬02087716050¬¬http://www.uppernorwoodgrouppractice.co.uk/¬020 8771 6056
14352¬H83006¬GP¬UNKNOWN¬Visible¬True¬True¬AT Medics - Parkway Health Centre¬Parkway¬New Addington¬¬Croydon¬Surrey¬CR0 0JA¬51.344383239746094¬-1.8569605425000191E-2¬36L¬NHS South West London CCG¬01689808810¬newaddington.grouppractices@nhs.net¬https://www.newaddingtongp.co.uk¬01689 808819
14353¬H83007¬GP¬UNKNOWN¬Visible¬True¬True¬Violet Lane Medical Practice¬231 Violet Lane¬¬¬Croydon¬Surrey¬CR0 4HN¬51.360366821289063¬-0.10795721411705017¬36L¬NHS South West London CCG¬02086880333¬¬¬
14354¬H83008¬GP¬UNKNOWN¬Visible¬True¬True¬The Addiscombe Surgery¬395 A Addiscombe Road¬395A Addiscombe Road¬¬Croydon¬Surrey¬CR0 7LJ¬51.376293182373047¬-6.1836864799261093E-2¬36L¬NHS South West London CCG¬02086542200¬¬¬
14355¬H83009¬GP¬UNKNOWN¬Visible¬True¬True¬Norbury Health Centre 2¬2B Pollards Hill North¬Norbury¬¬London¬Greater London¬SW16 4NL¬51.404960632324219¬-0.12037672847509384¬36L¬NHS South West London CCG¬02086796591¬¬http://www.norburymedicalpractice.co.uk/¬
14356¬H83010¬GP¬UNKNOWN¬Visible¬True¬True¬South Norwood Hill Medical Centre¬103A South Norwood Hill¬¬¬London¬Greater London¬SE25 6BY¬51.403167724609375¬-8.0757424235343933E-2¬36L¬NHS South West London CCG¬02087710742¬¬¬
14357¬H83011¬GP¬UNKNOWN¬Visible¬True¬True¬North Croydon Medical Centre¬518 London Road¬¬¬Thornton Heath¬Surrey¬CR7 7HQ¬51.388160705566406¬-0.11115150898694992¬36L¬NHS South West London CCG¬0208 665 4757¬¬http://www.northcroydonmedicalcentre.co.uk/¬020 8665 8809
14358¬H83012¬GP¬UNKNOWN¬Visible¬True¬True¬ST JAMES MEDICAL CENTRE¬189a St James's Road¬¬¬Croydon¬Surrey¬CR0 2BZ¬51.381805419921875¬-9.3090392649173737E-2¬36L¬NHS South West London CCG¬02086845353¬¬http://www.stjamesmedicalcentre.nhs.uk/welcome,48823.htm¬020 8665 1229
14359¬H83012001¬GP¬UNKNOWN¬Visible¬True¬True¬CASTLE HILL SURGERY¬1A Castle Hill Avenue¬New Addington¬¬Croydon¬Surrey¬CR0 0TH¬51.348358154296875¬-0.02129889652132988¬36L¬NHS South West London CCG¬01689843636¬castle.hill@gp-h83012.nhs.uk¬http://www.castlehill.gpsurgery.net¬01689 844827
14360¬H83013¬GP¬UNKNOWN¬Visible¬True¬True¬OLD COULSDON MEDICAL PRACTICE¬2A Court Avenue¬¬¬Coulsdon¬Surrey¬CR5 1HF¬51.306621551513672¬-0.11781555414199829¬36L¬NHS South West London CCG¬01737558288¬¬http://www.oldcoulsdonmedicalprac.co.uk¬01737 558 280
14361¬H83014¬GP¬UNKNOWN¬Visible¬True¬True¬QUEENHILL MEDICAL PRACTICE¬31 Queenhill Road¬Selsdon¬¬South Croydon¬Surrey¬CR2 8DU¬51.344989776611328¬-6.6776402294635773E-2¬36L¬NHS South West London CCG¬0208 651 1141¬¬http://www.queenhillmedicalpractice.nhs.uk/¬020 8651 5011
14362¬H83015¬GP¬UNKNOWN¬Visible¬True¬True¬PARKSIDE GROUP PRACTICE¬27 Wyche Grove¬¬¬South Croydon¬Surrey¬CR2 6EX¬51.35101318359375¬-9.7761154174804688E-2¬36L¬NHS South West London CCG¬02086802588¬¬http://www.parksidegrouppractice.co.uk¬020 8680 1415
14363¬H83016¬GP¬UNKNOWN¬Visible¬True¬True¬Keston Medical Practice¬Purley War Memorial Hospital¬856 Brighton Road¬¬Purley¬Surrey¬CR8 2YL¬51.340217590332031¬-0.11470719426870346¬36L¬NHS South West London CCG¬02086608292¬¬http://www.kestonmedicalpractice.co.uk¬
14364¬H83017¬GP¬UNKNOWN¬Visible¬True¬True¬Brigstock & South Norwood Partnership¬141 Brigstock Road¬¬¬Thornton Heath¬Surrey¬CR7 7JN¬51.395046234130859¬-0.1093154102563858¬36L¬NHS South West London CCG¬02086840033¬¬http://www.brigstockandsouthnorwood-medicalpractice.co.uk¬020 8689 3647
14365¬H83018¬GP¬UNKNOWN¬Visible¬True¬True¬Selsdon Park Medical Practice¬97 Addington Road¬¬¬South Croydon¬Surrey¬CR2 8LG¬51.3424072265625¬-6.4558960497379303E-2¬36L¬NHS South West London CCG¬02086570067¬¬http://www.selsdonparkmedicalpractice.nhs.uk¬020 8657 0037
14366¬H83019¬GP¬UNKNOWN¬Visible¬True¬True¬Friends Road Medical Practice¬Friends Road Medical Practice¬49-51 Friends Road¬¬Croydon¬Surrey¬CR0 1ED¬51.37127685546875¬-9.4806626439094543E-2¬36L¬NHS South West London CCG¬020 8688 0532¬¬http://www.frmp.org.uk¬020 8405 6039
14367¬H83020¬GP¬UNKNOWN¬Visible¬True¬True¬Eversley Medical Centre¬501 London Road¬¬¬Thornton Heath¬Surrey¬CR7 6AR¬51.388515472412109¬-0.11189870536327362¬36L¬NHS South West London CCG¬02086841172¬¬http://www.eversleymedicalcentre.co.uk¬02086844515
14368¬H83021¬GP¬UNKNOWN¬Visible¬True¬True¬London Road Medical Practice ¬Cavendish House¬515 London Road¬¬Thornton Heath¬Surrey¬CR7 6AR¬51.388515472412109¬-0.11189870536327362¬36L¬NHS South West London CCG¬02086842161¬swlccg.cavendishhouse@nhs.net¬http://www.londonroadmedicalpractice.nhs.uk¬
14370¬H83022¬GP¬UNKNOWN¬Visible¬True¬True¬Thornton Heath Health Centre¬61A Gillett Road¬¬¬Thornton Heath¬Surrey¬CR7 8RL¬51.397747039794922¬-9.6079051494598389E-2¬36L¬NHS South West London CCG¬02086641590¬¬https://www.thorntonheathmedicalcentre.co.uk/¬020 8664 1591
14371¬H83023¬GP¬UNKNOWN¬Visible¬True¬True¬Morland Road Surgery¬1 Morland Road¬¬¬Croydon¬Surrey¬CR0 6HA¬51.380580902099609¬-8.6053475737571716E-2¬36L¬NHS South West London CCG¬02086880434¬¬¬020 8649 8477
14372¬H83024001¬GP¬UNKNOWN¬Visible¬True¬True¬The Woodcote Group Practice¬140 Chipstead Valley Road¬¬¬Coulsdon¬Surrey¬CR5 3BB¬51.319229125976562¬-0.14429548382759094¬36L¬NHS South West London CCG¬02087635620¬¬http://www.woodcotemedical.nhs.uk¬020 8660 0721
14373¬H83024¬GP¬UNKNOWN¬Visible¬True¬True¬Woodcote Medical¬32 Foxley Lane¬¬¬Purley¬Surrey¬CR8 3EE¬51.341278076171875¬-0.12435425072908401¬36L¬NHS South West London CCG¬02087635620¬¬http://www.woodcotemedical.nhs.uk¬020 8763 2348
14375¬H83027¬GP¬UNKNOWN¬Visible¬True¬True¬Dr B Baskaran & Partners¬Parkway¬New Addington¬¬Croydon¬Surrey¬CR0 0JA¬51.344383239746094¬-1.8569605425000191E-2¬36L¬NHS South West London CCG¬01689808300¬¬http://www.parkwayhealthcentre1.co.uk/¬01689844082
14376¬H83028001¬GP¬UNKNOWN¬Visible¬True¬True¬Gravel Hill Surgery¬7 Gravel Hill¬Addington¬¬Croydon¬Surrey¬CR0 5BG¬51.353755950927734¬-0.03910510241985321¬36L¬NHS South West London CCG¬02086554013¬¬https://www.addingtonmedicalpractice¬
14377¬H83028¬GP¬UNKNOWN¬Visible¬True¬True¬Addington Medical Practice¬Parkway¬New Addington¬¬Croydon¬Surrey¬CR0 0JA¬51.344383239746094¬-1.8569605425000191E-2¬36L¬NHS South West London CCG¬01689849993¬¬¬01689 844567
14378¬H83029¬GP¬UNKNOWN¬Visible¬True¬True¬Hartland Way Surgery¬1 Hartland Way¬Shirley¬¬Croydon¬Surrey¬CR0 8RG¬51.374370574951172¬-0.04576781764626503¬36L¬NHS South West London CCG¬0208 777 7215¬¬¬020 8777 7648
14379¬H83030¬GP¬UNKNOWN¬Visible¬True¬True¬Broom Road Medical Practice¬23 Broom Road¬Shirley¬¬Croydon¬Surrey¬CR0 8NG¬51.369777679443359¬-3.0260195955634117E-2¬36L¬NHS South West London CCG¬02087775511¬broomroad.practice@nhs.net¬¬020 8777 9532
14380¬H83031¬GP¬UNKNOWN¬Visible¬True¬True¬The Haling Park Partnership¬96 Brighton Road¬¬¬South Croydon¬Surrey¬CR2 6AD¬51.357112884521484¬-9.8094604909420013E-2¬36L¬NHS South West London CCG¬02086880875¬¬http://www.halingparkmedicalpractice.nhs.uk¬020 8686 0546
14381¬H83033¬GP¬UNKNOWN¬Visible¬True¬True¬Ashburton Park Medical Centre¬416 Lower Addiscombe Road¬¬¬Croydon¬Surrey¬CR0 7AG¬51.384147644042969¬-6.4206905663013458E-2¬36L¬NHS South West London CCG¬02037146868¬¬http://www.ashburtonparkmedical.co.uk¬020 8654 0487
14382¬H83034¬GP¬UNKNOWN¬Visible¬True¬True¬The Whitehorse Practice¬87 Whitehorse Road¬¬¬Croydon¬Surrey¬CR0 2JJ¬51.385868072509766¬-9.7376853227615356E-2¬36L¬NHS South West London CCG¬02086841162¬¬¬
14384¬H83037¬GP¬UNKNOWN¬Visible¬True¬True¬AUCKLAND SURGERY¬84A Auckland Road¬¬¬London¬Greater London¬SE19 2DF¬51.409530639648438¬-8.0908097326755524E-2¬36L¬NHS South West London CCG¬02086535146¬¬http://www.aucklandsurgery.co.uk¬020 8653 1195
14385¬H83039¬GP¬UNKNOWN¬Visible¬True¬True¬Stovell House Surgery¬188 Lower Addiscombe Road¬¬¬Croydon¬Surrey¬CR0 6AH¬51.378898620605469¬-7.5363822281360626E-2¬36L¬NHS South West London CCG¬02086541427¬¬www.stovellhousesurgery.co.uk¬020 8662 1272
14386¬H83040¬GP¬UNKNOWN¬Visible¬True¬True¬Mitchley Avenue Practice¬116 Mitchley Avenue¬Sanderstead¬¬South Croydon¬Surrey¬CR2 9HH¬51.330219268798828¬-8.9588411152362823E-2¬36L¬NHS South West London CCG¬0208 657 6565¬swlccg.mitchleyave@nhs.net¬https://www.mitchleyavenue.nhs.uk/¬
14388¬H83042¬GP¬UNKNOWN¬Visible¬True¬True¬Leander Road Surgery¬949 London Road¬¬¬Thornton Heath¬Surrey¬CR7 6JE¬51.399456024169922¬-0.11744298785924911¬36L¬NHS South West London CCG¬02034578727¬swlccg.adminleanderfamilypractice@nhs.net¬https://www.leanderfamilypractice.co.uk¬
14390¬H83043¬GP¬UNKNOWN¬Visible¬True¬True¬Shirley Medical Centre¬334-370 Wickham Road¬Shirley¬¬Croydon¬Surrey¬CR0 8BH¬51.375492095947266¬-0.04330458864569664¬36L¬NHS South West London CCG¬02087772066¬croccg.shirleymedicalcentre@nhs.net¬http://www.shirleymedicalcentre.nhs.uk¬
14391¬H83044¬GP¬UNKNOWN¬Visible¬True¬True¬East Croydon Medical Centre¬59 Addiscombe Road¬¬¬Croydon¬Surrey¬CR0 6SD¬51.375247955322266¬-8.4868647158145905E-2¬36L¬NHS South West London CCG¬02036574170¬croccg.ecmcadministration@nhs.net¬http://www.eastcroydonmc.co.uk/¬020 8686 5818
14392¬H83006001¬GP¬UNKNOWN¬Visible¬True¬True¬Fieldway Medical Centre¬15A Danebury¬New Addington¬¬Croydon¬Greater London¬CR0 9EU¬51.356174468994141¬-1.9856113940477371E-2¬36L¬NHS South West London CCG¬01689841466¬fieldway.practice@gp.h83046.sthames.nhs.uk¬http://www.newaddingtongp.co.uk/¬
14394¬H83049¬GP¬UNKNOWN¬Visible¬True¬True¬Headley Drive Surgery¬117A Headley Drive¬New Addington¬¬Croydon¬Surrey¬CR0 0QL¬51.353267669677734¬-0.01593143492937088¬36L¬NHS South West London CCG¬01689808160¬croccg-h83006.communications@nhs.net¬https://www.newaddingtongp.co.uk¬01689808169
14395¬H83050¬GP¬UNKNOWN¬Visible¬True¬True¬The Moorings Medical Practice¬2A Valley Road¬¬¬Kenley¬Surrey¬CR8 5DG¬51.324390411376953¬-9.9735260009765625E-2¬36L¬NHS South West London CCG¬02034177565¬¬http://www.mooringspractice.co.uk¬08448 151 131
14396¬H83051¬GP¬UNKNOWN¬Visible¬True¬True¬Thornton Road Surgery¬Thornton Road and Valley Park Surgery¬299 Thornton Road¬¬Croydon¬Surrey¬CR0 3EW¬51.388870239257813¬-0.12069461494684219¬36L¬NHS South West London CCG¬02086831255¬¬http://www.croydongp.co.uk¬020 82510166
14397¬H83052¬GP¬UNKNOWN¬Visible¬True¬True¬Bramley Avenue Surgery¬1B Bramley Avenue¬¬¬Coulsdon¬Surrey¬CR5 2DR¬51.323234558105469¬-0.14169242978096008¬36L¬NHS South West London CCG¬02086600193¬bramleyavenuesurgery@nhs.net¬¬020 8763 8952
14398¬H83053¬GP¬UNKNOWN¬Visible¬True¬True¬PARCHMORE MEDICAL CENTRE¬97 Parchmore Road¬¬¬Thornton Heath¬Surrey¬CR7 8LY¬51.402679443359375¬-0.10068900138139725¬36L¬NHS South West London CCG¬02082514200¬¬http://www.parchmoremedicalcentre.co.uk/¬020 8251 0550
14399¬H83608¬GP¬UNKNOWN¬Visible¬True¬True¬Brigstock Family Practice¬83 Brigstock Road¬¬¬Thornton Heath¬Surrey¬CR7 7JH¬51.397289276123047¬-0.10354448854923248¬36L¬NHS South West London CCG¬02086897800¬¬¬020 8665 1315
14400¬H83609¬GP¬UNKNOWN¬Visible¬True¬True¬MERSHAM MEDICAL CENTRE¬30 Norbury Road¬¬¬Thornton Heath¬Surrey¬CR7 8JN¬51.404582977294922¬-9.6830278635025024E-2¬36L¬NHS South West London CCG¬02086531869¬¬http://www.mershammedicalcentre.co.uk¬020 8771 4167
14401¬H83611¬GP¬UNKNOWN¬Visible¬True¬True¬Selhurst Medical Practice¬27 Selhurst Road¬South Norwood¬¬London¬Greater London¬SE25 5QA¬51.390010833740234¬-8.8954679667949677E-2¬36L¬NHS South West London CCG¬02086842010¬¬¬
14406¬H83624¬GP¬UNKNOWN¬Visible¬True¬True¬Dr Marilyn Graham¬69 Fairview Road¬Norbury¬¬London¬Greater London¬SW16 5PX¬51.410789489746094¬-0.12433995306491852¬36L¬NHS South West London CCG¬02087658525¬enquiries@fairviewmedicalcentre.co.uk¬http://www.fairviewmedicalcentre.co.uk/index.php¬020 8765 8520
14407¬H83625¬GP¬UNKNOWN¬Visible¬True¬True¬Dr Avinash Kumar Sennik¬87 Thornton Road¬¬¬Thornton Heath¬Surrey¬CR7 6BH¬51.390785217285156¬-0.11959558725357056¬36L¬NHS South West London CCG¬02086831277¬docmanh83625@nhs.net¬¬020 8665 1365
14409¬H83627¬GP¬UNKNOWN¬Visible¬True¬True¬Birdhurst Medical Practice¬1 Birdhurst Avenue¬¬¬South Croydon¬Surrey¬CR2 7DX¬51.365280151367188¬-9.2599056661128998E-2¬36L¬NHS South West London CCG¬02086862070¬¬¬020 86860824
14410¬H83631001¬GP¬UNKNOWN¬Visible¬True¬True¬Greenside Group Practice¬26 Lennard Road¬¬¬Croydon¬Surrey¬CR0 2UL¬51.380748748779297¬-0.10316499322652817¬36L¬NHS South West London CCG¬02086802270¬¬www.greensidemedicalpractice.co.uk¬020 8649 8763
14411¬H83631¬GP¬UNKNOWN¬Visible¬True¬True¬GREENSIDE MEDICAL PRACTICE¬88 Greenside Road¬¬¬Croydon¬Surrey¬CR0 3PN¬51.384773254394531¬-0.11313048005104065¬36L¬NHS South West London CCG¬02082400072¬¬www.greensidemedicalpractice.co.uk¬020 8240 0074
14412¬H83051001¬GP¬UNKNOWN¬Visible¬True¬True¬Valley Park Surgery¬Healthy Living Centre¬Franklin Way¬¬Croydon¬Surrey¬CR0 4YD¬51.381813049316406¬-0.12756548821926117¬36L¬NHS South West London CCG¬2082519470¬¬http://www.valleyparksurgery.co.uk¬020 8251 9504
14414¬H84002¬GP¬UNKNOWN¬Visible¬True¬True¬Park Road Surgery (Dr Patton & Partners)¬37 Park Road¬¬¬Teddington¬Middlesex¬TW11 0AU¬51.423912048339844¬-0.33458209037780762¬36L¬NHS South West London CCG¬02089775481¬¬http://www.parkroadsurgeryteddington.co.uk¬020 89777882
14415¬H84005¬GP¬UNKNOWN¬Visible¬True¬True¬Parkshot Medical Practice¬18 Parkshot¬¬¬Richmond¬Surrey¬TW9 2RG¬51.463294982910156¬-0.30290290713310242¬36L¬NHS South West London CCG¬02089484217¬parkshot.medical@nhs.net¬http://www.parkshotmedical.nhs.uk¬
14416¬H84006¬GP¬UNKNOWN¬Visible¬True¬True¬Richmond Medical Group¬Sheen Lane Health Centre¬Sheen Lane¬East Sheen¬London¬¬SW14 8LP¬51.465847015380859¬-0.26724797487258911¬36L¬NHS South West London CCG¬020 8876 3901¬¬https://richmondmedicalgroup.co.uk¬
14417¬H84007¬GP¬UNKNOWN¬Visible¬True¬True¬The Acorn Group Practice - Jackson¬29-35 Holly Road¬¬¬Twickenham¬Middlesex¬TW1 4EA¬51.447101593017578¬-0.32920551300048828¬36L¬NHS South West London CCG¬02088910073¬acorngrouppractice@nhs.net¬https://www.theacorngrouppractice.co.uk¬
14419¬H84010¬GP¬UNKNOWN¬Visible¬True¬True¬Canbury Medical Centre¬1 Elm Road¬¬¬Kingston Upon Thames¬Surrey¬KT2 6HR¬51.414337158203125¬-0.29718101024627686¬36L¬NHS South West London CCG¬02085474270¬kinccg.infocanbury@nhs.net¬http://www.canburymedicalcentre.nhs.uk¬
14420¬H84012¬GP¬UNKNOWN¬Visible¬True¬True¬The York Medical Practice¬St. Johns Health Centre¬¬¬Twickenham¬Middlesex¬TW1 3PA¬51.449371337890625¬-0.32568308711051941¬36L¬NHS South West London CCG¬02087440220¬¬www.yorkpractice.co.uk¬020 8892 6855
14421¬H84014¬GP¬UNKNOWN¬Visible¬True¬True¬The Paradise Road Practice¬37 Paradise Road¬¬¬Richmond¬Surrey¬TW9 1SA¬51.460151672363281¬-0.30137842893600464¬36L¬NHS South West London CCG¬02089402423¬ricccg.paradiseroad@nhs.net¬https://www.paradiseroadpractice.nhs.uk/¬020 83326363
14422¬H84015¬GP¬UNKNOWN¬Visible¬True¬True¬BRUNSWICK SURGERY¬Surbiton Health Centre¬Ewell Road¬¬Surbiton¬Surrey¬KT6 6EZ¬51.390827178955078¬-0.29993689060211182¬36L¬NHS South West London CCG¬020 8390 5321¬kingstonccg.brunswick.surgery@nhs.net¬http://www.brunswicksurgery.co.uk¬
14423¬H84016¬GP¬UNKNOWN¬Visible¬True¬True¬The Groves Medical Centre¬171 Clarence Avenue¬¬¬New Malden¬Surrey¬KT3 3TX¬51.410049438476563¬-0.26222613453865051¬36L¬NHS South West London CCG¬02083366565¬¬https://www.thegrovesnhs.org/¬020 8336 6566
14424¬H84017¬GP¬UNKNOWN¬Visible¬True¬True¬Hudson (Seymour House)¬154 Sheen Road¬¬¬Richmond¬Surrey¬TW9 1UU¬51.46240234375¬-0.2927582859992981¬36L¬NHS South West London CCG¬02089402802¬¬¬020 8332 7877
14425¬H84017001¬GP¬UNKNOWN¬Visible¬True¬True¬Lock Road Surgery¬55A Lock Road, Ham¬¬¬Richmond¬Surrey¬TW10 7LJ¬51.4346923828125¬-0.31374618411064148¬36L¬NHS South West London CCG¬02089401400¬¬¬020 8332 7797 
14426¬H84018¬GP¬UNKNOWN¬Visible¬True¬True¬Broad Lane Surgery¬71 Broad Lane¬¬¬Hampton¬Middlesex¬TW12 3AX¬51.422874450683594¬-0.36813274025917053¬36L¬NHS South West London CCG¬02089795406¬¬http://www.broadlanesurgeryhampton.co.uk¬020 89418838
14428¬H84020002¬GP¬UNKNOWN¬Visible¬True¬True¬Fairhill Medical Practice¬The Health Centre, Kingston University¬Penrhyn Road¬¬Kingston Upon Thames¬Surrey¬KT1 2EE¬51.403274536132812¬-0.30317029356956482¬36L¬NHS South West London CCG¬02084172204¬¬http://www.fairhill.gpsurgery.net/¬
14429¬H84020¬GP¬UNKNOWN¬Visible¬True¬True¬Fairhill Medical Practice¬81 Kingston Hill¬¬¬Kingston Upon Thames¬Surrey¬KT2 7PX¬51.417068481445312¬-0.28285622596740723¬36L¬NHS South West London CCG¬02085461407¬¬http://www.fairhill.gpsurgery.net/¬020 8547 0075
14430¬H84020001¬GP¬UNKNOWN¬Visible¬True¬True¬Fairhill Medical Practice¬14 Fairfield South¬¬¬Kingston Upon Thames¬Surrey¬KT1 2UJ¬51.407505035400391¬-0.29849886894226074¬36L¬NHS South West London CCG¬02085461771¬¬http://www.fairhill.gpsurgery.net/¬020 8974 9082
14431¬H84023¬GP¬UNKNOWN¬Visible¬True¬True¬Essex House Surgery¬Station Road¬Barnes¬¬London¬Greater London¬SW13 0LW¬51.472541809082031¬-0.24745497107505798¬36L¬NHS South West London CCG¬02088761033¬ricccg.essexhouseenquiries@nhs.net¬http://www.essexhousesurgery.nhs.uk¬
14432¬H84025¬GP¬UNKNOWN¬Visible¬True¬True¬Hook Surgery¬Merritt Medical Centre¬Merritt Gardens¬¬Chessington¬Surrey¬KT9 2GY¬51.359149932861328¬-0.31206908822059631¬36L¬NHS South West London CCG¬02083976361¬¬http://www.hooksurgery.co.uk/¬020 89741573
14433¬H84027¬GP¬UNKNOWN¬Visible¬True¬True¬Churchill Medical Centre¬Clifton Road¬¬¬Kingston upon Thames¬Surrey¬KT2 6PG¬51.413387298583984¬-0.28819981217384338¬36L¬NHS South West London CCG¬02037272230¬kinccg.churchill@nhs.net¬http://www.churchillmedicalcentre.com¬020 3727 2231
14434¬H84027001¬GP¬UNKNOWN¬Visible¬True¬True¬Churchill Medical Centre, Surbiton¬1 Evesham Terrace¬St Andrews Road¬¬Surbiton¬Surrey¬KT6 4DS¬51.392860412597656¬-0.30812647938728333¬36L¬NHS South West London CCG¬02037272230¬kinccg.churchill@nhs.net¬http://www.churchillmedicalcentre.com¬020 8399 5791
14435¬H84027002¬GP¬UNKNOWN¬Visible¬True¬True¬Churchill Medical Centre¬¬164 Tudor Drive¬¬Kingston upon Thames¬Surrey¬KT2 5QG¬51.426967620849609¬-0.29922893643379211¬36L¬NHS South West London CCG¬02037272230¬kinccg.churchill@nhs.net¬http://www.churchillmedicalcentre.com¬
14437¬H84030¬GP¬UNKNOWN¬Visible¬True¬True¬Central Surgery Surbiton¬Surbiton Health Centre¬Ewell Road¬¬Surbiton¬Surrey¬KT6 6EZ¬51.390838623046875¬-0.29986485838890076¬36L¬NHS South West London CCG¬020 8399 6622¬kinccg.centralsurgery@nhs.net¬http://www.centralsurgerysurbiton.co.uk¬
14438¬H84031¬GP¬UNKNOWN¬Visible¬True¬True¬Jubilee Surgery - Boohan¬First Floor¬Whitton Corner H&SCC¬Percy Road¬Twickenham¬Middlesex¬TW2 6JL¬51.444751739501953¬-0.36516666412353516¬36L¬NHS South West London CCG¬02034585400¬¬http://www.jubileesurgerywhitton.nhs.uk¬
14439¬H84032¬GP¬UNKNOWN¬Visible¬True¬True¬O'Flynn - Hampton Wick¬26 Upper Teddington Road¬Hampton Wick¬¬Kingston Upon Thames¬Surrey¬KT1 4DY¬51.415592193603516¬-0.31306853890419006¬36L¬NHS South West London CCG¬02089772638¬¬https://www.hamptonwicksurgery.co.uk¬020 8977 2434
14440¬H84033¬GP¬UNKNOWN¬Visible¬True¬True¬ST ALBANS MEDICAL CENTRE¬212 Richmond Road¬¬¬Kingston Upon Thames¬Surrey¬KT2 5HF¬51.421951293945313¬-0.30246433615684509¬36L¬NHS South West London CCG¬02085463136¬¬https://www.stalbansmedicalcentre.co.uk/¬020 89745771
14441¬H84034¬GP¬UNKNOWN¬Visible¬True¬True¬The Orchard Practice¬Orchard Gardens¬¬¬Chessington¬Surrey¬KT9 1AG¬51.368457794189453¬-0.30276775360107422¬36L¬NHS South West London CCG¬02083979494¬¬http://www.orchardpracticechessington.co.uk¬020 8974 1017
14443¬H84039¬GP¬UNKNOWN¬Visible¬True¬True¬Cross Deep Surgery¬4 Cross Deep¬¬¬Twickenham¬Middlesex¬TW1 4QP¬51.445011138916016¬-0.3301740288734436¬36L¬NHS South West London CCG¬02088928124¬¬www.crossdeepsurgery.co.uk¬020 87449801
14444¬H84040¬GP¬UNKNOWN¬Visible¬True¬True¬Hampton Medical Centre¬Hampton Medical Centre¬Lansdowne¬49A Priory Road¬Hampton¬Middlesex¬TW12 2PB¬51.418415069580078¬-0.37264925241470337¬36L¬NHS South West London CCG¬02089793306¬¬http://www.hamptonmedicalcentre.nhs.uk/¬020 89419068
14445¬H84041¬GP¬UNKNOWN¬Visible¬True¬True¬The Vineyard Surgery¬35 The Vineyard¬¬¬Richmond¬Surrey¬TW10 6PP¬51.458194732666016¬-0.30101925134658813¬36L¬NHS South West London CCG¬02089480404¬¬http://www.thevineyardsurgery.co.uk¬
14446¬H84042¬GP¬UNKNOWN¬Visible¬True¬True¬Holmwood Corner Surgery¬134 Malden Road¬¬¬New Malden¬Surrey¬KT3 6DR¬51.397556304931641¬-0.2549368143081665¬36L¬NHS South West London CCG¬02089420066¬¬http://www.holmwoodcornersurgery.co.uk¬
14448¬H84044001¬GP¬UNKNOWN¬Visible¬True¬True¬Fir Road Surgery¬50 Fir Road¬¬¬Feltham¬Middlesex¬TW13 6UJ¬51.428806304931641¬-0.39060664176940918¬36L¬NHS South West London CCG¬02088980253¬¬¬020 8893 3864
14449¬H84044¬GP¬UNKNOWN¬Visible¬True¬True¬Sood (The Green & Fir Road)¬1B The Green¬¬¬Twickenham¬Middlesex¬TW2 5TU¬51.443828582763672¬-0.34062099456787109¬36L¬NHS South West London CCG¬02088946870¬¬¬020 8893 8579
14450¬H84048¬GP¬UNKNOWN¬Visible¬True¬True¬Twickenham Park Surgery - Johal¬17 Rosslyn Road¬¬¬Twickenham¬Middlesex¬TW1 2AR¬51.455001831054688¬-0.31509947776794434¬36L¬NHS South West London CCG¬02088921991¬serena.medina@nhs.net¬http://www.twickenhamparksurgery.co.uk/¬020 87440533
14452¬H84050¬GP¬UNKNOWN¬Visible¬True¬True¬Chessington Park Surgery¬Merritt Medical Centre¬Merritt Gardens¬¬Chessington¬Surrey¬KT9 2GY¬51.359149932861328¬-0.31206908822059631¬36L¬NHS South West London CCG¬02087391977¬¬http://www.chessingtonparksurgery.co.uk¬020 8739 1971
14453¬H84051¬GP¬UNKNOWN¬Visible¬True¬True¬Roselawn Surgery¬149 Malden Road¬¬¬New Malden¬Surrey¬KT3 6AA¬51.397182464599609¬-0.25569862127304077¬36L¬NHS South West London CCG¬02089490555¬¬¬020 83955666
14454¬H84053¬GP¬UNKNOWN¬Visible¬True¬True¬Berrylands Surgery, Surbiton Health Centre¬Surbiton Health Centre¬Ewell Road¬¬Surbiton¬Surrey¬KT6 6EZ¬51.390827178955078¬-0.29993689060211182¬36L¬NHS South West London CCG¬02083996362¬¬http://www.berrylandssurgery.nhs.uk/¬0208 274 3033
14455¬H84054¬GP¬UNKNOWN¬Visible¬True¬True¬Red Lion Road Surgery¬1 A Red Lion Road¬Tolworth¬¬Surbiton¬Surrey¬KT6 7QG¬51.381610870361328¬-0.29014730453491211¬36L¬NHS South West London CCG¬02083991779¬¬http://www.redlionroadsurgery.nhs.uk¬020 83900817
14457¬H84055¬GP¬UNKNOWN¬Visible¬True¬True¬Johnson (Sheen Lane)¬Sheen Lane Health Centre¬Sheen Lane¬East Sheen¬London¬Greater London¬SW14 8LP¬51.465847015380859¬-0.26724797487258911¬36L¬NHS South West London CCG¬02088764086¬¬http://www.sheensurgery.nhs.uk¬
14458¬H84057¬GP¬UNKNOWN¬Visible¬True¬True¬Sarajlic (Staines Road)¬Staines Road Medical Centre¬325 Staines Road¬¬Twickenham¬Middlesex¬TW2 5AU¬51.439674377441406¬-0.3579082190990448¬36L¬NHS South West London CCG¬02088942722¬ricccg.stainesroadsurgery@nhs.net¬http://www.stainesroadsurgery.nhs.uk/¬
14460¬H84059¬GP¬UNKNOWN¬Visible¬True¬True¬Thameside Medical Practice - Childs & Partners¬Thames House¬180-194 High Street¬¬Teddington¬Middlesex¬TW11 8HU¬51.427448272705078¬-0.3265850841999054¬36L¬NHS South West London CCG¬02086144930¬¬http://thamesidemedicalpractice.co.uk¬020 8977 1855
14461¬H84060¬GP¬UNKNOWN¬Visible¬True¬True¬Richmond Lock Surgery - Smith¬300 St Margaret's Road¬¬¬Twickenham¬Middlesex¬TW1 1PS¬51.464519500732422¬-0.32288289070129395¬36L¬NHS South West London CCG¬02088922543¬¬http://www.richmondlocksurgery.co.uk/¬020 87443055
14462¬H84061¬GP¬UNKNOWN¬Visible¬True¬True¬Kingston Health Centre¬10 Skerne Road¬¬¬Kingston Upon Thames¬Surrey¬KT2 5AD¬51.414188385009766¬-0.30488017201423645¬36L¬NHS South West London CCG¬02085494747¬khcadmin@nhs.net¬http://www.kingstonhealthcentre.nhs.uk¬
14463¬H84062¬GP¬UNKNOWN¬Visible¬True¬True¬LANGLEY MEDICAL PRACTICE¬Ewell Road¬¬¬Surbiton¬Surrey¬KT6 6EZ¬51.391227722167969¬-0.29890537261962891¬36L¬NHS South West London CCG¬020 8390 9996¬¬http://www.langleymedicalpractice.nhs.uk/index.htm¬
14470¬H84618¬GP¬UNKNOWN¬Visible¬True¬True¬Sunray Surgery¬97 Warren Drive South¬Tolworth¬¬Surbiton¬Surrey¬KT5 9QD¬51.382644653320312¬-0.27481833100318909¬36L¬NHS South West London CCG¬020 8330 4056¬kinccg.sunraysurgery@nhs.net¬http://www.sunraysurgery.nhs.uk¬
14471¬H84619¬GP¬UNKNOWN¬Visible¬True¬True¬Claremont Medical Centre¬2A Glenbuck Road¬¬¬Surbiton¬Surrey¬KT6 6BS¬51.39080810546875¬-0.30611807107925415¬36L¬NHS South West London CCG¬02083993516¬swlccg.claremont@nhs.net¬http://www.claremontmedicalcentre.co.uk¬
14472¬H84623¬GP¬UNKNOWN¬Visible¬True¬True¬Hampton Hill Medical Centre¬94-102 High Street¬Hampton Hill¬¬Hampton¬Middlesex¬TW12 1NY¬51.427509307861328¬-0.35487762093544006¬36L¬NHS South West London CCG¬02089770043¬¬http://www.hamptonhillmedicalcentre.nhs.uk¬020 89778691
14473¬H84625001¬GP¬UNKNOWN¬Visible¬True¬True¬Oak Lane Medical Center-Kudra & Sablok¬6 Oak Lane¬¬¬Twickenham¬Middlesex¬TW1 3PA¬51.449371337890625¬-0.32568308711051941¬36L¬NHS South West London CCG¬02087440094¬¬¬020 8917 4600
14474¬H84625¬GP¬UNKNOWN¬Visible¬True¬True¬Woodlawn Medical Centre - Kudra¬19 Powdermill Lane¬Whitton¬¬Twickenham¬Middlesex¬TW2 6EE¬51.444442749023437¬-0.36665886640548706¬36L¬NHS South West London CCG¬02088944242¬¬http://www.woodlawnmedicalcentre.co.uk¬020 8755 3371
14475¬H84629¬GP¬UNKNOWN¬Visible¬True¬True¬Village Surgery¬157 High Street¬¬¬New Malden¬Surrey¬KT3 4BH¬51.399505615234375¬-0.25588339567184448¬36L¬NHS South West London CCG¬02089420094¬¬http://www.villagesurgerynewmalden.co.uk¬020 82960065
14476¬H84630¬GP¬UNKNOWN¬Visible¬True¬True¬Crane Park Surgery¬Whitton Corner Health And Social Care Centre¬Percy Road¬¬Twickenham¬Middlesex¬TW2 6JL¬51.444805145263672¬-0.36426544189453125¬36L¬NHS South West London CCG¬02034585300¬¬http://www.craneparksurgery.co.uk¬020 8893 8026
14479¬H84635¬GP¬UNKNOWN¬Visible¬True¬True¬Manor Drive Medical Centre¬3 The Manor Drive¬¬¬Worcester Park¬Surrey¬KT4 7LG¬51.380786895751953¬-0.24837525188922882¬36L¬NHS South West London CCG¬02083299920¬¬https://www.manordrivemedicalcentre.co.uk¬020 83353281
14481¬H84639¬GP¬UNKNOWN¬Visible¬True¬True¬Fitzmaurice (Kew)¬14 High Park Road¬Kew¬¬Richmond¬Surrey¬TW9 4BH¬51.475875854492188¬-0.28312569856643677¬36L¬NHS South West London CCG¬02084878292¬¬www.kewmedicalpractice.co.uk¬020 88789621
14482¬H85001¬GP¬UNKNOWN¬Visible¬True¬True¬Wandsworth Medical Centre¬90-92 Garratt Lane¬Wandsworth¬¬London¬Greater London¬SW18 4DD¬51.453708648681641¬-0.19217266142368317¬36L¬NHS South West London CCG¬0203 006 2741¬wmcreceptionteam@nhs.net¬https://www.wandsworthmedicalcentre.co.uk¬
14483¬H85002¬GP¬UNKNOWN¬Visible¬True¬True¬The Falcon Road Medical Centre¬47 Falcon Road¬Battersea¬¬London¬Greater London¬SW11 2PH¬51.46893310546875¬-0.17080901563167572¬36L¬NHS South West London CCG¬02072283399 (ext. 3399)¬¬http://www.falconroaddoctors.co.uk/¬020 7924 3375
14484¬H85003¬GP¬UNKNOWN¬Visible¬True¬True¬Queenstown Road Medical Practice¬14 Queenstown Road¬¬¬London¬Greater London¬SW8 3RX¬51.466911315917969¬-0.15024402737617493¬36L¬NHS South West London CCG¬02076229295¬qtr.medicalcentre@nhs.net¬http://www.qtrmp.co.uk/¬020 74985206
14485¬H85005¬GP¬UNKNOWN¬Visible¬True¬True¬Trinity Medical Centre¬The Trinity Medical Centre¬278-280 Balham High Road¬¬London¬Greater London¬SW17 7AL¬51.437553405761719¬-0.15842293202877045¬36L¬NHS South West London CCG¬02086723331¬¬www.trinitycavendishmedicalcentre.co.uk¬
14487¬H85006¬GP¬UNKNOWN¬Visible¬True¬True¬Mayfield Surgery¬246 Roehampton Lane¬Roehampton¬¬London¬Greater London¬SW15 4AA¬51.448265075683594¬-0.23751913011074066¬36L¬NHS South West London CCG¬02087805770¬admin.mayfield@nhs.net¬http://www.mayfieldsurgery.co.uk/¬020 87805649
14488¬H85007¬GP¬UNKNOWN¬Visible¬True¬True¬Dr Kooner And Partners¬492 Merton Road¬¬¬London¬Greater London¬SW18 5AE¬51.441715240478516¬-0.19758187234401703¬36L¬NHS South West London CCG¬02088755429¬¬http://www.southfieldsgrpractice.co.uk¬020 88719764
14489¬H85008¬GP¬UNKNOWN¬Visible¬True¬True¬The Roehampton Surgery¬191 Roehampton Lane¬Roehampton¬¬London¬Greater London¬SW15 4HN¬51.451152801513672¬-0.24241642653942108¬36L¬NHS South West London CCG¬02087881188¬¬¬020 87899914
14490¬H85008001¬GP¬UNKNOWN¬Visible¬True¬True¬The Roehampton Surgery¬105 Carslake Road¬Putney¬¬London¬Greater London¬SW15 3DD¬51.454208374023438¬-0.22797776758670807¬36L¬NHS South West London CCG¬02087856440¬¬¬020 87882063
14491¬H85009¬GP¬UNKNOWN¬Visible¬True¬True¬BEDFORD HILL FAMILY PRACTICE¬Balham Health Centre¬120 Bedford Hill¬Balham¬London¬Greater London¬SW12 9HS¬51.440849304199219¬-0.14905247092247009¬36L¬NHS South West London CCG¬02086731720¬waccg.bedfordhill@nhs.net¬http://www.bedfordhillfamilypractice.co.uk¬020 86735794
14492¬H85011¬GP¬UNKNOWN¬Visible¬True¬True¬The Greyswood Practice¬66 Eastwood Street¬Streatham¬¬London¬Greater London¬SW16 6PX¬51.419490814208984¬-0.14483852684497833¬36L¬NHS South West London CCG¬02087690845¬¬http://www.greyswood.org.uk¬020 8696 5569
14493¬H85012001¬GP¬UNKNOWN¬Visible¬True¬True¬Student Medical Centre¬Old Court¬Froebel College¬Roehampton Lane¬London¬Greater London¬SW15 5JP¬51.454463958740234¬-0.25571826100349426¬36L¬NHS South West London CCG¬02083923679¬waccg.studentmedicalcentre@nhs.net¬https://www.putneymead.co.uk/smc-home¬020 8392 3678
14494¬H85012¬GP¬UNKNOWN¬Visible¬True¬True¬Putneymead Group Medical Practice¬266 Upper Richmond Road¬Putney¬¬London¬Greater London¬SW15 6TQ¬51.461677551269531¬-0.22001561522483826¬36L¬NHS South West London CCG¬0208 788 0686¬waccg.putneymead@nhs.net¬http://www.putneymead.co.uk¬0208 780 0831
14496¬H85018¬GP¬UNKNOWN¬Visible¬True¬True¬The Surgery - 48 Mulgrave Road¬48 Mulgrave Road¬¬¬Sutton¬Surrey¬SM2 6LX¬51.358333587646484¬-0.19630351662635803¬36L¬NHS South West London CCG¬02084073600¬¬¬020 8643 6244
14498¬H85020¬GP¬UNKNOWN¬Visible¬True¬True¬The Nelson Medical Practice¬Kingston Road¬¬¬London¬¬SW20 8DA¬51.410671234130859¬-0.20940177142620087¬36L¬NHS South West London CCG¬020 3826 0826¬swlccg.enquiriesnelson@nhs.net¬https://www.nelsonmedicalpractice.co.uk/¬
14500¬H85021¬GP¬UNKNOWN¬Visible¬True¬True¬The Chesser Surgery¬121 Wrythe Lane¬¬¬Carshalton¬Surrey¬SM5 2RT¬51.374927520751953¬-0.17728853225708008¬36L¬NHS South West London CCG¬02086442727¬¬www.chesser.biz¬020 8644 6267
14501¬H85022¬GP¬UNKNOWN¬Visible¬True¬True¬Park Road Medical Centre¬Walpole Court¬1A Park Rd¬¬Wallington¬Surrey¬SM6 8AW¬51.363491058349609¬-0.1509377658367157¬36L¬NHS South West London CCG¬02086474485¬¬http://www.parkroadcentre.co.uk/¬020 85444790
14502¬H85023¬GP¬UNKNOWN¬Visible¬True¬True¬Bishopsford Road Surgery¬191 Bishopsford Road¬¬¬Morden¬Surrey¬SM4 6BH¬51.388816833496094¬-0.18054540455341339¬36L¬NHS South West London CCG¬02086483187¬sutccg.correspondenceh85023@nhs.net¬http://www.bishopsfordroadmedicalcentre.nhs.uk¬020 86403157
14503¬H85024001¬GP¬UNKNOWN¬Visible¬True¬True¬Dr Choudhury¬886 Garratt Lane¬¬¬London¬Greater London¬SW17 0NB¬51.429523468017578¬-0.17284370958805084¬36L¬NHS South West London CCG¬02086721948¬¬http://www.mitchammedicalcentre.nhs.uk/¬0208 682 4376
14504¬H85024¬GP¬UNKNOWN¬Visible¬True¬True¬The Mitcham Medical Centre.¬81 Haslemere Avenue¬¬¬Mitcham¬Surrey¬CR4 3PR¬51.407325744628906¬-0.18169452250003815¬36L¬NHS South West London CCG¬02086483234¬¬http://www.mitchammedicalcentre.nhs.uk/¬0208 646 7632
14505¬H85025¬GP¬UNKNOWN¬Visible¬True¬True¬The Wrythe Green Surgery¬Wrythe Lane¬Nr Wrythe Green¬¬Carshalton¬Surrey¬SM5 2RE¬51.371734619140625¬-0.17140977084636688¬36L¬NHS South West London CCG¬02086693232¬¬http://www.wrythegreensurgery.nhs.uk¬020 87732524
14506¬H85026¬GP¬UNKNOWN¬Visible¬True¬True¬FRANCIS GROVE SURGERY¬8 Francis Grove¬Wimbledon¬¬London¬Greater London¬SW19 4DL¬51.419849395751953¬-0.20915704965591431¬36L¬NHS South West London CCG¬02089715640¬¬http://www.francisgrovesurgery.co.uk¬
14507¬H85027¬GP¬UNKNOWN¬Visible¬True¬True¬Wimbledon Village Practice¬35A High Street¬Wimbledon¬¬London¬Greater London¬SW19 5BY¬51.425308227539063¬-0.21968871355056763¬36L¬NHS South West London CCG¬02089462800¬¬¬020 89449794
14508¬H85028¬GP¬UNKNOWN¬Visible¬True¬True¬Wimbledon Medical Practice¬79 Pelham Road¬Wimbledon¬¬London¬Greater London¬SW19 1NX¬51.417682647705078¬-0.19844108819961548¬36L¬NHS South West London CCG¬020 8542 2827¬merccg.wimbledonmedicalinfo@nhs.net¬http://www.wimbledonmedicalpractice.co.uk¬020 8296 9505
14509¬H85029¬GP¬UNKNOWN¬Visible¬True¬True¬Wide Way Surgery¬15 Wide Way¬¬¬Mitcham¬Surrey¬CR4 1BP¬51.401824951171875¬-0.13444003462791443¬36L¬NHS South West London CCG¬02086231300¬merccg.correspondenceh85029@nhs.net¬http://www.widewaymedicalcentre.nhs.uk/¬020 8765 1043
14510¬H85030¬GP¬UNKNOWN¬Visible¬True¬True¬The Old Court House Surgery¬Throwley Way¬¬¬Sutton¬Surrey¬SM1 4AF¬51.365711212158203¬-0.19282357394695282¬36L¬NHS South West London CCG¬02086435139¬¬https://www.ochsurgery.co.uk¬
14511¬H85031002¬GP¬UNKNOWN¬Visible¬True¬True¬Benhill & Belmont Medical Practice¬1 Station Approach¬Belmont¬¬Sutton¬Surrey¬SM2 6DD¬51.343948364257813¬-0.19828982651233673¬36L¬NHS South West London CCG¬02086420920¬¬http://www.benhillbelmontgpsurgery.co.uk/¬
14512¬H85031¬GP¬UNKNOWN¬Visible¬True¬True¬Benhill & Belmont Practice¬54 Benhill Avenue¬¬¬Sutton¬Surrey¬SM1 4EB¬51.366603851318359¬-0.19027535617351532¬36L¬NHS South West London CCG¬02086428011¬¬¬020 87700586
14513¬H85032¬GP¬UNKNOWN¬Visible¬True¬True¬Carshalton Fields Surgery¬11 Crichton Road¬Carshalton Beeches¬¬Carshalton¬Surrey¬SM5 3LS¬51.355316162109375¬-0.1687745600938797¬36L¬NHS South West London CCG¬02086433030¬¬¬020 86431013
14514¬H85033¬GP¬UNKNOWN¬Visible¬True¬True¬Tamworth House Medical Centre.¬Tamworth House Medical Centre¬341 Tamworth Lane¬¬Mitcham¬Surrey¬CR4 1DL¬51.400650024414063¬-0.14453887939453125¬36L¬NHS South West London CCG¬02087642666¬¬http://www.tamworthhousemedicalcentre.co.uk/¬
14515¬H85051¬GP¬UNKNOWN¬Visible¬True¬True¬Lambton Road Medical Partnership¬Raynes Park Health Centre¬First Floor¬1 Lambton Road¬London¬Greater London¬SW20 0LW¬51.411220550537109¬-0.23117901384830475¬36L¬NHS South West London CCG¬02038835900¬¬http://www.lambtonroadmedical.nhs.uk¬02089462627
14516¬H85035¬GP¬UNKNOWN¬Visible¬True¬True¬The Rowans Surgery¬1 Windemere Road¬Streatham¬¬London¬Greater London¬SW16 5HF¬51.409999847412109¬-0.13852176070213318¬36L¬NHS South West London CCG¬02087640407¬merccg.correspondenceh85035@nhs.net¬http://www.rowanssurgery.co.uk¬0208 679 4149
14517¬H85037¬GP¬UNKNOWN¬Visible¬True¬True¬Morden Hall Medical Centre¬256 Morden Road¬¬¬London¬Greater London¬SW19 3DA¬51.404563903808594¬-0.19208414852619171¬36L¬NHS South West London CCG¬02085400585¬merccg.mordenhallmedicalcentre@nhs.net¬http://www.mordenhallmedicalcentre.co.uk¬020 85424480
14518¬H85038¬GP¬UNKNOWN¬Visible¬True¬True¬Cricket Green Medical Practice¬75-79 Miles Road¬¬¬Mitcham¬Surrey¬CR4 3DA¬51.404579162597656¬-0.17401066422462463¬36L¬NHS South West London CCG¬02086480822¬merccg.enquiriescricketgreen@nhs.net¬¬020 8640 4013
14520¬H85041¬GP¬UNKNOWN¬Visible¬True¬True¬Earlsfield Surgery¬2-4 Steerforth Street¬¬¬London¬Greater London¬SW18 4HH¬51.438285827636719¬-0.18761616945266724¬36L¬NHS South West London CCG¬02089465681¬¬¬020 89449822
14521¬H85111002¬GP¬UNKNOWN¬Visible¬True¬True¬Meadbank Care Home GP Surgery¬12 Parkgate Road¬¬¬London¬Greater London¬SW11 4NN¬51.478244781494141¬-0.16866526007652283¬36L¬NHS South West London CCG¬020 88741121¬¬¬
14523¬H85045¬GP¬UNKNOWN¬Visible¬True¬True¬Bridge Lane Group Practice ¬20 Bridge Lane¬Battersea¬¬London¬Greater London¬SW11 3AD¬51.474140167236328¬-0.16740399599075317¬36L¬NHS South West London CCG¬02035380882¬¬http://www.bridgelanegp.co.uk/¬
14524¬H85047¬GP¬UNKNOWN¬Visible¬True¬True¬Chatfield Medical Centre¬50 Chatfield Road¬Battersea¬¬London¬Greater London¬SW11 3UJ¬51.465862274169922¬-0.18211828172206879¬36L¬NHS South West London CCG¬02037640822¬waccg.chatfield-health@nhs.net¬http://www.chatfieldhealthcare.com¬020 7978 4550
14525¬H85048¬GP¬UNKNOWN¬Visible¬True¬True¬Brocklebank Group Practice¬Brocklebank Health Centre¬249 Garratt Lane¬¬London¬Greater London¬SW18 4DU¬51.448596954345703¬-0.18910762667655945¬36L¬NHS South West London CCG¬0203 818 8270¬bbgp.admin@nhs.net¬http://www.brocklebank-practice.co.uk¬0208 870 9518
14526¬H85049¬GP¬UNKNOWN¬Visible¬True¬True¬Battersea Rise Group Practice¬17 Battersea Rise¬Battersea¬¬London¬Greater London¬SW11 1HG¬51.460834503173828¬-0.16346012055873871¬36L¬NHS South West London CCG¬02072280195¬¬¬020 79785119
14528¬H85052¬GP¬UNKNOWN¬Visible¬True¬True¬Streatham Park Surgery¬91 Mitcham Lane¬Streatham Lane¬¬London¬Greater London¬SW16 6LY¬51.4244384765625¬-0.14109961688518524¬36L¬NHS South West London CCG¬02088350077¬swlccg.spsadmin@nhs.net¬http://www.streathamparksurgery.com¬020 8677 3505
14529¬H85052001¬GP¬UNKNOWN¬Visible¬True¬True¬Dr Ghufoor¬139 Franciscan Raod¬Tooting¬¬London¬Greater London¬SW17 8DS¬51.430194854736328¬-0.15592800080776215¬36L¬NHS South West London CCG¬02086729980¬swlccg.spsadmin@nhs.net¬http://www.streathamparksurgery.com¬020 8682 4286
14530¬H85053¬GP¬UNKNOWN¬Visible¬True¬True¬Sutton Medical Practice¬181 Carshalton Road¬¬¬Sutton¬Surrey¬SM1 4NG¬51.363277435302734¬-0.17688927054405212¬36L¬NHS South West London CCG¬02086611505¬¬¬020 86617745
14532¬H85055¬GP¬UNKNOWN¬Visible¬True¬True¬West Barnes Surgery¬229 West Barnes Lane¬¬¬New Malden¬Surrey¬KT3 6JD¬51.39764404296875¬-0.23365786671638489¬36L¬NHS South West London CCG¬02083361773¬¬¬020 83954797
14534¬H85057¬GP¬UNKNOWN¬Visible¬True¬True¬ELBOROUGH STREET SURGERY¬81 Elborough Street¬Wandsworth¬¬London¬Greater London¬SW18 5DS¬51.441036224365234¬-0.20086051523685455¬36L¬NHS South West London CCG¬02088747113¬¬www.elboroughstreetsurgery.co.uk¬020 8874 3682
14535¬H85061¬GP¬UNKNOWN¬Visible¬True¬True¬The Heathbridge Practice¬125 Upper Richmond Road¬¬¬London¬Greater London¬SW15 2TL¬51.460075378417969¬-0.21515482664108276¬36L¬NHS South West London CCG¬02082464070¬¬http://www.heathbridgepractice.co.uk¬0208 789 8568
14536¬H85063¬GP¬UNKNOWN¬Visible¬True¬True¬The G.P. Centre¬322 Malden Road¬North Cheam¬¬Sutton¬Surrey¬SM3 8EP¬51.368621826171875¬-0.22524987161159515¬36L¬NHS South West London CCG¬02086440224¬¬¬020 82881012
14538¬H85065¬GP¬UNKNOWN¬Visible¬True¬True¬The Alton Practice¬208-210 Roehampton Lane¬Roehampton¬¬London¬¬SW15 4LE¬51.449138641357422¬-0.23945711553096771¬36L¬NHS South West London CCG¬02087884844¬¬http://www.altonpractice.com¬020 87894768
14539¬H85066¬GP¬UNKNOWN¬Visible¬True¬True¬Balham Park Surgery¬236 Balham High Road¬Balham¬¬London¬Greater London¬SW17 7AW¬51.440486907958984¬-0.15570050477981567¬36L¬NHS South West London CCG¬02087728772¬waccg.adminbalhamparksurgery@nhs.net¬http://www.balhamparksurgery.co.uk¬020 8772 8647
14540¬H85067¬GP¬UNKNOWN¬Visible¬True¬True¬Danebury Avenue Surgery¬351 Danebury Avenue¬Roehampton¬¬London¬Greater London¬SW15 4DU¬51.452354431152344¬-0.24863117933273315¬36L¬NHS South West London CCG¬02033704723¬maureen.hammond@nhs.net¬http://www.daneburyavenuesurgery.co.uk¬0844 4773783
14541¬H85069¬GP¬UNKNOWN¬Visible¬True¬True¬Lavender Hill Group Practice¬19 Pountney Road¬Battersea¬¬London¬Greater London¬SW11 5TU¬51.466045379638672¬-0.15681540966033936¬36L¬NHS South West London CCG¬02079244413¬waccg.lavenderhilladministrator@nhs.net¬http://www.lhgp.org.uk¬020 7350 5200
14542¬H85070¬GP¬UNKNOWN¬Visible¬True¬True¬Central Medical Centre¬42-46 Central Road¬¬¬Morden¬Surrey¬SM4 5RT¬51.398227691650391¬-0.18891249597072601¬36L¬NHS South West London CCG¬02086489126¬¬http://www.centralmedicalcentre-morden.nhs.uk¬020 86464862
14544¬H85075¬GP¬UNKNOWN¬Visible¬True¬True¬The Haider Practice¬St John's Therapy Centre¬162 St Johns Hill¬¬London¬Greater London¬SW11 1SW¬51.459968566894531¬-0.17940157651901245¬36L¬NHS South West London CCG¬02088124170¬¬https://www.haiderpractice.co.uk/¬020 8812 4175
14545¬H85076¬GP¬UNKNOWN¬Visible¬True¬True¬Stonecot Surgery¬115 Epsom Road¬¬¬Sutton¬Surrey¬SM3 9EY¬51.386554718017578¬-0.21002601087093353¬36L¬NHS South West London CCG¬0208 644 5187¬¬http://www.stonecotsurgery.co.uk¬0208 644 7003
14546¬H85077¬GP¬UNKNOWN¬Visible¬True¬True¬Bolingbroke Medical Centre (Thmp)¬Wakehurst Road¬Battersea¬¬London¬Greater London¬SW11 6BF¬51.456169128417969¬-0.16826778650283813¬36L¬NHS South West London CCG¬02078011460¬¬¬020 7801 0748
14547¬H85078¬GP¬UNKNOWN¬Visible¬True¬True¬Mitcham Family Practice¬55, Mortimer Road¬¬¬Mitcham¬Surrey¬CR4 3HS¬51.410110473632812¬-0.16710387170314789¬36L¬NHS South West London CCG¬02086482432¬¬http://www.mitchamfamilypractice.nhs.uk¬020 86852040
14548¬H85082¬GP¬UNKNOWN¬Visible¬True¬True¬Triangle Surgery¬Unit 3 Triangle House¬2 Broomhill Road¬¬Wandsworth¬Greater London¬SW18 4HX¬51.456707000732422¬-0.19830122590065002¬36L¬NHS South West London CCG¬02088741700¬¬¬020 88707695
14550¬H85087001¬GP¬UNKNOWN¬Visible¬True¬True¬Bec Family Practice¬62 Upper Tooting Road¬Tooting¬¬London¬Greater London¬SW17 7PB¬51.434158325195312¬-0.16268856823444366¬36L¬NHS South West London CCG¬02086723133¬waccg.opendoorenquiries@nhs.net¬http://opendoorsurgery.co.uk/becsub2/index.html¬
14551¬H85087¬GP¬UNKNOWN¬Visible¬True¬True¬Open Door Surgery¬47 Boundaries Road¬Balham¬¬London¬Greater London¬SW12 8EU¬51.443164825439453¬-0.15559262037277222¬36L¬NHS South West London CCG¬02086731476¬waccg.opendoorenquiries@nhs.net¬http://www.opendoorsurgery.co.uk¬
14552¬H85088¬GP¬UNKNOWN¬Visible¬True¬True¬Clapham Junction Medical Practice¬7 Farrant House¬winstanley road¬¬Battersea¬Greater London¬SW11 2EJ¬51.465969085693359¬-0.17389334738254547¬36L¬NHS South West London CCG¬020 7228 4172¬swlccg.cjmp@nhs.net¬¬020 79245737
14553¬H85088001¬GP¬UNKNOWN¬Visible¬True¬True¬clapham junction medical practice¬7 Farrant House¬Winstanley Road¬Battersea¬London¬Greater London¬SW11 2EJ¬51.465969085693359¬-0.17389334738254547¬36L¬NHS South West London CCG¬02072284172¬waccg.cjmp@nhs.net¬https://www.cjmp.co.uk¬020 7924 5737
14554¬H85090¬GP¬UNKNOWN¬Visible¬True¬True¬Figges Marsh Surgery¬182 London Road¬¬¬Mitcham¬Surrey¬CR4 3LD¬51.410694122314453¬-0.1619756668806076¬36L¬NHS South West London CCG¬02086404445¬merccg.figgesmarshgp1@nhs.net¬https://www.figgesmarshsurgery.nhs.uk/¬
14555¬H85092¬GP¬UNKNOWN¬Visible¬True¬True¬Riverhouse Medical Practice¬East Road¬Wimbledon¬¬London¬Greater London¬SW19 1YG¬51.420879364013672¬-0.18351547420024872¬36L¬NHS South West London CCG¬02085423105¬¬¬020 85441126
14556¬H85095¬GP¬UNKNOWN¬Visible¬True¬True¬The Health Centre¬Robin Hood Lane Health Centre¬Robin Hood Lane¬¬Sutton¬Surrey¬SM1 2RJ¬51.363029479980469¬-0.19709578156471252¬36L¬NHS South West London CCG¬020 3011 1890¬sutccg.robinhoodclinic@nhs.net¬¬020 8286 1010
14557¬H85100¬GP¬UNKNOWN¬Visible¬True¬True¬St Paul's Cottage Practice¬114 Augustus Road¬Wimbledon¬¬London¬Greater London¬SW19 6EW¬51.443187713623047¬-0.21804378926753998¬36L¬NHS South West London CCG¬020 3092 2556¬waccg.stpcadmin@nhs.net¬http://www.stpaulscottage-surgery.co.uk¬020 8780 0201
14558¬H85101¬GP¬UNKNOWN¬Visible¬True¬True¬Grand Drive Surgery¬132 Grand Drive¬Raynes Park¬¬London¬Greater London¬SW20 9EA¬51.402156829833984¬-0.22879713773727417¬36L¬NHS South West London CCG¬02085425555¬¬www.grand-drive.gpsurgery.net¬020 8542 6969
14559¬H85103¬GP¬UNKNOWN¬Visible¬True¬True¬Hackbridge Medical Centre¬138-140 London Road¬Hackbridge Wallington¬¬Wallington¬Surrey¬SM6 7HF¬51.380619049072266¬-0.15595252811908722¬36L¬NHS South West London CCG¬02086473711¬¬¬020 87738577
14560¬H85105002¬GP¬UNKNOWN¬Visible¬True¬True¬The Knoll¬Parkside¬Cheam¬¬Sutton¬Surrey¬SM3 8BS¬51.358245849609375¬-0.21767933666706085¬36L¬NHS South West London CCG¬02087707820¬¬http://www.cheamfamilypractice.co.uk/¬020 8722 5750
14561¬H85105¬GP¬UNKNOWN¬Visible¬True¬True¬Cheam Family Practice¬263-265 Gander Green Lane¬¬¬Sutton¬Surrey¬SM1 2HD¬51.370353698730469¬-0.20794251561164856¬36L¬NHS South West London CCG¬02086449948¬¬http://www.cheamfamilypractice.co.uk/¬020 8715 1039
14563¬H85110¬GP¬UNKNOWN¬Visible¬True¬True¬Ravensbury Park Medical Centre¬Ravensbury Lane¬Off Morden Road¬¬Mitcham¬Surrey¬CR4 4DQ¬51.398578643798828¬-0.1784474104642868¬36L¬NHS South West London CCG¬02084073927¬patientenquiriesravensburyh85110@nhs.net¬http://www.ravensburyparkmedicalcentre.co.uk/¬02086851377
14564¬H85111¬GP¬UNKNOWN¬Visible¬True¬True¬Battersea Fields Practice¬3 Austin Road¬Battersea¬¬London¬Greater London¬SW11 5JP¬51.473667144775391¬-0.15485227108001709¬36L¬NHS South West London CCG¬02076277100¬waccg.bfp@nhs.net¬http://www.batterseafieldspractice.co.uk¬020 74980271
14565¬H85111001¬GP¬UNKNOWN¬Visible¬True¬True¬Battersea Fields Practice¬115 Thessaly Road¬¬¬London¬Greater London¬SW8 4EJ¬51.478366851806641¬-0.14040561020374298¬36L¬NHS South West London CCG¬02076277100¬¬http://www.batterseafieldspractice.co.uk¬0207 720 7452
14566¬H85112¬GP¬UNKNOWN¬Visible¬True¬True¬Vineyard Hill Road Surgery¬67 Vineyard Hill Road¬Wimbledon Park¬¬London¬Greater London¬SW19 7JL¬51.431869506835937¬-0.20117752254009247¬36L¬NHS South West London CCG¬0208 9472579¬¬https://www.vineyardhillroadsurgery.nhs.uk/¬0208 9447203
14567¬H85113¬GP¬UNKNOWN¬Visible¬True¬True¬Dr Sugumar And Partner¬35 Maldon Road¬¬¬Wallington¬Surrey¬SM6 8BL¬51.365024566650391¬-0.14790230989456177¬36L¬NHS South West London CCG¬02086474622¬maldonroadsurgery@nhs.net¬https://www.maldonroadsurgery¬
14568¬H85114¬GP¬UNKNOWN¬Visible¬True¬True¬Thurleigh Road Practice¬88A Thurleigh Road¬¬¬London¬Greater London¬SW12 8TT¬51.452789306640625¬-0.15517595410346985¬36L¬NHS South West London CCG¬02086753521¬swlccg.thurleighroadpractice@nhs.net¬https://www.thurleighroadpractice.nhs.uk¬
14569¬H85115¬GP¬UNKNOWN¬Visible¬True¬True¬Shotfield Medical Practice (Formerly Dr Lings & Partners)¬Jubilee Health Centre¬Shotfield¬¬Wallington¬Surrey¬SM6 0HY¬51.357261657714844¬-0.15119946002960205¬36L¬NHS South West London CCG¬02086697612¬¬http://www.shotfieldmedicalpractice.co.uk¬020 8773 1801
14570¬H85116¬GP¬UNKNOWN¬Visible¬True¬True¬Manor Practice - Manor Road¬57 Manor Road¬¬¬Wallington¬Surrey¬SM6 0DE¬51.361961364746094¬-0.15035293996334076¬36L¬NHS South West London CCG¬020 8647 1818¬manorpractice@nhs.net¬http://www.manorpractice.org.uk¬
14571¬H85116001¬GP¬UNKNOWN¬Visible¬True¬True¬Manor Practice Branch Surgery¬Roundshaw Health Centre¬6 Mollison Square¬¬Wallington¬Surrey¬SM6 9DW¬51.353359222412109¬-0.13366629183292389¬36L¬NHS South West London CCG¬020 8647 1818¬manorpractice@nhs.net¬http://www.manorpractice.org.uk/¬
14572¬H85618¬GP¬UNKNOWN¬Visible¬True¬True¬James O'Riordan Medical Centre¬70 Stonecot Hill¬¬¬Sutton¬Surrey¬SM3 9HE¬51.385158538818359¬-0.21269619464874268¬36L¬NHS South West London CCG¬0203 904 3331¬jamesoriordan.patients@nhs.net¬http://www.james-oriordan-medical-centre.nhs.uk/your-surgery/¬
14573¬H85634¬GP¬UNKNOWN¬Visible¬True¬True¬The Merton Medical Practice¬12-17 Abbey Parade Merton High Street¬Merton High Street¬South Wimbledon¬London¬Greater London¬SW19 1DG¬51.415927886962891¬-0.18548065423965454¬36L¬NHS South West London CCG¬02085459620¬swlccg.mertonmedical@nhs.net¬http://www.mertonmedical.com¬02031371958
14574¬H85637¬GP¬UNKNOWN¬Visible¬True¬True¬Balham Health Centre¬120-124 Bedford Hill¬¬¬London¬Greater London¬SW12 9HS¬51.440849304199219¬-0.14905247092247009¬36L¬NHS South West London CCG¬02086738268¬¬¬020 8673 8146
14577¬H85649¬GP¬UNKNOWN¬Visible¬True¬True¬Colliers Wood Surgery¬58 High Street¬Colliers Wood¬¬London¬Greater London¬SW19 2BY¬51.420661926269531¬-0.17604494094848633¬36L¬NHS South West London CCG¬02085442311¬¬https://www.cwlf.co.uk/¬020 85449337
14578¬H85649001¬GP¬UNKNOWN¬Visible¬True¬True¬Lavender Fields Surgery(Branch)¬182 Western Road¬Mitcham¬¬Mitcham¬Surrey¬CR4 3EB¬51.408725738525391¬-0.17014998197555542¬36L¬NHS South West London CCG¬02085442300¬¬¬020 86466562
14580¬H85653¬GP¬UNKNOWN¬Visible¬True¬True¬Wallington Family Practice¬Jubilee Health Centre¬Shotfield¬¬Wallington¬Surrey¬SM6 0HY¬51.357658386230469¬-0.15076160430908203¬36L¬NHS South West London CCG¬02086696186¬¬http://www.wallingtonfamilypractice.nhs.uk¬020 8773 3402
14581¬H85656¬GP¬UNKNOWN¬Visible¬True¬True¬Alexandra Surgery¬39 Alexandra Road¬Wimbledon¬¬London¬Greater London¬SW19 7JZ¬51.42291259765625¬-0.2058730274438858¬36L¬NHS South West London CCG¬02089467578¬merccg.alexandrasurgery@nhs.net¬https://alexandrasurgery.co.uk¬
14582¬H85659¬GP¬UNKNOWN¬Visible¬True¬True¬Begg Practice - St John's Hill Surgery¬162 St John's Hill¬Battersea¬¬London¬Greater London¬SW11 1SW¬51.459831237792969¬-0.17948339879512787¬36L¬NHS South West London CCG¬02088125350¬¬http://www.sjhgp.co.uk/¬020 8812 5355
14583¬H85662¬GP¬UNKNOWN¬Visible¬True¬True¬The Beeches Surgery¬9 Hill Road¬Carshalton Beeches¬¬Carshalton¬Surrey¬SM5 3RB¬51.358314514160156¬-0.17128349840641022¬36L¬NHS South West London CCG¬02086476608¬¬http://www.beechessurgery.nhs.uk/¬
14584¬H85664¬GP¬UNKNOWN¬Visible¬True¬True¬Tooting Bec Surgery¬313 Balham High Road¬¬¬London¬Greater London¬SW17 7BA¬51.435653686523438¬-0.15914337337017059¬36L¬NHS South West London CCG¬02086820352¬¬http://www.tootingbecsurgery.co.uk/¬020 86722525
14585¬H85665¬GP¬UNKNOWN¬Visible¬True¬True¬Wallington Medical Centre¬52 Mollison Drive¬¬¬Wallington¬Surrey¬SM6 9BY¬51.357337951660156¬-0.12872754037380219¬36L¬NHS South West London CCG¬02086470811¬¬http://www.wallingtonmedicalcentre.nhs.uk¬020 86474574
14587¬H85680¬GP¬UNKNOWN¬Visible¬True¬True¬TOOTING SOUTH MEDICAL CENTRE¬22 Otterburn Street¬Tooting¬¬London¬Greater London¬SW17 9HQ¬51.421737670898438¬-0.16144634783267975¬36L¬NHS South West London CCG¬02086820521¬waccg.tootingsouthmedicalcentre@nhs.net¬http://www.tootingsouthmedicalcentre.co.uk¬020 86726532
14588¬H85682¬GP¬UNKNOWN¬Visible¬True¬True¬Tudor Lodge Health Centre¬8C Victoria Drive¬Wimbledon¬¬London¬Greater London¬SW19 6AE¬51.445999145507813¬-0.21966119110584259¬36L¬NHS South West London CCG¬02087800125¬swlccg.tudorlodge@nhs.net¬http://www.tudorlodgehealthcentre.co.uk¬
14589¬H85683¬GP¬UNKNOWN¬Visible¬True¬True¬Faccini House Surgery¬Faccini House¬64 Middleton Road¬¬Morden¬Surrey¬SM4 6RS¬51.389682769775391¬-0.18936491012573242¬36L¬NHS South West London CCG¬02086464282¬¬http://www.faccinihouse.com¬020 86462848
14591¬H85686¬GP¬UNKNOWN¬Visible¬True¬True¬The Grove Road Practice¬83 Grove Road¬¬¬Sutton¬Surrey¬SM1 2DB¬51.358200073242188¬-0.20232689380645752¬36L¬NHS South West London CCG¬02086421721¬¬¬020 82881460
14592¬H85691¬GP¬UNKNOWN¬Visible¬True¬True¬The Nightingale Practice¬Nightingale House¬105 Nightingale Lane¬Balham¬London¬Greater London¬SW12 8NB¬51.449356079101563¬-0.15973272919654846¬36L¬NHS South West London CCG¬020 8772 2361¬nightingale@nhs.net¬¬020 8772 2317
14593¬H85693¬GP¬UNKNOWN¬Visible¬True¬True¬Green Wrythe Surgery¬411A Green Wrythe Lane¬The Circle¬¬Carshalton¬Surrey¬SM5 1JF¬51.384601593017578¬-0.17377115786075592¬36L¬NHS South West London CCG¬02037706071¬¬¬020 86487608
14594¬H85695¬GP¬UNKNOWN¬Visible¬True¬True¬The Practice Furzedown¬88E Eardley Road¬Streatham¬¬London¬Greater London¬SW16 6BL¬51.422145843505859¬-0.13930849730968475¬36L¬NHS South West London CCG¬02086770083¬¬http://www.thepracticefurzedown.nhs.uk/¬020 86778982
14626¬J81002¬GP¬UNKNOWN¬Visible¬True¬True¬Orchid House Surgery¬St Marys Road¬¬¬Ferndown¬Dorset¬BH22 9HF¬50.801799774169922¬-1.8932791948318481¬11J¬NHS Dorset CCG¬01202897000¬¬http://www.orchidhousesurgery.co.uk¬01202 897888
14627¬J81003¬GP¬UNKNOWN¬Visible¬True¬True¬Winton Health Centre¬Winton Health Centre¬31 Alma Road¬¬Bournemouth¬Dorset¬BH9 1BP¬50.739608764648438¬-1.8763576745986938¬11J¬NHS Dorset CCG¬01202519311¬winton.healthcentre@nhs.net¬https://www.wintonhealthcentre.co.uk/¬01202 548532
14628¬J81004¬GP¬UNKNOWN¬Visible¬True¬True¬Poole Road Medical Centre¬7 Poole Road¬¬¬Bournemouth¬Dorset¬BH2 5QR¬50.720432281494141¬-1.8925994634628296¬11J¬NHS Dorset CCG¬01202761120¬¬http://www.pooleroadmedicalcentre.co.uk¬01202 767271
14629¬J81005¬GP¬UNKNOWN¬Visible¬True¬True¬The Bridport Medical Centre 1¬West Allington¬¬¬Bridport¬Dorset¬DT6 5BN¬50.734249114990234¬-2.7680222988128662¬11J¬NHS Dorset CCG¬01308421896¬¬http://www.bridportmedicalcentre.co.uk/¬01308 484411
14630¬J81006002¬GP¬UNKNOWN¬Visible¬True¬True¬The Adam Practice - Hamworthy Surgery¬306 Blandford Road¬¬¬Poole¬Dorset¬BH15 4JQ¬50.720878601074219¬-2.0105299949645996¬11J¬NHS Dorset CCG¬01202679234¬theadam.practice@dorset.nhs.uk¬www.adampractice.co.uk¬01202 667127
14631¬J81006003¬GP¬UNKNOWN¬Visible¬True¬True¬The Adam Practice - Upton Surgery¬Upton Cross¬Blandford Road North¬¬Poole¬Dorset¬BH16 5PW¬50.739173889160156¬-2.0289571285247803¬11J¬NHS Dorset CCG¬01202622339¬theadam.practice@dorset.nhs.uk¬www.adampractice.co.uk¬01202 621513
14632¬J81006¬GP¬UNKNOWN¬Visible¬True¬True¬The Adam Practice¬40 High Street¬¬¬Lytchett Matravers¬Dorset¬BH16 6BG¬50.757884979248047¬-2.0782058238983154¬11J¬NHS Dorset CCG¬01202632764¬theadam.practice@dorset.nhs.uk¬www.adampractice.co.uk¬01202 621498
14633¬J81006004¬GP¬UNKNOWN¬Visible¬True¬True¬The Adam Practice¬117 Longfleet Road¬¬¬Poole¬Dorset¬BH15 2HX¬50.723278045654297¬-1.9717705249786377¬11J¬NHS Dorset CCG¬01202676111¬theadam.practice@dorset.nhs.uk¬https://www.adampractice.co.uk¬
14634¬J81009001¬GP¬UNKNOWN¬Visible¬True¬True¬The Gatehouse Medical Centre¬The Gatehouse¬Castle Road¬Fortuneswell¬Portland¬Dorset¬DT5 1AU¬50.565765380859375¬-2.4454278945922852¬11J¬NHS Dorset CCG¬01305820422¬¬http://www.royalmanorhealthcentre.nhs.uk¬01305 823849
14635¬J81009¬GP¬UNKNOWN¬Visible¬True¬True¬Royal Manor Health Care¬Park Estate Road¬¬¬Portland¬Dorset¬DT5 2BJ¬50.544021606445313¬-2.4372644424438477¬11J¬NHS Dorset CCG¬01305820422¬¬http://www.royalmanorhealthcentre.nhs.uk¬01305 824143
14636¬J81010¬GP¬UNKNOWN¬Visible¬True¬True¬Swanage Medical Practice¬Station Approach¬¬¬Swanage¬Dorset¬BH19 1HB¬50.609909057617188¬-1.9601078033447266¬11J¬NHS Dorset CCG¬01929422231¬¬http://www.swanagemedical.org.uk¬01929 426037
14637¬J81011¬GP¬UNKNOWN¬Visible¬True¬True¬Wareham Surgery¬Streche Road¬¬¬Wareham¬Dorset¬BH20 4PG¬50.687061309814453¬-2.1161243915557861¬11J¬NHS Dorset CCG¬01929553444¬wareham.surgery@dorset.nhs.uk¬http://www.warehamsurgery.nhs.uk¬01929 550703
14638¬J81012¬GP¬UNKNOWN¬Visible¬True¬True¬Parkstone Tower Practice¬Mansfield Road¬Parkstone¬¬Poole¬Dorset¬BH14 0DJ¬50.728488922119141¬-1.9424817562103271¬11J¬NHS Dorset CCG¬01202741370¬admin.parkstone@nhs.net¬http://www.parkstonehealthcentre.co.uk¬
14639¬J81013¬GP¬UNKNOWN¬Visible¬True¬True¬Canford Heath Group Pract¬9 Mitchell Road¬¬¬Poole¬Dorset¬BH17 8UE¬50.741752624511719¬-1.9643474817276001¬11J¬NHS Dorset CCG¬01202772540¬¬http://www.chgp.co.uk¬01202 777778
14642¬J81014¬GP¬UNKNOWN¬Visible¬True¬True¬Westbourne Medical Centre¬Milburn Road¬¬¬Bournemouth¬Dorset¬BH4 9HJ¬50.723518371582031¬-1.9034159183502197¬11J¬NHS Dorset CCG¬01202752550¬¬http://www.westbournemedical.com¬01202 769700
14643¬J81016¬GP¬UNKNOWN¬Visible¬True¬True¬Queens Avenue Surgery¬14 Queens Avenue¬¬¬Dorchester¬Dorset¬DT1 2EW¬50.707801818847656¬-2.4443809986114502¬11J¬NHS Dorset CCG¬01305262886¬queensavenue.reception@dorsetgp.nhs.uk¬https://www.queensavenue.co.uk¬01305 250607
14644¬J81017003¬GP¬UNKNOWN¬Visible¬True¬False¬Evershot Surgery¬13 Fore Street¬Evershot¬¬Dorchester¬Dorset¬DT2 0JR¬50.838325500488281¬-2.6066946983337402¬11J¬NHS Dorset CCG¬01935872530¬¬¬
14645¬J81017¬GP¬UNKNOWN¬Visible¬True¬False¬Yetminster Health Centre¬Church Street¬Yetminster¬¬Sherborne¬Dorset¬DT9 6LG¬50.893966674804688¬-2.5774877071380615¬11J¬NHS Dorset CCG¬01935872530¬¬www.yetminsterhc.co.uk¬01935 873484
14646¬J81018¬GP¬UNKNOWN¬Visible¬True¬True¬Beaufort Road Surgery¬21 Beaufort Road¬Southbourne¬¬Bournemouth¬Dorset¬BH6 5AJ¬50.7281494140625¬-1.8148270845413208¬11J¬NHS Dorset CCG¬01202433081¬beaufortroad.surgery@nhs.net¬http://beaufortroadsurgery.co.uk/¬
14647¬J81019¬GP¬UNKNOWN¬Visible¬True¬True¬The Blandford Group Practice¬White Cliff Mill Street¬¬¬Blandford Forum¬Dorset¬DT11 7BH¬50.858978271484375¬-2.1652133464813232¬11J¬NHS Dorset CCG¬01258452501¬¬http://www.whitecliffpractice.co.uk¬01258 455675
14648¬J81019001¬GP¬UNKNOWN¬Visible¬True¬True¬Child Okeford Surgery¬Upper Street¬Child Okeford¬¬Blandford Forum¬Dorset¬DT11 8EF¬50.914951324462891¬-2.235482931137085¬11J¬NHS Dorset CCG¬01258860687¬¬http://www.whitecliffpractice.co.uk¬01258 455675
14649¬J81020¬GP¬UNKNOWN¬Visible¬True¬True¬Bere Regis Surgery¬Manor Farm Road¬Bere Regis¬¬Wareham¬Dorset¬BH20 7HB¬50.752540588378906¬-2.2198102474212646¬11J¬NHS Dorset CCG¬01929471268¬bereregisreception@gp-j81020.nhs.uk¬¬01929 472098
14650¬J81021¬GP¬UNKNOWN¬Visible¬True¬True¬Shelley Manor Medical Centre¬Beechwood Avenue¬¬¬Bournemouth¬Dorset¬BH5 1LX¬50.723834991455078¬-1.8344368934631348¬11J¬NHS Dorset CCG¬01202309421¬shelleymanor@dorset.nhs.uk¬http://www.shelleymanorsurgery.co.uk/¬01202 304893
14651¬J81022001¬GP¬UNKNOWN¬Visible¬True¬True¬Rushmoor House¬69-71 Church Road¬Three Legged Cross¬¬Wimborne¬Dorset¬BH21 6RQ¬50.854248046875¬-1.8866249322891235¬11J¬NHS Dorset CCG¬01202811860¬¬http://www.wmgp.org.uk¬
14652¬J81022¬GP¬UNKNOWN¬Visible¬True¬True¬West Moors Group Practice¬175 Station Road¬West Moors¬¬Ferndown¬Dorset¬BH22 0HX¬50.825252532958984¬-1.8894307613372803¬11J¬NHS Dorset CCG¬01202865800¬¬http://www.wmgp.org.uk¬01202 892155
14653¬J81021001¬GP¬UNKNOWN¬Visible¬True¬True¬Holdenhurst Site of Shelley Manor & Holdenhurst MC¬Holdenhurst Site¬199 Holdenhurst Road¬¬Bournemouth¬Dorset¬BH8 8DE¬50.729282379150391¬-1.8584332466125488¬11J¬NHS Dorset CCG¬1202587111¬¬http://www.smh-mc.co.uk¬01202 556741
14654¬J81025¬GP¬UNKNOWN¬Visible¬True¬True¬The Wellbridge Practice¬Meadow Lane¬Wool¬Wareham¬Wool Wareham¬Dorset¬BH20 6DR¬50.679042816162109¬-2.2253401279449463¬11J¬NHS Dorset CCG¬01929462376¬¬http://www.wellbridge.co.uk¬01929 405503
14657¬J81027001¬GP¬UNKNOWN¬Visible¬True¬True¬Preston Road Surgery¬102 Preston Road¬¬¬Weymouth¬Dorset¬DT3 6BB¬50.6429443359375¬-2.4304180145263672¬11J¬NHS Dorset CCG¬01305832203¬preston.receptionist@dorsetgp.nhs.uk¬http://www.prestonroadsurgery.co.uk¬
14658¬J81027¬GP¬UNKNOWN¬Visible¬True¬True¬Royal Crescent Surgery¬25 Crescent Street¬¬¬Weymouth¬Dorset¬DT4 7BY¬50.616592407226563¬-2.4526655673980713¬11J¬NHS Dorset CCG¬01305774466¬rcs.receptionist@dorsetgp.nhs.uk¬https://www.royalcrescentsurgery.co.uk¬
14660¬J81028¬GP¬UNKNOWN¬Visible¬True¬True¬Highcliffe Medical Centre¬248 Lymington Road Highcliffe¬248 Lymington Road¬Highcliffe¬Christchurch¬Dorset¬BH23 5ET¬50.741233825683594¬-1.7018238306045532¬11J¬NHS Dorset CCG¬01425272203¬¬http://www.highcliffemedicalcentre.co.uk¬
14661¬J81029¬GP¬UNKNOWN¬Visible¬True¬True¬The Apples Medical Centre¬East Mill Lane¬¬¬Sherborne¬Dorset¬DT9 3DG¬50.948207855224609¬-2.5085644721984863¬11J¬NHS Dorset CCG¬01935812633¬¬http://www.sherborneapples.co.uk/¬01935 817484
14662¬J81030¬GP¬UNKNOWN¬Visible¬True¬True¬The Verwood Surgery¬15 Station Road¬¬¬Verwood¬Dorset¬BH31 7PY¬50.881946563720703¬-1.8805593252182007¬11J¬NHS Dorset CCG¬01202825353¬¬http://www.verwoodsurgery.co.uk/¬01202 829697
14666¬J81033¬GP¬UNKNOWN¬Visible¬True¬True¬Talbot Medical Centre¬63 Kinson Road¬Wallisdown¬¬Bournemouth¬Dorset¬BH10 4BX¬50.748889923095703¬-1.9089201688766479¬11J¬NHS Dorset CCG¬01202636400¬admin.talbot@dorset.nhs.uk¬http://talbotmedicalcentre.co.uk¬01202 636401
14667¬J81033001¬GP¬UNKNOWN¬Visible¬True¬True¬Student Medical Centre¬Gillett Road¬Talbot Village¬Bournemouth¬Poole¬Dorset¬BH12 5BF¬50.741191864013672¬-1.8964636325836182¬11J¬NHS Dorset CCG¬01202965378¬¬http://www.talbotmedicalcentre.co.uk¬01202 965590
14668¬J81034¬GP¬UNKNOWN¬Visible¬True¬True¬The Quarter Jack Surgery¬Rodways Corner¬¬¬Wimborne¬Dorset¬BH21 1AP¬50.798133850097656¬-1.9827368259429932¬11J¬NHS Dorset CCG¬01202843626¬¬http://www.quarterjacksurgery.co.uk¬01202 882368
14669¬J81035005¬GP¬UNKNOWN¬Visible¬True¬True¬Milborne St Andrew Surgery¬7 Milton Road Close¬Milborne St Andrew¬¬Blandford Forum¬Dorset¬DT11 0JY¬50.778629302978516¬-2.282921314239502¬11J¬NHS Dorset CCG¬01258880210¬¬¬
14670¬J81035¬GP¬UNKNOWN¬Visible¬True¬True¬Milton Abbas Surgery¬Catherines Well¬Milton Abbas¬¬Blandford Forum¬Dorset¬DT11 0AT¬50.819091796875¬-2.272547721862793¬11J¬NHS Dorset CCG¬01258880210¬miltonabbassurgery@nhs.net¬http://www.masurgery.co.uk/¬01258 881252
14672¬J81036¬GP¬UNKNOWN¬Visible¬True¬True¬The Rosemary Medical Centre¬2 Rosemary Gardens¬¬¬Poole¬Dorset¬BH12 3HF¬50.739669799804688¬-1.9471163749694824¬11J¬NHS Dorset CCG¬01202723372¬¬http://www.rosemarymedicalcentre.co.uk¬01202 714881
14674¬J81039¬GP¬UNKNOWN¬Visible¬True¬True¬Moordown Medical Centre¬2A Redhill Crescent¬¬¬Bournemouth¬Dorset¬BH9 2XF¬50.756214141845703¬-1.8744710683822632¬11J¬NHS Dorset CCG¬01202974700¬¬http://www.moordownmedicalcentre.co.uk¬
14676¬J81041001¬GP¬UNKNOWN¬Visible¬True¬True¬The Hadleigh Lodge Practice¬216A Wareham Road¬Corfe Mullen¬¬Wimborne¬Dorset¬BH21 3LN¬50.763717651367187¬-2.0229463577270508¬11J¬NHS Dorset CCG¬01202694721¬¬http://www.thehadleighpractice.nhs.uk¬01202 658957
14677¬J81041¬GP¬UNKNOWN¬Visible¬True¬True¬The Hadleigh Practice¬20 Kirkway¬¬¬Broadstone¬Dorset¬BH18 8EE¬50.761020660400391¬-1.993511438369751¬11J¬NHS Dorset CCG¬01202692268¬¬http://www.thehadleighpractice.nhs.uk¬01202 658954
14678¬J81042¬GP¬UNKNOWN¬Visible¬True¬True¬The Village Surgery¬Gillett Road¬Talbot Village¬¬Poole¬Dorset¬BH12 5BF¬50.741191864013672¬-1.8964636325836182¬11J¬NHS Dorset CCG¬01202525252¬village.reception@dorset.nhs.uk¬www.villagesurgery.com¬01202 533956
14679¬J81056001¬GP¬UNKNOWN¬Visible¬True¬True¬The Barn Surgery¬1 Purewell Cross Road¬¬¬Christchurch¬Dorset¬BH23 3AF¬50.736522674560547¬-1.7595001459121704¬11J¬NHS Dorset CCG¬01202474311¬¬http://www.christchurchmedicalpractice.co.uk/¬
14680¬J81044¬GP¬UNKNOWN¬Visible¬True¬True¬Heatherview Medical Centre¬2 Alder Park, Alder Road¬¬¬Poole¬Dorset¬BH12 4AY¬50.739776611328125¬-1.9130192995071411¬11J¬NHS Dorset CCG¬01202743678¬¬http://www.heatherviewmedical.co.uk¬
14681¬J81044001¬GP¬UNKNOWN¬Visible¬True¬True¬Fernside Surgery¬2A Hennings Park Road¬Oakdale¬¬Poole¬Dorset¬BH15 3QU¬50.730976104736328¬-1.9744722843170166¬11J¬NHS Dorset CCG¬01202673520¬¬http://www.heatherviewmedical.co.uk¬
14682¬J81045001¬GP¬UNKNOWN¬Visible¬True¬True¬Kinson Road Practice¬Cunningham Crescent¬West Howe¬¬Bournemouth¬Dorset¬BH11 8DN¬50.758659362792969¬-1.9095534086227417¬11J¬NHS Dorset CCG¬01202 581981¬¬http://www.kinsonroadmedicalcentre.co.uk/¬
14683¬J81045¬GP¬UNKNOWN¬Visible¬True¬True¬Kinson Road Medical Centre¬440 Kinson Road¬Kinson¬¬Bournemouth¬Dorset¬BH10 5EY¬50.767436981201172¬-1.9014114141464233¬11J¬NHS Dorset CCG¬01202574604¬¬http://www.kinsonroadmedicalcentre.co.uk¬
14684¬J81046001¬GP¬UNKNOWN¬Visible¬True¬True¬The Magna Medical Centre¬81 Merley Lane¬¬¬Wimborne¬Dorset¬BH21 3BB¬50.784099578857422¬-1.967648983001709¬11J¬NHS Dorset CCG¬01202841288¬drs@theharveypractice.co.uk¬http://www.theharveypractice.co.uk¬01202 840877
14685¬J81046¬GP¬UNKNOWN¬Visible¬True¬True¬The Harvey Practice¬18 Kirkway¬¬¬Broadstone¬Dorset¬BH18 8EE¬50.761020660400391¬-1.993511438369751¬11J¬NHS Dorset CCG¬01202697307¬drs@theharveypractice.co.uk¬http://www.theharveypractice.co.uk¬01202 658973
14686¬J81047¬GP¬UNKNOWN¬Visible¬True¬True¬James Fisher Medical Centre¬4 Tolpuddle Gardens¬¬¬Bournemouth¬Dorset¬BH9 3LQ¬50.760841369628906¬-1.8612022399902344¬11J¬NHS Dorset CCG¬01202522622¬james.fisher@dorset.nhs.uk¬http://www.jfmc.co.uk¬01202 548580
14687¬J81048¬GP¬UNKNOWN¬Visible¬True¬True¬Wessex Road Surgery¬Wessex Road¬Parkstone¬¬Poole¬Dorset¬BH14 8BQ¬50.722614288330078¬-1.9531568288803101¬11J¬NHS Dorset CCG¬01202734924¬¬http://www.wessexroadsurgery.co.uk¬01202 738957
14688¬J81049001¬GP¬UNKNOWN¬Visible¬True¬True¬Oakridge Surgery¬1206 Christchurch Road¬Boscombe East¬¬Bournemouth¬Dorset¬BH7 6DY¬50.735946655273438¬-1.8148956298828125¬11J¬NHS Dorset CCG¬01202425588¬marine.surgery@nhs.net¬http://www.marineandoakridge.nhs.uk¬01202 423835
14689¬J81049¬GP¬UNKNOWN¬Visible¬True¬True¬The Marine & Oakridge Partnership¬29 Belle Vue Road¬Southbourne¬¬Bournemouth¬Dorset¬BH6 3DB¬50.72283935546875¬-1.8065180778503418¬11J¬NHS Dorset CCG¬01202425588¬marine.surgery@nhs.net¬http://www.marineandoakridge.nhs.uk¬01202 424277
14690¬J81056002¬GP¬UNKNOWN¬Visible¬True¬True¬Burton Medical Centre¬123 Salisbury Road¬Burton¬¬Christchurch¬Dorset¬BH23 7JN¬50.752853393554687¬-1.7648458480834961¬11J¬NHS Dorset CCG¬1202474311¬¬http://www.burtonandbransgoremedicalcentres.co.uk¬01202 484412
14691¬J81056003¬GP¬UNKNOWN¬Visible¬True¬True¬Bransgore Medical Centre¬Ringwood Road¬Bransgore¬¬Nr. Christchurch¬Hampshire¬BH23 8AD¬50.78131103515625¬-1.7377249002456665¬11J¬NHS Dorset CCG¬01202474311¬¬http://www.christchurchmedicalpractice.co.uk¬
14692¬J81051¬GP¬UNKNOWN¬Visible¬True¬True¬Wyke Regis Medical Practice¬Portland Road¬Wyke Regis¬¬Weymouth¬Dorset¬DT4 9BE¬50.594650268554687¬-2.475116491317749¬11J¬NHS Dorset CCG¬01305782226¬¬¬01305 760549
14693¬J81052¬GP¬UNKNOWN¬Visible¬True¬True¬Lifeboat Quay Medical Centre¬Lifeboat Quay Medical Centre¬¬¬Poole¬Dorset¬BH15 1AE¬50.718830108642578¬-1.9848922491073608¬11J¬NHS Dorset CCG¬01202680111¬¬http://www.lifeboatquaymedicalcentre.nhs.uk¬
14694¬J81053¬GP¬UNKNOWN¬Visible¬True¬True¬Cerne Abbas Surgery¬51 Long Street¬Cerne Abbas¬¬Dorchester¬Dorset¬DT2 7JG¬50.809257507324219¬-2.4743108749389648¬11J¬NHS Dorset CCG¬01300341666¬cerneabbas.surgery1@nhs.net¬https://www.cerneabbassurgery.co.uk/¬
14695¬J81054¬GP¬UNKNOWN¬Visible¬True¬True¬Lilliput Surgery¬Elms Avenue¬Parkstone¬¬Poole¬Dorset¬BH14 8EE¬50.711524963378906¬-1.9542152881622314¬11J¬NHS Dorset CCG¬01202710013¬¬http://www.lilliputsurgery.com¬
14698¬J81056¬GP¬UNKNOWN¬Visible¬True¬True¬ Christchurch Medical Practice¬The Orchard Surgery¬1 Purewell Cross Road¬¬Christchurch¬Dorset¬BH23 3AF¬50.736522674560547¬-1.7595001459121704¬11J¬NHS Dorset CCG¬01202 474311¬¬http://www.christchurchmedicalpractice.co.uk¬
14699¬J81057¬GP¬UNKNOWN¬Visible¬True¬True¬Farmhouse Surgery¬1 Purewell Cross Road¬¬¬Christchurch¬Dorset¬BH23 3AF¬50.736522674560547¬-1.7595001459121704¬11J¬NHS Dorset CCG¬01202488487¬¬http://www.thefarmhousesurgery.co.uk¬01202 486724
14700¬J81058001¬GP¬UNKNOWN¬Visible¬True¬True¬Lake Road Surgery¬Lake Road¬¬¬Verwood¬Dorset¬BH31 6EH¬50.869487762451172¬-1.8690516948699951¬11J¬NHS Dorset CCG¬01202822825¬comments@thecranbornepractice.co.uk¬http://www.thecranbornepractice.co.uk/¬01202 822420
14701¬J81058002¬GP¬UNKNOWN¬Visible¬True¬True¬Cranborne Practice¬The Village Hall¬Alderholt¬¬Fordingbridge¬Hampshire¬SP6 3EP¬50.911518096923828¬-1.8321088552474976¬11J¬NHS Dorset CCG¬01725517272¬¬¬01725 517746
14702¬J81058¬GP¬UNKNOWN¬Visible¬True¬True¬The Cranborne Practice¬Pennys Lane¬Cranborne¬¬Wimborne¬Dorset¬BH21 5QE¬50.919784545898438¬-1.9192718267440796¬11J¬NHS Dorset CCG¬01725517272¬comments@thecranbornepractice.co.uk¬http://www.thecranbornepractice.co.uk/¬01725 517746
14703¬J81059¬GP¬UNKNOWN¬Visible¬True¬True¬Southbourne Practice¬17 Beaufort Road¬Southbourne¬¬Bournemouth¬Dorset¬BH6 5BF¬50.728122711181641¬-1.8141329288482666¬11J¬NHS Dorset CCG¬01202427878¬southbourne@dorset.nhs.uk¬¬01202 430730
14704¬J81061¬GP¬UNKNOWN¬Visible¬True¬True¬Penny's Hill Practice¬St. Marys Road¬¬¬Ferndown¬Dorset¬BH22 9HB¬50.801792144775391¬-1.8944853544235229¬11J¬NHS Dorset CCG¬01202897200¬pennyshill.practice@dorsetgp.nhs.uk¬https://www.pennyshillpractice.co.uk¬01202 877753
14705¬J81062¬GP¬UNKNOWN¬Visible¬True¬True¬St Alban's Medical Centre¬26-28 St. Albans Crescent¬Charminster¬Dorset¬Bournemouth¬Dorset¬BH8 9EW¬50.741722106933594¬-1.8607625961303711¬11J¬NHS Dorset CCG¬01202517333¬¬http://stalbansmc.co.uk/¬01202 517336
14706¬J81062001¬GP¬UNKNOWN¬Visible¬True¬True¬St Albans Medical Centre¬East Way¬¬¬Bournemouth¬Dorset¬BH8 9PU¬50.747688293457031¬-1.8585337400436401¬11J¬NHS Dorset CCG¬01202517333¬¬¬
14708¬J81064¬GP¬UNKNOWN¬Visible¬True¬True¬Poole Town Surgery¬36 Parkstone Road¬¬¬Poole¬Dorset¬BH15 2PG¬50.7197265625¬-1.9754273891448975¬11J¬NHS Dorset CCG¬01202670111¬¬http://www.pooletownsurgery.co.uk¬01202 683822
14710¬J81066¬GP¬UNKNOWN¬Visible¬True¬True¬Stour Surgery¬49 Barrack Road¬¬¬Christchurch¬Dorset¬BH23 1PA¬50.736053466796875¬-1.7821754217147827¬11J¬NHS Dorset CCG¬01202 464500¬¬http://www.stoursurgery.co.uk¬01202 464529
14711¬J81067¬GP¬UNKNOWN¬Visible¬True¬True¬Littledown Surgery¬Harewood Crescent¬Littledown¬¬Bournemouth¬Dorset¬BH7 7BU¬50.741641998291016¬-1.8334246873855591¬11J¬NHS Dorset CCG¬01202309500¬littledown.rec@dorset.nhs.uk¬http://www.littledownsurgery.co.uk/¬01202 309565
14712¬J81068001¬GP¬UNKNOWN¬Visible¬True¬True¬Crossways Surgery¬Old Farm Way¬Crossways¬¬Dorchester¬Dorset¬DT2 8TU¬50.694683074951172¬-2.3273675441741943¬11J¬NHS Dorset CCG¬01305854355¬atrium.reception@nhs.uk¬http://www.atriumhealth.nhs.uk¬
14713¬J81068¬GP¬UNKNOWN¬Visible¬True¬True¬Atrium Health Centre¬7 Weymouth Avenue¬¬¬Dorchester¬Dorset¬DT1 1QR¬50.710845947265625¬-2.4383056163787842¬11J¬NHS Dorset CCG¬01305251545¬atrium.reception@nhs.net¬http://www.atriumhealth.nhs.uk¬
14715¬J81070002¬GP¬UNKNOWN¬Visible¬True¬True¬The Banks And Bearwood Medical Centre¬272 Wimborne Road¬Winton¬¬Bournemouth¬Dorset¬BH3 7AT¬50.738983154296875¬-1.8799871206283569¬11J¬NHS Dorset CCG¬01202593444¬¬http://www.bearwoodmedicalpractice.co.uk/¬01202 548534
14716¬J81070¬GP¬UNKNOWN¬Visible¬True¬True¬The Banks & Bearwood Medical Centre¬Knights Road¬Bearwood¬¬Bournemouth¬Dorset¬BH11 9ST¬50.768329620361328¬-1.9292029142379761¬11J¬NHS Dorset CCG¬01202593444¬¬http://www.bearwoodmedicalpractice.co.uk¬01202 590107
14717¬J81071¬GP¬UNKNOWN¬Visible¬True¬True¬Leybourne Surgery¬1 Leybourne Avenue¬¬¬Bournemouth¬Dorset¬BH10 6ES¬50.758441925048828¬-1.8871963024139404¬11J¬NHS Dorset CCG¬01202527003¬¬www.leybournesurgery.co.uk¬01202 549339
14718¬J81072001¬GP¬UNKNOWN¬Visible¬True¬True¬St Leonard's Road Branch Surgery¬20 St Leonard's Rd¬Charminster¬¬Bournemouth¬Dorset¬BH8 8QN¬50.735095977783203¬-1.8615332841873169¬11J¬NHS Dorset CCG¬01202411700¬¬http://www.thepantonpractice.co.uk¬
14719¬J81072¬GP¬UNKNOWN¬Visible¬True¬True¬The Panton Practice¬14 Gervis Road¬¬¬Bournemouth¬Dorset¬BH1 3EG¬50.720932006835938¬-1.8625806570053101¬11J¬NHS Dorset CCG¬01202411700¬¬http://www.thepantonpractice.co.uk/¬
14720¬J81073¬GP¬UNKNOWN¬Visible¬True¬True¬The Bridges Medical Ctr.¬26 Commercial Road¬¬¬Weymouth¬Dorset¬DT4 7DW¬50.614044189453125¬-2.456047534942627¬11J¬NHS Dorset CCG¬01305774411¬thebridgesmedicalcentre@gp-j81073.nhs.uk¬www.thebridgesmedicalcentre.co.uk¬01305 760417
14721¬J81073001¬GP¬UNKNOWN¬Visible¬True¬True¬Littlemoor Surgery¬Louviers Road¬Littlemoor¬¬Weymouth¬Dorset¬DT3 6SA¬50.647750854492187¬-2.4553978443145752¬11J¬NHS Dorset CCG¬01305814686¬thebridgesmedicalcentre@gp-j81073.nhs.uk¬¬
14722¬J81074¬GP¬UNKNOWN¬Visible¬True¬True¬Barton House Med Practice¬Barton House¬¬¬Beaminster¬Dorset¬DT8 3EQ¬50.809486389160156¬-2.7382156848907471¬11J¬NHS Dorset CCG¬01308861938¬¬http://www.bartonhousemedicalpractice.co.uk¬01308 863785
14723¬J81075¬GP¬UNKNOWN¬Visible¬True¬True¬Cross Road Surgery¬Cross Road¬¬¬Weymouth¬Dorset¬DT4 9QX¬50.602191925048828¬-2.4648349285125732¬11J¬NHS Dorset CCG¬01305768844¬¬¬01305 760686
14724¬J81076001¬GP¬UNKNOWN¬Visible¬True¬True¬Tunnel Road Surgery¬24 Tunnel Road¬¬¬Beaminster¬Dorset¬DT8 3AB¬50.813091278076172¬-2.7439687252044678¬11J¬NHS Dorset CCG¬01308861800¬beaminster_surgery@gp-j81076.nhs.uk¬http://www.thetollerfordpractice.nhs.uk¬01308 863781
14725¬J81076¬GP¬UNKNOWN¬Visible¬True¬True¬The Tollerford Practice¬Pound Piece¬Maiden Newton¬¬Dorchester¬Dorset¬DT2 0DB¬50.778926849365234¬-2.5715727806091309¬11J¬NHS Dorset CCG¬01308861800¬postmaster@gp-j81076.nhs.uk¬http://www.thetollerfordpractice.nhs.uk¬01300 320399
14726¬J81077¬GP¬UNKNOWN¬Visible¬True¬True¬Walford Mill Medical Centre¬Knobcrook Road¬¬¬Wimborne¬Dorset¬BH21 1NL¬50.805282592773438¬-1.9891771078109741¬11J¬NHS Dorset CCG¬01202886999¬¬¬01202 840049
14728¬J81078¬GP¬UNKNOWN¬Visible¬True¬True¬The Grove Medical Centre¬Grove Medical Centre¬Wootton Grove¬¬Sherborne¬Dorset¬DT9 4DL¬50.953285217285156¬-2.5136880874633789¬11J¬NHS Dorset CCG¬01935810900¬¬https://www.thegrovemedcentre.co.uk/¬
14729¬J81081¬GP¬UNKNOWN¬Visible¬True¬True¬Gillingham Medical Practice¬Newbury¬Gillingham¬Dorset¬Gillingham¬Dorset¬SP8 4XS¬51.035964965820313¬-2.2702393531799316¬11J¬NHS Dorset CCG¬01747824201¬¬http://www.gillinghamsurgery.co.uk¬01747 825098
14730¬J81081001¬GP¬UNKNOWN¬Visible¬True¬True¬New Medical Centre¬Marlott Road¬¬¬Gillingham¬Dorset¬SP8 4FA¬51.047744750976562¬-2.2827045917510986¬11J¬NHS Dorset CCG¬01747834330¬¬http://www.gillinghamsurgery.co.uk¬01747 834331
14731¬J81082¬GP¬UNKNOWN¬Visible¬True¬True¬Poundbury Doctors Surgery¬3 Frederick Treves House¬St John Way¬¬Dorchester¬Dorset¬DT1 2FD¬50.713504791259766¬-2.4575648307800293¬11J¬NHS Dorset CCG¬01305251128¬¬¬01305 250837
14732¬J81083001¬GP¬UNKNOWN¬Visible¬True¬False¬Broadchalke Surgery¬Broad Chalke¬¬¬Salisbury¬Wiltshire¬SP5 5EL¬51.029094696044922¬-1.9463980197906494¬92G¬NHS Bath And North East Somerset, Swindon And Wiltshire CCG¬01722780282¬¬http://www.sixpennydocs.co.uk¬01722 780041
14733¬J81083¬GP¬UNKNOWN¬Visible¬True¬False¬Sixpenny Handley Surgery¬Dean Lane¬Sixpenny Handley¬¬Salisbury¬Wiltshire¬SP5 5PA¬50.955368041992188¬-1.9994951486587524¬92G¬NHS Bath And North East Somerset, Swindon And Wiltshire CCG¬01725552500¬¬http://www.sixpennydocs.co.uk¬01725 552029
14734¬J81086¬GP¬UNKNOWN¬Visible¬True¬True¬Evergreen Oak Surgery¬43 Commercial Road¬¬¬Poole¬Dorset¬BH14 0HU¬50.7236328125¬-1.9584535360336304¬11J¬NHS Dorset CCG¬01202747496¬¬www.evergreenoaksurgery.co.uk¬01202 743624
14735¬J81086001¬GP¬UNKNOWN¬Visible¬True¬True¬The Creekmoor Surgery¬1 Borley Road¬¬¬Poole¬Dorset¬BH17 7DT¬50.743431091308594¬-2.0008976459503174¬11J¬NHS Dorset CCG¬01202659351¬¬www.thecreekmoorsurgery.co.uk¬
14736¬J81087001¬GP¬UNKNOWN¬Visible¬True¬True¬Oakdale Surgery¬327 Wimborne Road¬¬¬Poole¬Dorset¬BH15 3ED¬50.734256744384766¬-1.9795575141906738¬11J¬NHS Dorset CCG¬01202672065¬oakdale.reception@dorset.nhs.uk¬http://www.birchwoodpractice.co.uk¬01202 675962
14737¬J81087¬GP¬UNKNOWN¬Visible¬True¬True¬The Birchwood Practice¬Northmead Drive¬¬¬Poole¬Dorset¬BH17 7XW¬50.740222930908203¬-1.998445987701416¬11J¬NHS Dorset CCG¬01202697639¬birchwood.reception@dorset.nhs.uk¬http://www.birchwoodpractice.co.uk¬01202 659323
14739¬J81051001¬GP¬UNKNOWN¬Visible¬True¬True¬The Lanehouse Surgery¬Ludlow Road¬¬¬Weymouth¬Dorset¬DT4 0HB¬50.607177734375¬-2.4837644100189209¬11J¬NHS Dorset CCG¬01305 782226¬reception@gp-j81090.nhs.uk¬¬
14740¬J81609¬GP¬UNKNOWN¬Visible¬True¬True¬Malthouse Meadows Surgery¬Malthouse Meadows¬Portesham¬¬Weymouth¬Dorset¬DT3 4NS¬50.668670654296875¬-2.5671801567077637¬11J¬NHS Dorset CCG¬01305 871468¬portesham.reception@dorsetgp.nhs.uk¬http://www.porteshamsurgery.co.uk¬01305 871977
14741¬J81612¬GP¬UNKNOWN¬Visible¬True¬True¬Corfe Castle Surgery¬Tom's Mead¬West Street¬Corfe Castle¬Corfe Castle, Wareham¬Dorset¬BH20 5HH¬50.635871887207031¬-2.0594363212585449¬11J¬NHS Dorset CCG¬01929480441¬corfecastle.surgery@dorsetgp.nhs.uk¬¬
14742¬J81613¬GP¬UNKNOWN¬Visible¬True¬True¬The Dorchester Rd Surgery¬177-179 Dorchester Road¬¬¬Weymouth¬Dorset¬DT4 7LE¬50.625198364257813¬-2.45749831199646¬11J¬NHS Dorset CCG¬01305766472¬postmaster@gp-j81613.nhs.uk¬¬01305 766499
14743¬J81616¬GP¬UNKNOWN¬Visible¬True¬False¬Puddletown Surgery¬2A Athelhampton Road¬Puddletown¬¬Dorchester¬Dorset¬DT2 8FY¬50.746238708496094¬-2.3419291973114014¬11J¬NHS Dorset CCG¬01305848333¬¬http://www.puddletownsurgery.co.uk¬01305 848061
14744¬J81620001¬GP¬UNKNOWN¬Visible¬True¬True¬The Blackmore Vale Partnership¬Marnhull Surgery Church Hill¬Marnhull¬Struminster Newton¬Sturminster Newton¬Dorset¬DT10 1PU¬50.969264984130859¬-2.3123624324798584¬11J¬NHS Dorset CCG¬01258474500¬¬http://www.blackmorevalesurgery.co.uk/¬01258 821266
14745¬J81620¬GP¬UNKNOWN¬Visible¬True¬True¬The Blackmore Vale Partnership¬Sturminster Newton Surgery, Old Market Hill¬¬¬Sturminster Newton¬Dorset¬DT10 1QU¬50.928173065185547¬-2.3038341999053955¬11J¬NHS Dorset CCG¬01258474500¬prescription@blackmorevale.nhs.uk¬http://www.blackmorevalesurgery.co.uk/¬01258 471547
14746¬J81621¬GP¬UNKNOWN¬Visible¬True¬True¬Corbin Avenue Surgery¬The Barcellos Family Practice¬Corbin Ave¬Tricketts Cross¬Ferndown¬Dorset¬BH22 8AZ¬50.807991027832031¬-1.87223219871521¬11J¬NHS Dorset CCG¬01202 897989¬corbin.avenue@nhs.net¬https://www.barcellosfamilypractice.co.uk/¬
14747¬J81621001¬GP¬UNKNOWN¬Visible¬True¬True¬The Barcellos Family Practice¬54 Glenmoor Road¬West Parley¬¬Ferndown¬Dorset¬BH22 8QF¬50.792091369628906¬-1.8893712759017944¬11J¬NHS Dorset CCG¬01202 874302¬corbin.avenue@nhs.net¬https://www.barcellosfamilypractice.co.uk/¬
14750¬J81625¬GP¬UNKNOWN¬Visible¬True¬True¬Denmark Road Medical Centre¬37 Denmark Road¬¬¬Bournemouth¬Dorset¬BH9 1PB¬50.747043609619141¬-1.8760970830917358¬11J¬NHS Dorset CCG¬01202521111¬denmark.road@dorset.nhs.uk¬http://www.denmarkroadmedicalcentre.nhs.uk¬01202 516761
14751¬J81626¬GP¬UNKNOWN¬Visible¬True¬True¬Fordington Surgery¬91-93 High Street¬Fordington¬¬Dorchester¬Dorset¬DT1 1LD¬50.713016510009766¬-2.427448034286499¬11J¬NHS Dorset CCG¬01305250515¬¬http://www.fordingtonsurgery.nhs.uk¬01305 262821
14752¬J81628¬GP¬UNKNOWN¬Visible¬True¬True¬Charmouth Medical Practice¬The Street¬Charmouth¬¬Bridport¬Dorset¬DT6 6PE¬50.738670349121094¬-2.9038445949554443¬11J¬NHS Dorset CCG¬01297560872¬charmouth.surgery@dorsetgp.nhs.uk¬http://www.charmouthmedicalpractice.nhs.uk/¬01297 560584
14753¬J81631¬GP¬UNKNOWN¬Visible¬True¬True¬Sandford Surgery¬6A Tyneham Close¬Sandford¬¬Wareham¬Dorset¬BH20 7BQ¬50.707206726074219¬-2.0953822135925293¬11J¬NHS Dorset CCG¬01929554490¬¬¬01929 550661
14755¬J81633¬GP¬UNKNOWN¬Visible¬True¬True¬Woodlea House Surgery¬Strouden Park Medical Centre¬2A Bradpole Road¬¬Bournemouth¬Dorset¬BH8 9NX¬50.750205993652344¬-1.8425370454788208¬11J¬NHS Dorset CCG¬01202300903¬woodlea.reception@dorsetgp.nhs.uk¬https://www.woodleahouse-surgery.co.uk¬
14756¬J81634¬GP¬UNKNOWN¬Visible¬True¬True¬Providence Surgery¬12 Walpole Road¬Boscome¬¬BOURNEMOUTH¬Dorset¬BH1 4HA¬50.727062225341797¬-1.8451364040374756¬11J¬NHS Dorset CCG¬01202395195¬¬http://www.providencesurgery.co.uk¬01202 304293
14757¬J81637¬GP¬UNKNOWN¬Visible¬True¬True¬The Prince Of Wales Surgery¬2 Fredrick Treves House¬St John Way¬¬Dorchester¬Dorset¬DT1 2FD¬50.713504791259766¬-2.4575648307800293¬11J¬NHS Dorset CCG¬01305250989¬princeofwalessurgery@nhs.net¬https://princeofwalessurgery.co.uk¬01305 251366
14759¬J81644¬GP¬UNKNOWN¬Visible¬True¬True¬The Old Dispensary Medical Practice¬32 East Borough¬¬¬Wimborne¬Dorset¬BH21 1PL¬50.802555084228516¬-1.9870740175247192¬11J¬NHS Dorset CCG¬01202880786¬theolddispensary@nhs.net¬http://www.theolddispensary.co.uk¬01202 880736
14761¬J81646¬GP¬UNKNOWN¬Visible¬True¬True¬The Grove Surgery¬Fairmile Road¬¬¬Christchurch¬Dorset¬BH23 2FQ¬50.744594573974609¬-1.7909231185913086¬11J¬NHS Dorset CCG¬01202481192¬¬http://www.thegrovesurgery.co.uk¬01202 479732
14762¬J81647¬GP¬UNKNOWN¬Visible¬True¬True¬Lyme Bay Medical Practice¬Kent House Health Centre¬Silver Street¬¬Lyme Regis¬Dorset¬DT7 3HT¬50.727470397949219¬-2.9407923221588135¬11J¬NHS Dorset CCG¬01297443399¬postmaster@gp-j81647.nhs.uk¬http://wwwkenthousehealthcentre.org.uk¬01297 442340
14763¬J81648¬GP¬UNKNOWN¬Visible¬True¬True¬Family Medical Services¬36 Parkstone Road¬¬¬Poole¬Dorset¬BH15 2PG¬50.7197265625¬-1.9754273891448975¬11J¬NHS Dorset CCG¬01202338979¬¬http://www.doctornewman.co.uk¬01202 683822
14764¬J82001¬GP¬UNKNOWN¬Visible¬True¬True¬Burgess Road Surgery¬357A Burgess Road¬Bassett Southampton¬¬Southampton¬Hampshire¬SO16 3BD¬50.938682556152344¬-1.3857922554016113¬10X¬NHS Southampton CCG¬02380676233¬¬http://www.burgessroadsurgery.co.uk¬023 80672909
14765¬J82002¬GP¬UNKNOWN¬Visible¬True¬True¬Lordshill Health Centre¬Lordshill District Centre¬Lordshill Southampton¬¬Southampton¬Hampshire¬SO16 8HY¬50.941009521484375¬-1.4487278461456299¬10X¬NHS Southampton CCG¬02380738144¬¬www.lordshillhealthcentre.nhs.uk¬023 80730722
14767¬J82005¬GP¬UNKNOWN¬Visible¬True¬True¬Rowlands Castle Surgery¬12 The Green¬¬¬Rowlands Castle¬Hampshire¬PO9 6BN¬50.891326904296875¬-0.95881754159927368¬10V¬NHS South Eastern Hampshire CCG¬02392412846¬janine.leake@nhs.net¬http://www.rowlandscastlesurgery.co.uk¬023 92413070
14768¬J82006¬GP¬UNKNOWN¬Visible¬True¬True¬Gosport Medical Centre¬Bury Road¬¬¬Gosport¬Hampshire¬PO12 3AQ¬50.793552398681641¬-1.1472634077072144¬10K¬NHS Fareham And Gosport CCG¬02392583302¬¬¬023 92501421
14769¬J82007¬GP¬UNKNOWN¬Visible¬True¬True¬The Arnewood Practice Milton Medical Cen¬Avenue Road¬¬¬New Milton¬Hampshire¬BH25 5JP¬50.756446838378906¬-1.6579779386520386¬11A¬NHS West Hampshire CCG¬01425620393¬whccg.arnewoodpractice@nhs.net¬http://www.arnewoodpractice.nhs.uk/¬01425 624219
14770¬J82008¬GP¬UNKNOWN¬Visible¬True¬True¬West End Surgery¬Moorgreen Road¬West End¬¬Southampton¬Hampshire¬SO30 3PY¬50.928512573242187¬-1.327288031578064¬11A¬NHS West Hampshire CCG¬02380472126¬¬http://www.westendsurgery.co.uk/¬
14771¬J82009¬GP¬UNKNOWN¬Visible¬True¬True¬Emsworth Surgery¬6 North Street¬¬¬Emsworth¬Hampshire¬PO10 7DD¬50.848403930664062¬-0.93739461898803711¬10V¬NHS South Eastern Hampshire CCG¬01243378812¬¬http://www.emsworthsurgery.co.uk¬01243 379080
14772¬J82009001¬GP¬UNKNOWN¬Visible¬True¬True¬The George & Dragon Surgery¬The Square¬Westbourne¬¬Emsworth¬Hampshire¬PO10 8UE¬50.861629486083984¬-0.9263378381729126¬10V¬NHS South Eastern Hampshire CCG¬01243378812¬¬http://www.emsworthsurgery.co.uk¬01243 388739
14773¬J82010¬GP¬UNKNOWN¬Visible¬True¬True¬The Bosmere Medical Practice¬The Bosmere Medical Centre¬Solent Road¬¬Havant¬Hampshire¬PO9 1DQ¬50.850234985351562¬-0.99056708812713623¬10V¬NHS South Eastern Hampshire CCG¬02392476941¬¬www.bosmerepractice.co.uk¬023 92492524
14774¬J82012¬GP¬UNKNOWN¬Visible¬True¬True¬Portchester Practice¬Portchester Health Centre¬56 West Street¬Portchester¬Fareham¬Hampshire¬PO16 9TU¬50.846611022949219¬-1.1269140243530273¬10K¬NHS Fareham And Gosport CCG¬02392176101¬¬http://www.theportchesterpractice.nhs.uk¬0870 890 2471
14776¬J82015¬GP¬UNKNOWN¬Visible¬True¬True¬Giffard Drive Surgery¬68 Giffard Drive¬Cove Farnborough¬¬Farnborough¬Hampshire¬GU14 8QB¬51.300308227539063¬-0.77028751373291016¬99M¬NHS North East Hampshire And Farnham CCG¬01252 541282¬nehccg.giffarddrivesurgery-main@nhs.net¬http://www.giffarddrivesurgery.co.uk¬01252 372159
14777¬J82016001¬GP¬UNKNOWN¬Visible¬True¬True¬School Lane Surgery¬School Lane¬Broughton¬¬Stockbridge¬Hampshire¬SO20 8BZ¬51.097484588623047¬-1.5660865306854248¬11A¬NHS West Hampshire CCG¬01794301210¬whccg.stockbridgesurgery@nhs.net¬http://www.stockbridgesurgery.co.uk¬01794 301882
14778¬J82016¬GP¬UNKNOWN¬Visible¬True¬True¬Stockbridge Surgery¬New Street¬¬¬Stockbridge¬Hampshire¬SO20 6HG¬51.113292694091797¬-1.4900672435760498¬11A¬NHS West Hampshire CCG¬01264810524¬whccg.stockbridgesurgery@nhs.net¬http://www.stockbridgesurgery.co.uk¬01264 810591
14779¬J82017¬GP¬UNKNOWN¬Visible¬True¬True¬The Andover Health Centre Medical Practice¬Charlton Road¬¬¬Andover¬Hampshire¬SP10 3LD¬51.215023040771484¬-1.4954735040664673¬11A¬NHS West Hampshire CCG¬01264321550¬andoverhc@nhs.net¬http://www.andoverhealthcentre.co.uk/¬01264 336701
14780¬J82018¬GP¬UNKNOWN¬Visible¬True¬True¬Stokewood Surgery¬Stokewood Surgery¬Fair Oak Road¬Fair Oak¬Eastleigh¬Hampshire¬SO50 8AU¬50.964885711669922¬-1.3103013038635254¬11A¬NHS West Hampshire CCG¬02380692000¬whccg.stokewoodsurgery@nhs.net¬http://www.stokewood.co.uk¬023 80693891
14781¬J82019¬GP¬UNKNOWN¬Visible¬True¬True¬The Fryern Surgery¬Oakmount Road¬Chandlers Ford¬¬Eastleigh¬Hampshire¬SO53 2LH¬50.987197875976563¬-1.3728573322296143¬11A¬NHS West Hampshire CCG¬02380273252¬¬http://www.thefryernsurgery.co.uk/¬
14782¬J82020¬GP¬UNKNOWN¬Visible¬True¬True¬Archers Practice¬Eastleigh Health Centre¬Newtown Road¬¬Eastleigh¬Hampshire¬SO50 9AG¬50.970958709716797¬-1.3531655073165894¬11A¬NHS West Hampshire CCG¬02380612123¬¬http://www.archerspractice.co.uk¬023 80650786
14783¬J82021¬GP¬UNKNOWN¬Visible¬True¬True¬Waterside Medical Practice¬Hayling Island Health Centre¬Elm Grove¬Mengham¬Hayling Island¬Hampshire¬PO11 9AP¬50.789794921875¬-0.97646170854568481¬10V¬NHS South Eastern Hampshire CCG¬02392462719¬¬http://watersidemedicalpractice.co.uk¬023 92466079
14784¬J82022¬GP¬UNKNOWN¬Visible¬True¬True¬Victor Street Surgery¬Victor Street¬Shirley Southampton¬¬Southampton¬Hampshire¬SO15 5SY¬50.924240112304688¬-1.4324502944946289¬10X¬NHS Southampton CCG¬02380706919¬¬http://www.victorstreetsurgery.nhs.uk¬02380 390680
14786¬J82023¬GP¬UNKNOWN¬Visible¬True¬True¬Dr Rm Roope And Partners¬Yew Tree Drive¬Whiteley¬¬Fareham¬Hampshire¬PO15 7LB¬50.882713317871094¬-1.2659693956375122¬10K¬NHS Fareham And Gosport CCG¬01489881982¬¬http://whiteleysurgery.co.uk¬
14787¬J82024001¬GP¬UNKNOWN¬Visible¬True¬True¬Nicholstown Surgery¬Royal South Hants Hospital¬Graham Road¬¬Southampton¬Hampshire¬SO14 0YG¬50.912391662597656¬-1.3970624208450317¬10X¬NHS Southampton CCG¬0300 123 7651¬¬http://www.solentgp.nhs.uk/¬
14788¬J82025001¬GP¬UNKNOWN¬Visible¬True¬True¬Enham Surgery¬The White House¬1 Newbury Road¬Enham Alamein, Andover¬Andover¬Hampshire¬SP11 6HJ¬51.237991333007812¬-1.4732919931411743¬11A¬NHS West Hampshire CCG¬01264365123¬¬¬
14789¬J82025¬GP¬UNKNOWN¬Visible¬True¬True¬Charlton Hill Surgery¬Charlton Road¬¬¬Andover¬Hampshire¬SP10 3JY¬51.214054107666016¬-1.4935513734817505¬11A¬NHS West Hampshire CCG¬01264 337979¬¬http://www.charltonhillsurgery.co.uk¬
14790¬J82026¬GP¬UNKNOWN¬Visible¬True¬True¬Centre Practice¬Fareham Health Centre¬Osborn Road¬¬Fareham¬Hampshire¬PO16 7ER¬50.853778839111328¬-1.1763262748718262¬10K¬NHS Fareham And Gosport CCG¬01329823456¬fgccg.centrepractice@nhs.net¬https://www.farehamcentrepractice.co.uk¬
14792¬J82028¬GP¬UNKNOWN¬Visible¬True¬True¬Trafalgar Medical Group Practice¬25 Osborne Road¬¬¬Southsea¬Hampshire¬PO5 3ND¬50.785331726074219¬-1.0924714803695679¬10R¬NHS Portsmouth CCG¬02392821371¬¬www.osbornepractice.co.uk¬02392 291076
14793¬J82028001¬GP¬UNKNOWN¬Visible¬True¬True¬Trafalgar Medical Group Practice at Eastney¬Eastney Health Centre¬Highland Road¬Southsea¬Portsmouth¬Hampshire¬PO4 9HU¬50.786781311035156¬-1.0596873760223389¬10R¬NHS Portsmouth CCG¬02392821371¬¬https://www.trafalgarmedicalgrouppractice.co.uk/¬
14794¬J82029¬GP¬UNKNOWN¬Visible¬True¬True¬New Milton Health Centre¬Spencer Road¬¬¬New Milton¬Hampshire¬BH25 6EN¬50.754783630371094¬-1.6549705266952515¬11A¬NHS West Hampshire CCG¬01425621188¬¬¬
14795¬J82029001¬GP¬UNKNOWN¬Visible¬True¬True¬Hordle Surgery¬24 Ashley Lane¬Hordle Lymington¬¬Lymington¬Hampshire¬SO41 0GA¬50.760715484619141¬-1.6251105070114136¬11A¬NHS West Hampshire CCG¬01425621188¬¬www.newmiltonhealthcentre.co.uk¬
14799¬J82033¬GP¬UNKNOWN¬Visible¬True¬True¬Gudgeheath Lane Surgery¬187 Gudgeheath Lane¬¬¬Fareham¬Hampshire¬PO15 6QA¬50.859752655029297¬-1.2055610418319702¬10K¬NHS Fareham And Gosport CCG¬01329280887¬¬http://www.gudgeheathsurgery.co.uk¬01329 513668
14800¬J82034¬GP¬UNKNOWN¬Visible¬True¬True¬Wickham Surgery¬Houghton Way¬Wickham¬¬Fareham¬Hampshire¬PO17 5GU¬50.901073455810547¬-1.1862585544586182¬11A¬NHS West Hampshire CCG¬01329833121¬whccg.wickhamsurgery@nhs.net¬http://www.wickhamsurgery.co.uk/¬
14801¬J82034001¬GP¬UNKNOWN¬Visible¬True¬True¬The Park Surgery¬35 The Park¬¬¬Droxford¬Hampshire¬SO32 3QQ¬50.961868286132813¬-1.1410826444625854¬11A¬NHS West Hampshire CCG¬01489 877 588¬whccg.wickhamsurgery@nhs.net¬http://www.wickhamsurgery.co.uk/contact1.aspx¬
14802¬J82035¬GP¬UNKNOWN¬Visible¬True¬True¬St Clements Partnership¬Tanner Street¬¬¬Winchester¬Hampshire¬SO23 8AD¬51.062633514404297¬-1.3104772567749023¬11A¬NHS West Hampshire CCG¬01962852211¬whccg.stclementssurgery@nhs.net¬http://www.stclementspractice.co.uk¬
14803¬J82036¬GP¬UNKNOWN¬Visible¬True¬True¬West Meon Surgery¬Doctors Lane¬West Meon¬¬Petersfield¬Hampshire¬GU32 1LR¬51.013259887695313¬-1.0831416845321655¬11A¬NHS West Hampshire CCG¬01730829666¬¬www.westmeon.gpsurgery.net¬01730 829229
14807¬J82039¬GP¬UNKNOWN¬Visible¬True¬True¬Ringwood Medical Practice¬Ringwood Medical Practice¬Ringwood Medical Centre¬The Close¬Ringwood¬Hampshire¬BH24 1JY¬50.8463134765625¬-1.7896342277526855¬11A¬NHS West Hampshire CCG¬01425478901¬whccg.enquiries-rmc@nhs.net¬http://www.ringwoodmc.co.uk/¬
14808¬J82040¬GP¬UNKNOWN¬Visible¬True¬True¬West End Road Surgery¬62 West End Road¬Bitterne Southampton¬¬Southampton¬Hampshire¬SO18 6TG¬50.916706085205078¬-1.3592664003372192¬10X¬NHS Southampton CCG¬02380449162¬¬http://www.westendroadsurgery.nhs.uk¬023 80399742
14809¬J82040001¬GP¬UNKNOWN¬Visible¬True¬True¬Thornhill Surgery¬Pepys Avenue¬Thornhill¬¬Southampton¬Hampshire¬SO19 6PJ¬50.909652709960938¬-1.3365062475204468¬10X¬NHS Southampton CCG¬02380448380¬¬http://www.westendroadsurgery.nhs.uk¬023 80399743
14810¬J82041¬GP¬UNKNOWN¬Visible¬True¬True¬The Staunton Surgery¬Civic Centre Road¬¬¬Havant¬Hampshire¬PO9 2AZ¬50.851066589355469¬-0.97800534963607788¬10V¬NHS South Eastern Hampshire CCG¬02392474351¬¬http://www.stauntonsurgeryhavant.co.uk/¬
14811¬J82042001¬GP¬UNKNOWN¬Visible¬True¬True¬Badgerswood Surgery¬Mill Lane¬Headley Bordon¬¬Bordon¬Hampshire¬GU35 8LH¬51.118984222412109¬-0.82859909534454346¬10V¬NHS South Eastern Hampshire CCG¬01428713511¬¬http://www.bordondoctors.com¬01428 713812
14812¬J82042¬GP¬UNKNOWN¬Visible¬True¬True¬Forest Surgery¬60 Forest Road¬¬¬Bordon¬Hampshire¬GU35 0BP¬51.109130859375¬-0.86058926582336426¬10V¬NHS South Eastern Hampshire CCG¬01420477111¬¬http://www.bordondoctors.com¬01420 477749
14813¬J82044¬GP¬UNKNOWN¬Visible¬True¬True¬Jubilee Surgery¬Barrys Meadow¬High Street Titchfield¬¬Fareham¬Hampshire¬PO14 4EH¬50.849971771240234¬-1.2354161739349365¬10K¬NHS Fareham And Gosport CCG¬01329844220¬¬www.jubileesurgery.co.uk¬01329 854350
14814¬J82639002¬GP¬UNKNOWN¬Visible¬True¬True¬Watership Down Health - Oakley ¬Oakley Surgery¬Sainfoin Lane¬Oakley¬Oakley¬Hampshire¬RG23 7HZ¬51.242355346679687¬-1.1723871231079102¬10J¬NHS North Hampshire CCG¬01256 770212¬¬https://www.oakleyandovertonsurgery.co.uk¬01256 771581
14815¬J82639001¬GP¬UNKNOWN¬Visible¬True¬True¬Watership Down Health - Overton¬Overton Surgery¬Station Road¬Overton¬Basingstoke¬Hampshire¬RG25 3DU¬51.245033264160156¬-1.2609350681304932¬10J¬NHS North Hampshire CCG¬01256 770212¬¬http://www.watershipdownhealth.com¬
14816¬J82049¬GP¬UNKNOWN¬Visible¬True¬True¬Oakley Health Group - Hartley Corner Surgery¬51 Frogmore Road¬¬¬Blackwater¬Hampshire¬GU17 0DD¬51.335289001464844¬-0.79706978797912598¬99M¬NHS North East Hampshire And Farnham CCG¬01252 872333¬¬http://www.oakleyhealth.org¬
14817¬J82050¬GP¬UNKNOWN¬Visible¬True¬True¬St Paul's Surgery¬Alison Way¬¬¬Winchester¬Hampshire¬SO22 5DD¬51.065971374511719¬-1.3213880062103271¬11A¬NHS West Hampshire CCG¬01962853599¬¬www.stpaulssurgery-winchester.nhs.uk¬01962 849982
14818¬J82051¬GP¬UNKNOWN¬Visible¬True¬True¬Blackthorn Health Centre¬Satchell Lane¬Hamble¬¬Southampton¬Hampshire¬SO31 4NQ¬50.876049041748047¬-1.3271905183792114¬11A¬NHS West Hampshire CCG¬023 8045 3110¬whccg.blackthornhealthcentre-reception@nhs.net¬http://www.blackthornhealthcentre.co.uk¬
14820¬J82053¬GP¬UNKNOWN¬Visible¬True¬True¬Adelaide Medical Centre¬Adelaide Road¬¬¬Andover¬Hampshire¬SP10 1HA¬51.208541870117188¬-1.4752596616744995¬11A¬NHS West Hampshire CCG¬01264351144¬¬www.adelaidemedicalcentre.co.uk¬01264 358639
14821¬J82054¬GP¬UNKNOWN¬Visible¬True¬False¬Kintbury & Woolton Hill Surgery¬Newbury Street¬¬¬Kintbury¬Berkshire¬RG17 9UX¬51.398990631103516¬-1.4461754560470581¬15A¬NHS Berkshire West CCG¬01488658294¬¬www.kintburyandwooltonhillsurgeries.co.uk¬01488 657440
14822¬J82054001¬GP¬UNKNOWN¬Visible¬True¬False¬Woolton Hill Surgery¬Trade Street¬¬¬Newbury¬Berkshire¬RG20 9UL¬51.351856231689453¬-1.3884714841842651¬15A¬NHS Berkshire West CCG¬01635253324¬¬http://www.kintburyandwooltonhillsurgeries.co.uk/¬01635 253608
14823¬J82055¬GP¬UNKNOWN¬Visible¬True¬True¬Craneswater Group Practice¬34-36 Waverley Road¬¬¬Southsea¬Hampshire¬PO5 2PW¬50.783203125¬-1.077916145324707¬10R¬NHS Portsmouth CCG¬02392828281¬¬http://www.craneswatergp.nhs.uk¬023 9282 2275
14824¬J82056001¬GP¬UNKNOWN¬Visible¬True¬True¬Blackfield Health Centre¬Hampton Lane¬Blackfield¬¬Southampton¬Hampshire¬SO45 1XA¬50.820957183837891¬-1.3753318786621094¬11A¬NHS West Hampshire CCG¬02380899119¬¬http://www.redandgreenpractice.co.uk¬023 80891217
14825¬J82056¬GP¬UNKNOWN¬Visible¬True¬True¬Red And Green Practice¬Beaulieu Road¬Hythe¬¬Southampton¬Hampshire¬SO45 5WX¬50.858573913574219¬-1.4046471118927002¬11A¬NHS West Hampshire CCG¬02380899119¬¬http://www.redandgreenpractice.co.uk¬023 8084 1292
14826¬J82058¬GP¬UNKNOWN¬Visible¬True¬True¬Bramblys Grange Medical Practice¬Dickson House¬Crown Heights¬Alencon Link¬Basingstoke¬Hampshire¬RG21 7AP¬51.267215728759766¬-1.0863547325134277¬10J¬NHS North Hampshire CCG¬01256467778¬nhccg.bramblysgrange@nhs.net¬http://www.bramblysgrange.co.uk¬
14827¬J82059¬GP¬UNKNOWN¬Visible¬True¬True¬Watercress Medical, Mansfield Park Surgery¬Lymington Bottom Road¬Medstead¬¬Alton¬Hampshire¬GU34 5EW¬51.112091064453125¬-1.0542451143264771¬11A¬NHS West Hampshire CCG¬01420562922¬¬www.watercressmedical.co.uk¬01420 562923
14828¬J82060¬GP¬UNKNOWN¬Visible¬True¬True¬The Lighthouse Group Practice¬Carlilse Road¬¬¬Southsea¬Hampshire¬PO5 1AT¬50.796550750732422¬-1.0804914236068726¬10R¬NHS Portsmouth CCG¬02392851199¬¬http://www.lighthousegrouppractice.co.uk/¬023 92814626
14829¬J82061¬GP¬UNKNOWN¬Visible¬True¬True¬Odiham Health Centre¬Deer Park View¬Odiham¬¬Hook¬Hampshire¬RG29 1JY¬51.254547119140625¬-0.94101530313491821¬10J¬NHS North Hampshire CCG¬01256702371¬¬www.odihamhealthcentre.co.uk¬01256 393111
14830¬J82061002¬GP¬UNKNOWN¬Visible¬True¬True¬Old Basing Health Centre¬Manor Lane¬Manor Lane¬Old Basing¬Basingstoke¬Hampshire¬RG24 7AE¬51.272350311279297¬-1.044379711151123¬10J¬NHS North Hampshire CCG¬01256868370¬¬www.odihamhealthcentre.co.uk¬01256 868377
14831¬J82062001¬GP¬UNKNOWN¬Visible¬True¬True¬Shirley Avenue And Cheviot Road Practice¬1 Shirley Avenue¬Shirley¬¬Southampton¬Hampshire¬SO15 5RP¬50.9210205078125¬-1.4302700757980347¬10X¬NHS Southampton CCG¬02380773258¬¬http://www.shirleyavenuesurgery.nhs.uk/¬023 80703078
14832¬J82062¬GP¬UNKNOWN¬Visible¬True¬True¬Cheviot Road Surgery¬1 Cheviot Road¬Millbrook¬¬Southampton¬Hampshire¬SO16 4AH¬50.921367645263672¬-1.4559595584869385¬10X¬NHS Southampton CCG¬02380773174¬¬¬023 80702748
14833¬J82063¬GP¬UNKNOWN¬Visible¬True¬True¬Parkside Practice¬Eastleigh Health Centre¬Newtown Road¬¬Eastleigh¬Hampshire¬SO50 9AG¬50.970958709716797¬-1.3531655073165894¬11A¬NHS West Hampshire CCG¬02380612032¬whccg.parksidepractice@nhs.net¬http://www.parksidepractice.co.uk/¬023 8062 9623
14835¬J82064¬GP¬UNKNOWN¬Visible¬True¬True¬Bishops Waltham Surgery¬Lower Lane¬Bishops Waltham¬¬Southampton¬Hampshire¬SO32 1GR¬50.955280303955078¬-1.2121347188949585¬11A¬NHS West Hampshire CCG¬01489892288¬¬http://www.bishopswalthamsurgery.nhs.uk¬01489 894402
14837¬J82069002¬GP¬UNKNOWN¬Visible¬True¬True¬Camrose, Gillies & Hackwood Partnership¬Gillies Health Centre¬Sullivan Road¬¬Basingstoke¬Hampshire¬RG22 6ER¬51.256668090820312¬-1.1130893230438232¬10J¬NHS North Hampshire CCG¬01256 479747¬¬http://www.cghpartnership.co.uk¬
14838¬J82066¬GP¬UNKNOWN¬Visible¬True¬True¬The Cambridge Practice¬Aldershot Centre For Health¬Hospital Hill¬¬Aldershot¬Hampshire¬GU11 1AY¬51.254364013671875¬-0.76563602685928345¬99M¬NHS North East Hampshire And Farnham CCG¬01252 344868¬thecambridge.practice@nhs.net¬https://cambridgepractice.co.uk/¬
14839¬J82066003¬GP¬UNKNOWN¬Visible¬True¬True¬The Cambridge Practice¬276 Lower Farnham Road¬¬¬Aldershot¬Hampshire¬GU11 3RB¬51.235824584960938¬-0.75560390949249268¬99M¬NHS North East Hampshire And Farnham CCG¬01252344868¬thecambridge.practice@nhs.net¬https://cambridgepractice.co.uk/¬
14840¬J82067¬GP¬UNKNOWN¬Visible¬True¬True¬Voyager Family Health¬208 Farnborough Road¬¬¬Farnborough¬Hampshire¬GU14 7JN¬51.292335510253906¬-0.75259983539581299¬99M¬NHS North East Hampshire And Farnham CCG¬01252545078¬¬https://voyagerfamilyhealth.co.uk/¬
14841¬J82069¬GP¬UNKNOWN¬Visible¬True¬True¬Camrose, Gillies & Hackwood Partnership¬St Andrews Centre¬Western Way¬¬Basingstoke¬Hampshire¬RG22 6ER¬51.256668090820312¬-1.1130893230438232¬10J¬NHS North Hampshire CCG¬01256479747¬nhccg.cghpartnership@nhs.net¬http://www.cghpartnership.co.uk¬
14842¬J82071¬GP¬UNKNOWN¬Visible¬True¬True¬St Andrew's Surgery¬166 Market Street¬¬¬Eastleigh¬Hampshire¬SO50 5PT¬50.965091705322266¬-1.3524068593978882¬11A¬NHS West Hampshire CCG¬02380612472¬¬¬
14843¬J82072¬GP¬UNKNOWN¬Visible¬True¬True¬Forestside Medical Practice¬Beaulieu Road¬Dibden Purlieu¬¬Southampton¬Hampshire¬SO45 4JA¬50.851898193359375¬-1.4162813425064087¬11A¬NHS West Hampshire CCG¬02380877900¬¬http://www.forestsidemedicalpractice.co.uk/¬023 80877909
14844¬J82072001¬GP¬UNKNOWN¬Visible¬True¬True¬Forestside Medical Practice¬Old Malthouse¬Main Road¬Marchwood¬Southampton¬Hampshire¬SO40 4UZ¬50.891166687011719¬-1.4495435953140259¬11A¬NHS West Hampshire CCG¬02380871233¬¬http://www.forestsidemedicalpractice.co.uk/¬023 80663471
14846¬J82073¬GP¬UNKNOWN¬Visible¬True¬True¬Kirklands Surgery¬111 Copnor Road¬Copnor¬¬Portsmouth¬Hampshire¬PO3 5AF¬50.812644958496094¬-1.0649878978729248¬10R¬NHS Portsmouth CCG¬02392663368¬¬¬023 92783203
14847¬J82074¬GP¬UNKNOWN¬Visible¬True¬True¬Alma Road Surgery¬Alma Road¬Romsey¬¬Romsey¬Hampshire¬SO51 8ED¬50.9906005859375¬-1.4938057661056519¬11A¬NHS West Hampshire CCG¬01794513422¬¬www.almaroad.nhs.uk¬01794 518668
14848¬J82075¬GP¬UNKNOWN¬Visible¬True¬True¬Chawton House Surgery¬43-45 St Thomas Street¬¬¬Lymington¬Hampshire¬SO41 9ND¬50.757469177246094¬-1.5461134910583496¬11A¬NHS West Hampshire CCG¬01590672953¬whccg.chawtonhousesurgery@nhs.net¬http://www.chawtonhousesurgery.co.uk¬
14849¬J82076¬GP¬UNKNOWN¬Visible¬True¬True¬Woolston Lodge Surgery¬Hazeleigh Medical Centre¬66 Portsmouth Road¬Woolston¬Southampton¬Hampshire¬SO19 9AL¬50.897186279296875¬-1.3720699548721313¬10X¬NHS Southampton CCG¬02380446733¬¬http://www.woolstonlodge.co.uk¬
14850¬J82077¬GP¬UNKNOWN¬Visible¬True¬True¬The Bermuda Practice Partnership¬Shakespeare House Health Ctre¬Shakespeare Road¬Popley Basingstoke¬Basingstoke¬Hampshire¬RG24 9DT¬51.280715942382812¬-1.0840367078781128¬10J¬NHS North Hampshire CCG¬01256464151¬¬¬01256 489270
14851¬J82079¬GP¬UNKNOWN¬Visible¬True¬True¬Clift Surgery Partners¬Minchens Lane¬Bramley Basingstoke¬¬Tadley¬Hampshire¬RG26 5BH¬51.331436157226562¬-1.0668787956237793¬10J¬NHS North Hampshire CCG¬01256881228¬¬www.cliftsurgery.co.uk¬01256 883212
14852¬J82080¬GP¬UNKNOWN¬Visible¬True¬True¬University Health Service¬Building 48¬University of Southampton¬Highfield¬Southampton¬Hampshire¬SO17 1BJ¬50.935718536376953¬-1.399476170539856¬10X¬NHS Southampton CCG¬023 8055 7531¬surgery@unidocs.co.uk¬http://www.unidocs.co.uk¬023 8067 8170
14853¬J82081¬GP¬UNKNOWN¬Visible¬True¬True¬St Mary's Surgery¬1 Johnson Street¬¬¬Southampton¬Hampshire¬SO14 1LT¬50.905673980712891¬-1.3971787691116333¬10X¬NHS Southampton CCG¬02380333778¬¬https://www.stmaryssurgery.nhs.uk¬
14854¬J82081002¬GP¬UNKNOWN¬Visible¬True¬True¬Telephone House Surgery ¬70 - 75 High Street¬¬¬Southampton¬Hampshire¬SO14 2NW¬50.897571563720703¬-1.4037379026412964¬10X¬NHS Southampton CCG¬02380333778¬¬http://www.stmaryssurgery.nhs.uk/¬
14855¬J82082¬GP¬UNKNOWN¬Visible¬True¬True¬Shepherds Spring Medical Centre¬Shepherds Spring Medical Centre¬Cricketers Way¬¬Andover¬Hampshire¬SP10 5DE¬51.221256256103516¬-1.4695594310760498¬11A¬NHS West Hampshire CCG¬01264310777¬¬http://www.shepherdsspring.co.uk¬01264 350138
14856¬J82083004¬GP¬UNKNOWN¬Visible¬True¬True¬The Willow Group - Stoke Road Medical Centre¬66-68 Stoke Road¬¬¬Gosport¬Hampshire¬PO12 1PA¬50.792732238769531¬-1.1360839605331421¬10K¬NHS Fareham And Gosport CCG¬023 8231 1034¬¬http://www.thewillowgroup.nhs.uk¬
14857¬J82084¬GP¬UNKNOWN¬Visible¬True¬True¬Bury Road Surgery¬Gosport War Memorial Hospital¬Bury Road¬¬Gosport¬Hampshire¬PO12 3PW¬50.793064117431641¬-1.1480667591094971¬10K¬NHS Fareham And Gosport CCG¬02392580363¬fgccg.buryroadsurgery@nhs.net¬http://www.buryroadsurgery.co.uk¬023 92601346
14858¬J82085¬GP¬UNKNOWN¬Visible¬True¬True¬Lake Road Practice¬Lake Road Health Centre¬Nutfield Place¬¬Portsmouth¬Hampshire¬PO1 4JT¬50.804828643798828¬-1.0783421993255615¬10R¬NHS Portsmouth CCG¬02392 009 117¬¬http://www.lakeroadpractice.nhs.uk¬
14860¬J82087¬GP¬UNKNOWN¬Visible¬True¬True¬Stoneham Lane Surgery¬City Gateway¬Parkville Road¬¬Southampton¬Hampshire¬SO16 2JA¬50.939308166503906¬-1.378454327583313¬10X¬NHS Southampton CCG¬02380555776¬¬http://www.stonehamlanesurgery.co.uk¬
14861¬J82088¬GP¬UNKNOWN¬Visible¬True¬True¬The Shirley Health Partnership¬Shirley Health Centre¬Grove Road¬Shirley Southampton¬Southampton¬Hampshire¬SO15 3UA¬50.916923522949219¬-1.4290540218353271¬10X¬NHS Southampton CCG¬02380783611¬soccg.shirleyhealthpartnership@nhs.net¬http://www.shirleyhealthpartnership.nhs.uk¬023 8078 3156
14862¬J82089¬GP¬UNKNOWN¬Visible¬True¬True¬Hedge End Medical Centre¬24-28 Lower Northam Road¬Hedge End Southampton¬¬Southampton¬Hampshire¬SO30 4FQ¬50.914268493652344¬-1.2996412515640259¬11A¬NHS West Hampshire CCG¬01489785722¬¬www.hedgeendmedicalcentre.co.uk¬01489 799414
14863¬J82090¬GP¬UNKNOWN¬Visible¬True¬True¬Sunnyside Medical Centre¬8F The Pompey Centre¬Fratton Way¬¬Southsea¬Hampshire¬PO4 8TA¬50.798259735107422¬-1.065729022026062¬10R¬NHS Portsmouth CCG¬02392812481¬ssmc.sunnyside@nhs.net¬https://sunnyside.gpsurgery.net¬
14865¬J82092¬GP¬UNKNOWN¬Visible¬True¬True¬Aldermoor Surgery¬Aldermoor Health Centre¬Aldermoor Close¬¬Southampton¬Hampshire¬SO16 5ST¬50.940299987792969¬-1.4280562400817871¬10X¬NHS Southampton CCG¬02380241000¬soccg.aldermoorsurgery@nhs.net¬http://www.aldermoor.nhs.uk/¬023 80241010
14866¬J82134003¬GP¬UNKNOWN¬Visible¬True¬True¬Stakes Lodge Surgery¬Stakes Lodge Surgery¬3a Lavender Road¬¬Waterlooville¬Hampshire¬PO7 8NS¬50.874305725097656¬-1.0197379589080811¬10V¬NHS South Eastern Hampshire CCG¬023 9226 3089¬¬http://www.vinemedicalgroup.co.uk/¬02392 358867
14867¬J82094001¬GP¬UNKNOWN¬Visible¬True¬True¬The Tadley Medical Partnership - Morland Surgery¬40 New Road¬¬¬Tadley¬Hampshire¬RG26 3AN¬51.347583770751953¬-1.1428818702697754¬10J¬NHS North Hampshire CCG¬01189814166¬¬http://www.tadleymedical.co.uk/¬
14868¬J82094¬GP¬UNKNOWN¬Visible¬True¬True¬Tadley Medical Partnership¬Holmwood Health Centre¬Franklin Avenue¬¬Tadley¬Hampshire¬RG26 4ER¬51.357025146484375¬-1.1455205678939819¬10J¬NHS North Hampshire CCG¬01189814166¬¬http://www.tadleymedical.co.uk/¬
14871¬J82098¬GP¬UNKNOWN¬Visible¬True¬True¬Swan Medical Group - The Swan Surgery¬Swan Street¬¬¬Petersfield¬Hampshire¬GU32 3AB¬51.004356384277344¬-0.94258749485015869¬10V¬NHS South Eastern Hampshire CCG¬01730264011¬¬http://www.swansurgery.co.uk¬01730 231093
14872¬J82099¬GP¬UNKNOWN¬Visible¬True¬True¬Richmond Surgery¬Richmond Close¬¬¬Fleet¬Hampshire¬GU52 7US¬51.269325256347656¬-0.84107959270477295¬99M¬NHS North East Hampshire And Farnham CCG¬01252811466¬nehccg.richmondsurgery@nhs.net¬http://www.richmondsurgeryfleet.com¬
14874¬J82101001¬GP¬UNKNOWN¬Visible¬True¬True¬Chessel Practice¬4 Chessel Avenue¬Bitterne¬¬Southampton¬Hampshire¬SO19 4AA¬50.913608551025391¬-1.3652547597885132¬10X¬NHS Southampton CCG¬02380443377¬¬www.chesselpractice.nhs.uk¬023 80425409
14875¬J82101¬GP¬UNKNOWN¬Visible¬True¬True¬Chessel Practice¬Sullivan Road¬Sholing¬¬Southampton¬Hampshire¬SO19 0HS¬50.900325775146484¬-1.3393265008926392¬10X¬NHS Southampton CCG¬02380443377¬¬www.chesselpractice.nhs.uk¬023 80425409
14876¬J82102¬GP¬UNKNOWN¬Visible¬True¬True¬The Drayton Surgery¬280 Havant Road¬Drayton¬¬Portsmouth¬Hampshire¬PO6 1PA¬50.846759796142578¬-1.045374870300293¬10R¬NHS Portsmouth CCG¬02392370422¬drayton.surgery@ports.nhs.uk¬¬023 92618383
14877¬J82103¬GP¬UNKNOWN¬Visible¬True¬True¬St Mary's Surgery¬Church Close¬¬¬Andover¬Hampshire¬SP10 1DP¬51.210281372070313¬-1.4778597354888916¬11A¬NHS West Hampshire CCG¬01264361424¬whccg.stmaryssurgery@nhs.net¬http://www.stmaryssurgery.co.uk¬01264 336792
14878¬J82104¬GP¬UNKNOWN¬Visible¬True¬True¬The Stubbington Medical Practice¬Park Lane¬Stubbington¬¬Fareham¬Hampshire¬PO14 2JP¬50.82501220703125¬-1.2154076099395752¬10K¬NHS Fareham And Gosport CCG¬01329664231¬fgccg.stubbington-admin@nhs.net¬http://www.stubbingtonmedical.co.uk¬01329 664958
14879¬J82106¬GP¬UNKNOWN¬Visible¬True¬True¬Gratton Surgery¬Sutton Scotney¬¬¬Winchester¬Hampshire¬SO21 3LE¬51.154098510742188¬-1.3359963893890381¬11A¬NHS West Hampshire CCG¬01962760394¬mh.gratton@nhs.net¬www.grattonsurgery.nhs.uk¬01962 765090
14880¬J82106001¬GP¬UNKNOWN¬Visible¬True¬True¬South Wonston Surgery¬Downs Road¬South Wonston¬¬Winchester¬Hampshire¬SO21 3EW¬51.120166778564453¬-1.3354111909866333¬11A¬NHS West Hampshire CCG¬01962760394¬¬http://www.grattonsurgery.nhs.uk/¬
14881¬J82110¬GP¬UNKNOWN¬Visible¬True¬True¬Fleet Medical Centre¬Church Road¬¬¬Fleet¬Hampshire¬GU51 4PE¬51.288192749023438¬-0.84859240055084229¬99M¬NHS North East Hampshire And Farnham CCG¬01252613327¬¬www.fleetmedicalcentre.co.uk¬01252 815156
14882¬J82112¬GP¬UNKNOWN¬Visible¬True¬True¬Forest Gate Surgery¬1 Hazel Farm Road¬Totton¬¬Southampton¬Hampshire¬SO40 8WU¬50.916812896728516¬-1.5134310722351074¬11A¬NHS West Hampshire CCG¬02380663839¬¬http://www.forestgatesurgery.nhs.uk¬023 80667090
14884¬J82114¬GP¬UNKNOWN¬Visible¬True¬True¬North Harbour Medical Group¬Cosham Health Centre¬Vectis Way¬Cosham¬Portsmouth¬Hampshire¬PO6 3AW¬50.843868255615234¬-1.0687671899795532¬10R¬NHS Portsmouth CCG¬02392381117¬¬http://northharbourmedicalgroup.nhs.uk¬023 92380144
14885¬J82115¬GP¬UNKNOWN¬Visible¬True¬True¬Atherley House Surgery¬143-145 Shirley Road¬Shirley Southampton¬¬Southampton¬Hampshire¬SO15 3FH¬50.913341522216797¬-1.4215588569641113¬10X¬NHS Southampton CCG¬02380221964¬¬www.atherleyhousesurgery.nhs.uk¬023 80233792
14886¬J82116¬GP¬UNKNOWN¬Visible¬True¬True¬Twyford Surgery¬Hazeley Road¬Twyford¬¬Winchester¬Hampshire¬SO21 1QY¬51.019168853759766¬-1.3141870498657227¬11A¬NHS West Hampshire CCG¬01962712906¬mh.twyford@nhs.net¬https://www.twyford-surgery.nhs.uk¬
14887¬J82116001¬GP¬UNKNOWN¬Visible¬True¬True¬Colden Common Surgery¬Colden Common Surgery¬45 Spring Lane¬Colden Common¬Winchester¬Hampshire¬SO21 1SB¬50.997646331787109¬-1.3209881782531738¬11A¬NHS West Hampshire CCG¬01962 712906¬¬https://www.mysurgerywebsite.co.uk/secure/gpindex.aspx?pr=J82116¬01962 715158
14889¬J82117¬GP¬UNKNOWN¬Visible¬True¬True¬Hanway Medical Practice¬2 Hanway Road¬¬¬Portsmouth¬Hampshire¬PO1 4ND¬50.806800842285156¬-1.0775938034057617¬10R¬NHS Portsmouth CCG¬02392894277¬¬¬023 9289 4261
14890¬J82119¬GP¬UNKNOWN¬Visible¬True¬True¬Denmead Health Centre¬Hambledon Road¬Denmead Waterlooville¬¬Waterlooville¬Hampshire¬PO7 6NR¬50.904388427734375¬-1.0673331022262573¬10V¬NHS South Eastern Hampshire CCG¬02392239630¬sehccg.denmeadhc@nhs.net¬https://www.denmeaddoctorssurgery.co.uk¬023 92239636
14891¬J82119001¬GP¬UNKNOWN¬Visible¬True¬True¬Hambledon Surgery¬Hambledon Village Hall¬Hambledon¬¬Waterlooville¬Hampshire¬PO7 4RX¬50.931922912597656¬-1.0787645578384399¬10V¬NHS South Eastern Hampshire CCG¬02392632453¬¬¬023 92257113
14892¬J82120¬GP¬UNKNOWN¬Visible¬True¬True¬Alexander House Surgery¬Alexander House¬2 Salisbury Road¬¬Farnborough¬Hampshire¬GU14 7AW¬51.293750762939453¬-0.75198781490325928¬99M¬NHS North East Hampshire And Farnham CCG¬01252541155¬¬www.alexanderhousesurgery.com¬01252 370569
14893¬J82121¬GP¬UNKNOWN¬Visible¬True¬True¬North Baddesley Surgery¬Norton Welch Close¬Fleming Avenue¬¬Southampton¬Hampshire¬SO52 9EP¬50.975608825683594¬-1.436909556388855¬11A¬NHS West Hampshire CCG¬02380743400¬whccg.northbaddesleysurgery@nhs.net¬http://www.northbaddesleysurgery.co.uk¬
14895¬J82122¬GP¬UNKNOWN¬Visible¬True¬True¬Alma Road Surgery¬68 Alma Road¬Portswood¬¬Southampton¬Hampshire¬SO14 6UX¬50.921779632568359¬-1.4003555774688721¬10X¬NHS Southampton CCG¬02380672666¬soccg.almamedicalcentre@nhs.net¬http://www.almamedcen.nhs.uk¬02380 550972
14896¬J82069003¬GP¬UNKNOWN¬Visible¬True¬True¬Camrose, Gillies & Hackwood Partnership¬Essex House¬Essex Road¬¬Basingstoke¬Hampshire¬RG21 8SU¬51.263885498046875¬-1.0936300754547119¬10J¬NHS North Hampshire CCG¬01256 479747¬¬http://www.hackwoodpartnership.co.uk¬01256 357289
14897¬J82124¬GP¬UNKNOWN¬Visible¬True¬True¬Alresford Surgery¬Station Road¬¬¬Alresford¬Hampshire¬SO24 9JL¬51.088943481445313¬-1.1615484952926636¬11A¬NHS West Hampshire CCG¬01962 732345¬¬https://www.alresfordsurgery.co.uk¬
14898¬J82125¬GP¬UNKNOWN¬Visible¬True¬True¬Jenner House Surgery¬159-161 Cove Road¬¬¬Farnborough¬Hampshire¬GU14 0HQ¬51.294303894042969¬-0.77450478076934814¬99M¬NHS North East Hampshire And Farnham CCG¬01252548141¬nehccg.jennerhousesurgery@nhs.net¬http://www.jennerhousesurgery.co.uk¬01252 371516
14899¬J82126¬GP¬UNKNOWN¬Visible¬True¬True¬Raymond Road Surgery¬34 Raymond Road¬Upper Shirley Southampton¬¬Southampton¬Hampshire¬SO15 5AL¬50.919414520263672¬-1.4197337627410889¬10X¬NHS Southampton CCG¬02380227559¬¬www.raymondroadsurgery.nhs.uk¬023 80334028
14901¬J82128¬GP¬UNKNOWN¬Visible¬True¬True¬Old Fire Station Surgery¬68A Portsmouth Road¬Woolston Southampton¬¬Southampton¬Hampshire¬SO19 9AN¬50.896312713623047¬-1.3694713115692139¬10X¬NHS Southampton CCG¬02380448558¬¬www.oldfirestationsurgery.co.uk¬023 80435569
14902¬J82129003¬GP¬UNKNOWN¬Visible¬True¬True¬Sway Surgery¬Station Road¬Sway¬¬Lymington¬Hampshire¬SO41 6BA¬50.784507751464844¬-1.6081676483154297¬11A¬NHS West Hampshire CCG¬01590 682617¬¬http://www.newforestmedicalgroup.co.uk/¬01590 682839
14903¬J82129¬GP¬UNKNOWN¬Visible¬True¬True¬New Forest Central Medical Group¬Highwood Road¬¬¬Brockenhurst¬Hampshire¬SO42 7RY¬50.814723968505859¬-1.576659083366394¬11A¬NHS West Hampshire CCG¬01590 622272¬¬http://www.newforestmedicalgroup.co.uk/¬01590 625432
14904¬J82130¬GP¬UNKNOWN¬Visible¬True¬True¬The Friarsgate Practice¬The Friarsgate Practice¬Stockbridge Road¬¬Winchester¬Hampshire¬SO22 6EL¬51.074253082275391¬-1.3367824554443359¬11A¬NHS West Hampshire CCG¬01962871730¬¬http://www.friarsgatepractice.co.uk¬
14905¬J82130001¬GP¬UNKNOWN¬Visible¬True¬True¬Badger Farm Surgery¬Badger Farm Road¬¬¬Winchester¬Hampshire¬SO22 4QB¬51.0462646484375¬-1.3393218517303467¬11A¬NHS West Hampshire CCG¬01962 871730¬¬http://www.friarsgatepractice.co.uk¬
14907¬J82131001¬GP¬UNKNOWN¬Visible¬True¬True¬Alderholt Branch Surgery¬12 Park Lane¬¬¬Fordingbridge¬Hampshire¬SP6 3AJ¬50.911964416503906¬-1.8308981657028198¬11A¬NHS West Hampshire CCG¬01425653430¬fordingbridgesurgery@nhs.net¬http://www.fordingbridgegps.co.uk¬
14908¬J82131¬GP¬UNKNOWN¬Visible¬True¬True¬Fordingbridge Surgery¬Bartons Road¬¬¬Fordingbridge¬Hampshire¬SP6 1RS¬50.92816162109375¬-1.7935173511505127¬11A¬NHS West Hampshire CCG¬01425653430¬fordingbridgesurgery@nhs.net¬http://www.fordingbridgegps.co.uk¬
14909¬J82132¬GP¬UNKNOWN¬Visible¬True¬True¬Testvale Surgery¬12 Salisbury Road¬Totton¬¬Southampton¬Hampshire¬SO40 3PY¬50.919406890869141¬-1.4898835420608521¬11A¬NHS West Hampshire CCG¬02380866990¬practicemanager@testvalesurgery.com¬http://www.testvalesurgery.com¬02380 663992
14910¬J82133¬GP¬UNKNOWN¬Visible¬True¬True¬Brockhurst Medical Centre¬139-141 Brockhurst Road¬¬¬Gosport¬Hampshire¬PO12 3AX¬50.808254241943359¬-1.153368353843689¬10K¬NHS Fareham And Gosport CCG¬02392583564¬¬https://www.brockhurstmedicalcentre.com¬023 92510782
14911¬J82134001¬GP¬UNKNOWN¬Visible¬True¬True¬Vine Medical Group - Health Centre¬Health Centre Site¬Dryden Close¬¬Waterlooville¬Hampshire¬PO7 6AL¬50.891883850097656¬-1.0345966815948486¬10V¬NHS South Eastern Hampshire CCG¬023 9226 3089¬¬http://www.vinemedicalgroup.co.uk¬023 9225 7228
14912¬J82134¬GP¬UNKNOWN¬Visible¬True¬True¬Vine Medical Group¬Forest End Site¬Forest End¬¬Waterlooville¬Hampshire¬PO7 7AH¬50.878200531005859¬-1.0349422693252563¬10V¬NHS South Eastern Hampshire CCG¬023 9226 3089¬sehccg.vinemedicalgroup@nhs.net¬http://www.vinemedicalgroup.co.uk¬023 9223 1582
14913¬J82135¬GP¬UNKNOWN¬Visible¬True¬True¬Branksomewood H/Care Ctr¬Branksomewood Healthcare Ctre¬Branksomewood Road¬¬Fleet¬Hampshire¬GU51 4JX¬51.281890869140625¬-0.84479266405105591¬99M¬NHS North East Hampshire And Farnham CCG¬0333 009 6767¬¬http://www.branksomewood.co.uk¬01252 816489
14914¬J82136¬GP¬UNKNOWN¬Visible¬True¬True¬Chawton Park Surgery¬Chawton Park Road¬¬¬Alton¬Hampshire¬GU34 1RJ¬51.139820098876953¬-0.98941200971603394¬10J¬NHS North Hampshire CCG¬01420542542¬nhccg.chawtonparksurgery@nhs.net¬http://www.chawtonparksurgery.nhs.uk/¬01420 549466
14917¬J82138¬GP¬UNKNOWN¬Visible¬True¬True¬Whitewater Health¬1 Chapter Terrace¬Hartley Wintney¬¬Hook¬Hampshire¬RG27 8QJ¬51.306552886962891¬-0.90177321434020996¬10J¬NHS North Hampshire CCG¬01252842087¬¬http://www.whitewaterhealth.nhs.uk/¬01252 843145
14918¬J82138001¬GP¬UNKNOWN¬Visible¬True¬True¬Hook Surgery Reading Road¬Reading Road¬¬¬Hook¬Hampshire¬RG27 9ED¬51.286331176757812¬-0.96295565366744995¬10J¬NHS North Hampshire CCG¬01256762125¬¬http://www.whitewaterhealth.nhs.uk/¬01256 760608
14919¬J82139003¬GP¬UNKNOWN¬Visible¬True¬True¬Milford Medical Centre¬Sea Road¬Milford-On-Sea¬¬Lymington¬Hampshire¬SO41 0PG¬50.722431182861328¬-1.5895037651062012¬11A¬NHS West Hampshire CCG¬01590643022¬¬http://www.milfordmedicalcentre.com¬01590 644950
14920¬J82139¬GP¬UNKNOWN¬Visible¬True¬True¬Wistaria & Milford Surgeries¬Wistaria Court¬18 Avenue Road¬¬Lymington¬Hampshire¬SO41 9GJ¬50.760055541992188¬-1.5472794771194458¬11A¬NHS West Hampshire CCG¬01590672212¬¬www.milfordmedicalcentre.com AND www.wistariasurgery.com¬01590 679930
14922¬J82142¬GP¬UNKNOWN¬Visible¬True¬True¬The Border Practice¬Blackwater Way¬¬¬Aldershot¬Hampshire¬GU12 4DN¬51.241580963134766¬-0.74084758758544922¬99M¬NHS North East Hampshire And Farnham CCG¬01252 344434¬¬http://www.borderpractice.co.uk¬01252 319100
14923¬J82143002¬GP¬UNKNOWN¬Visible¬True¬True¬St. Francis Surgery¬Pilgrims Close¬Chandlers Ford¬¬Southampton¬Hampshire¬SO53 4ST¬50.977737426757813¬-1.4020712375640869¬11A¬NHS West Hampshire CCG¬02380252131¬whccg.parksurgery-admin@nhs.net¬http://www.parksurgery-hursleyrd.co.uk/¬023 80268342
14924¬J82143¬GP¬UNKNOWN¬Visible¬True¬True¬Park Surgery¬Hursley Road¬¬¬Chandlers Ford¬Hampshire¬SO53 2ZH¬50.985233306884766¬-1.3853778839111328¬11A¬NHS West Hampshire CCG¬02380252131¬whccg.parksurgery-admin@nhs.net¬http://www.parksurgery-hursleyrd.co.uk¬023 80265394
14925¬J82144001¬GP¬UNKNOWN¬Visible¬True¬True¬Branch Surgery¬Old Basing Health Centre¬Manor Road¬Old Basing¬Basingstoke¬Hampshire¬RG24 7AE¬51.272350311279297¬-1.044379711151123¬10J¬NHS North Hampshire CCG¬01256 329021¬¬http://www.crownheightsmedicalcentre.co.uk¬
14926¬J82144¬GP¬UNKNOWN¬Visible¬True¬True¬Crown Heights Medical Centre¬2 Dickson House Crown Heights¬Alencon Link Basingstoke¬¬Basingstoke¬Hampshire¬RG21 7AN¬51.267189025878906¬-1.0862979888916016¬10J¬NHS North Hampshire CCG¬01256329021¬¬http://www.crownheightsmc.co.uk¬01256 817466
14927¬J82145¬GP¬UNKNOWN¬Visible¬True¬True¬Abbeywell Surgery¬The Abbey¬¬¬Romsey¬Hampshire¬SO51 8EN¬50.989105224609375¬-1.5018861293792725¬11A¬NHS West Hampshire CCG¬01794512218¬whccg.abbeywellsurgery@nhs.net¬http://www.abbeywellsurgery.co.uk¬01794 514224
14929¬J82146¬GP¬UNKNOWN¬Visible¬True¬True¬Lyndhurst Surgery ¬2 Church Lane¬¬¬Lyndhurst¬Hampshire¬SO43 7EW¬50.872272491455078¬-1.5765930414199829¬11A¬NHS West Hampshire CCG¬02380282689¬whccg.lyndhurstsurgery@nhs.net¬http://www.lyndhurstsurgery.org.uk¬
14930¬J82147¬GP¬UNKNOWN¬Visible¬True¬True¬Dr R G Crispin & Partners¬2 White Dirt Lane¬Clanfield Waterlooville¬¬Waterlooville¬Hampshire¬PO8 0QL¬50.935436248779297¬-1.0007780790328979¬10V¬NHS South Eastern Hampshire CCG¬02392593285¬¬¬023 92595855
14931¬J82149001¬GP¬UNKNOWN¬Visible¬True¬True¬Dr Mclaughlin & Partners¬Copnor Road Surgery¬358 Copnor Road¬Copnor¬Portsmouth¬Hampshire¬PO3 5EL¬50.821067810058594¬-1.064777135848999¬10R¬NHS Portsmouth CCG¬02392009265¬¬http://www.derbyroadgrouppractice.co.uk/index.aspx¬023 92 620199
14932¬J82149¬GP¬UNKNOWN¬Visible¬True¬True¬Derby Road Group Practice¬27-29 Derby Road¬North End¬¬Portsmouth¬Hampshire¬PO2 8HW¬50.815830230712891¬-1.0821855068206787¬10R¬NHS Portsmouth CCG¬02392009265¬¬http://www.derbyroadgrouppractice.co.uk¬023 92 654991
14933¬J82150¬GP¬UNKNOWN¬Visible¬True¬True¬Cornerways Medical Centre¬Parkers Close Gorley Road¬Poulner¬¬Ringwood¬Hampshire¬BH24 1SD¬50.854068756103516¬-1.7710005044937134¬11A¬NHS West Hampshire CCG¬01425472515¬whccg.cornerwaysmedicalcentre@nhs.net¬http://www.cornerwaysmedicalcentre.co.uk¬01425 470030
14934¬J82150001¬GP¬UNKNOWN¬Visible¬True¬True¬St Leonards Surgery¬Cornerways 1 Pine Drive¬St. Leonards¬¬Ringwood¬Hampshire¬BH24 2LN¬50.832145690917969¬-1.8359289169311523¬11A¬NHS West Hampshire CCG¬01425 472515¬¬http://www.cornerwaysmedicalcentre.co.uk/¬01425 470030
14935¬J82151001¬GP¬UNKNOWN¬Visible¬True¬True¬Park View Surgery¬1 Esdails Lane¬Burley¬¬Ringwood¬Hampshire¬BH24 4AF¬50.827480316162109¬-1.7044699192047119¬11A¬NHS West Hampshire CCG¬01425403263¬¬http://twinoaksmedicalcentre.co.uk¬01425 403331
14936¬J82151¬GP¬UNKNOWN¬Visible¬True¬True¬Twin Oaks Medical Centre¬Ringwood Road¬Bransgore¬¬Christchurch¬Dorset¬BH23 8AD¬50.78131103515625¬-1.7377249002456665¬11A¬NHS West Hampshire CCG¬01425672741¬¬http://twinoaksmedicalcentre.co.uk/¬01425 674333
14937¬J82152¬GP¬UNKNOWN¬Visible¬True¬True¬Bridgemary Medical Centre¬2 Gregson Avenue¬Bridgemary¬¬Gosport¬Hampshire¬PO13 0HR¬50.827701568603516¬-1.1755151748657227¬10K¬NHS Fareham And Gosport CCG¬01329232446¬¬¬01329 282624
14938¬J82154¬GP¬UNKNOWN¬Visible¬True¬True¬The Highlands Practice¬102 Highlands Road¬¬¬Fareham¬Hampshire¬PO15 6JF¬50.860195159912109¬-1.2094608545303345¬10K¬NHS Fareham And Gosport CCG¬01329845777¬¬http://www.thehighlandspractice.co.uk¬01329 847794
14940¬J82155002¬GP¬UNKNOWN¬Visible¬True¬True¬Paulsgrove Surgery¬194 Allaway Avenue¬Paulsgrove¬¬Portsmouth¬Hampshire¬PO6 4HJ¬50.849346160888672¬-1.099937915802002¬10R¬NHS Portsmouth CCG¬02392009191¬¬http://www.portsdowngrouppractice.co.uk¬
14941¬J82155003¬GP¬UNKNOWN¬Visible¬True¬True¬Kingston Crescent Surgery¬92 Kingston Crescent¬North End¬¬Portsmouth¬Hampshire¬PO2 8AL¬50.812877655029297¬-1.0809375047683716¬10R¬NHS Portsmouth CCG¬023 9200 9191¬¬http://www.portsdowngrouppractice.co.uk¬
14942¬J82155¬GP¬UNKNOWN¬Visible¬True¬True¬Portsdown Group Practice¬Crookhorn Surgery¬Crookhorn Lane¬Purbrook¬Waterlooville¬Hampshire¬PO7 5XP¬50.862651824951172¬-1.0274420976638794¬10R¬NHS Portsmouth CCG¬02392009191¬¬http://www.portsdowngrouppractice.co.uk¬
14943¬J82155001¬GP¬UNKNOWN¬Visible¬True¬True¬Cosham Park House Surgery¬¬Cosham Park House Surgery¬Cosham Park Avenue Cosham¬Waterlooville¬Hampshire¬PO6 3BG¬50.843086242675781¬-1.0663965940475464¬10R¬NHS Portsmouth CCG¬02392009191¬¬http://www.portsdowngrouppractice.co.uk¬
14944¬J82156¬GP¬UNKNOWN¬Visible¬True¬True¬Waterfront and Solent Surgery¬Jones Lane¬Hythe Southampton¬¬Southampton¬Hampshire¬SO45 6AW¬50.871047973632813¬-1.4007396697998047¬11A¬NHS West Hampshire CCG¬02380841841¬¬http://www.waterfrontandsolent.co.uk¬
14946¬J82157¬GP¬UNKNOWN¬Visible¬True¬True¬The Wilson Practice¬Alton Health Centre¬Anstey Road¬¬Alton¬Hampshire¬GU34 2QX¬51.153739929199219¬-0.96695953607559204¬10J¬NHS North Hampshire CCG¬0142084676¬nhccg.wilsonpractice@nhs.net¬https://www.wilsonpractice.co.uk¬01420 543430
14948¬J82161¬GP¬UNKNOWN¬Visible¬True¬True¬Westlands Medical Centre¬20B Westlands Grove¬Portchester¬¬Fareham¬Hampshire¬PO16 9AD¬50.844051361083984¬-1.1333045959472656¬10K¬NHS Fareham And Gosport CCG¬02392377514¬¬http://www.westlandsmedicalcentre.nhs.uk¬02392 214236
14949¬J82163¬GP¬UNKNOWN¬Visible¬True¬True¬Oaks Healthcare¬26-30 London Road¬Cowplain¬¬Waterlooville¬Hampshire¬PO8 8DL¬50.894260406494141¬-1.0176839828491211¬10V¬NHS South Eastern Hampshire CCG¬02392263138¬sehccg.oakshealthcare@nhs.net¬http://www.oakshealthcare.gpsurgery.net¬
14950¬J82164¬GP¬UNKNOWN¬Visible¬True¬True¬Liphook And Liss Surgery¬Station Road¬¬¬Liphook¬Hampshire¬GU30 7DR¬51.071182250976562¬-0.80190199613571167¬10V¬NHS South Eastern Hampshire CCG¬01428724768¬¬www.liphookandlisssurgery.co.uk¬01428 724162
14951¬J82164001¬GP¬UNKNOWN¬Visible¬True¬True¬Liphook & Liss Surgery¬Hillbrow Road¬Hill Brow Road¬¬Liss¬Hampshire¬GU33 7LE¬51.041458129882813¬-0.89117729663848877¬10V¬NHS South Eastern Hampshire CCG¬01730892262¬¬www.liphookandlisssurgery.co.uk¬01730 895779
14953¬J82166¬GP¬UNKNOWN¬Visible¬True¬True¬Barton Surgery¬1 Edmunds Close¬¬Barton-on-Sea¬New Milton¬Hampshire¬BH25 7EN¬50.745819091796875¬-1.6614001989364624¬11A¬NHS West Hampshire CCG¬01425620830¬¬http://www.bartonsurgery.nhs.uk/¬01425 629812
14954¬J82166001¬GP¬UNKNOWN¬Visible¬True¬True¬Webb-Peploe House¬45 Church Lane¬¬¬Lymington¬Hampshire¬SO41 3RA¬50.756549835205078¬-1.5433012247085571¬11A¬NHS West Hampshire CCG¬01590675428¬¬http://www.bartonsurgery.nhs.uk/¬01590 675946
14955¬J82633¬GP¬UNKNOWN¬Visible¬True¬True¬Riverside Kelsey Surgery¬75 Station Road¬¬¬Liss¬Hampshire¬GU33 7AD¬51.043643951416016¬-0.89404356479644775¬10V¬NHS South Eastern Hampshire CCG¬01730892412¬sehccg.riversidesurgery@nhs.net¬http://www.theriversidepartnership.co.uk¬01730 894892
14958¬J82169¬GP¬UNKNOWN¬Visible¬True¬True¬Dr Cyril Stephen¬Boyatt Shopping Centre¬Shakespeare Road¬¬Eastleigh¬Hampshire¬SO50 4QP¬50.977867126464844¬-1.36000657081604¬11A¬NHS West Hampshire CCG¬02380612051¬¬http://www.boyattwoodsurgery.nhs.uk/¬023 80620679
14959¬J82622003¬GP¬UNKNOWN¬Visible¬True¬True¬Bitterne Park Surgery¬Bitterne Medical Centre¬Thorold Road Southampton¬¬Southampton¬Hampshire¬SO18 1HZ¬50.923896789550781¬-1.3719300031661987¬10X¬NHS Southampton CCG¬023 8067 6809¬¬https://www.livingwellpartnership.co.uk/¬
14960¬J82174¬GP¬UNKNOWN¬Visible¬True¬True¬Dr A Cole & Partners , Lockswood Surgery ¬Lockswood Surgery¬Centre Way¬Locks Heath¬Southampton¬Hampshire¬SO31 6DX¬50.863578796386719¬-1.2749658823013306¬10K¬NHS Fareham And Gosport CCG¬01489576708¬¬http://www.lockswoodsurgery.co.uk¬01489 576185
14962¬J82177¬GP¬UNKNOWN¬Visible¬True¬True¬John Pounds Surgery¬3 Aylward Street¬¬¬Portsmouth¬Hampshire¬PO1 3DU¬50.799331665039063¬-1.1002460718154907¬10R¬NHS Portsmouth CCG¬02392 812 033¬mail.j82177@nhs.net¬http://www.johnpoundssurgery.nhs.uk¬
14963¬J82178¬GP¬UNKNOWN¬Visible¬True¬True¬Princes Gardens Surgery¬2A High Street¬¬¬Aldershot¬Hampshire¬GU11 1BJ¬51.250408172607422¬-0.76644408702850342¬99M¬NHS North East Hampshire And Farnham CCG¬01252332210¬nehccg.princesgardenssurgery@nhs.net¬http://www.princesgardenssurgery.co.uk¬01252 312490
14964¬J82180¬GP¬UNKNOWN¬Visible¬True¬True¬Townhill Surgery¬Wessex Road¬West End¬¬Southampton¬Hampshire¬SO18 3RA¬50.932888031005859¬-1.3523558378219604¬10X¬NHS Southampton CCG¬02380472232¬soccg.townhillsurgery@nhs.net¬https://www.townhillsurgery.nhs.uk/¬
14965¬J82181¬GP¬UNKNOWN¬Visible¬True¬True¬Mayfield Medical Centre¬Croyde Close¬¬¬Farnborough¬Hampshire¬GU14 8UE¬51.305522918701172¬-0.76654529571533203¬99M¬NHS North East Hampshire And Farnham CCG¬01252541884¬mayfield.reception@nhs.net¬http://www.mayfieldmedicalcentre.nhs.uk/welcome,25086.htm¬01252 511410
14967¬J82183¬GP¬UNKNOWN¬Visible¬True¬True¬Mulberry House Surgery¬7 St Denys Road¬Portswood¬¬Southampton¬¬SO17 2GN¬50.925758361816406¬-1.3905723094940186¬10X¬NHS Southampton CCG¬02380 554161¬¬http://www.mulberrysurgery.nhs.uk/¬
14968¬J82184¬GP¬UNKNOWN¬Visible¬True¬True¬Pinehill Surgery¬Pinehill Road¬¬¬Bordon¬Hampshire¬GU35 0BS¬51.108242034912109¬-0.85886842012405396¬10V¬NHS South Eastern Hampshire CCG¬01420477968¬¬http://www.pinehillsurgery.co.uk/¬01420 489471
14970¬J82622¬GP¬UNKNOWN¬Visible¬True¬True¬Weston Lane Surgery¬Weston Lane¬Weston¬¬Southampton¬Hampshire¬SO19 9GH¬50.888225555419922¬-1.3706892728805542¬10X¬NHS Southampton CCG¬023 8044 9913¬¬https://www.livingwellpartnership.co.uk/¬
14971¬J82622004¬GP¬UNKNOWN¬Visible¬True¬True¬Harefield Surgery¬21 Exford Avenue¬Harefield Southampton¬¬Southampton¬Hampshire¬SO18 5JL¬50.919044494628906¬-1.3448232412338257¬10X¬NHS Southampton CCG¬023 8044 9913¬¬https://www.livingwellpartnership.co.uk/¬
14972¬J82188¬GP¬UNKNOWN¬Visible¬True¬True¬Bursledon Surgery¬The Lowford Centre¬Lowford¬¬Southampton¬Hampshire¬SO31 8ES¬50.890064239501953¬-1.3171076774597168¬11A¬NHS West Hampshire CCG¬02380404671¬whccg.bursledonsurgery@nhs.net¬http://www.bursledonsurgery.co.uk/¬
14975¬J82192¬GP¬UNKNOWN¬Visible¬True¬True¬St Lukes Surgery¬St Lukes Close¬¬¬Southampton¬Hampshire¬SO30 2US¬50.925983428955078¬-1.3026382923126221¬11A¬NHS West Hampshire CCG¬01489783422¬whccg.stlukessurgery@nhs.net¬http://www.stlukesandbotleysurgery.co.uk¬01489 781919 
14976¬J82192001¬GP¬UNKNOWN¬Visible¬True¬True¬Botley Health Centre¬Mortimer Road¬Southampton¬¬Botley¬Hampshire¬SO32 2UG¬50.914360046386719¬-1.2751162052154541¬11A¬NHS West Hampshire CCG¬01489783422¬whccg.stlukessurgery@nhs.net¬http://www.stlukesandbotleysurgery.co.uk¬01489 780699
14977¬J82194¬GP¬UNKNOWN¬Visible¬True¬True¬East Shore Partnership - Baffins Surgery¬St Cuthberts Church¬Hayling Avenue¬Baffins¬Portsmouth¬Hampshire¬PO3 6BH¬50.806346893310547¬-1.0615087747573853¬10R¬NHS Portsmouth CCG¬023 9282 7132¬¬http://www.eastshorepartnership.co.uk¬023 9282 7025
14978¬J82067001¬GP¬UNKNOWN¬Visible¬True¬True¬Voyager Family Health (Previously Southwood Practice)¬Voyager Family Health¬Links Way¬¬Farnborough¬Hampshire¬GU14 0NA¬51.291339874267578¬-0.78772050142288208¬99M¬NHS North East Hampshire And Farnham CCG¬01252 545078¬nehfccg.voyagerfh@nhs.net¬http://www.voyagerfamilyhealth.co.uk¬
14979¬J82196¬GP¬UNKNOWN¬Visible¬True¬True¬Homewell Practice¬Havant Health Centre¬Civic Centre Road¬¬Havant¬Hampshire¬PO9 2AQ¬50.858192443847656¬-0.98140978813171387¬10V¬NHS South Eastern Hampshire CCG¬02392482124¬¬http://www.homewellpractice.co.uk/¬023 92475515
14980¬J82197¬GP¬UNKNOWN¬Visible¬True¬True¬Bentley Village Surgery¬Hole Lane¬Bentley¬¬Farnham¬Surrey¬GU10 5LP¬51.189933776855469¬-0.87990546226501465¬10J¬NHS North Hampshire CCG¬0142022106¬nhccg.bentleyvillagesurgery@nhs.net¬http://www.bentleysurgery.org.uk/¬01420 520024
14982¬J82198¬GP¬UNKNOWN¬Visible¬True¬True¬The Wellington Practice¬Aldershot Centre For Health¬Hospital Hill¬¬Aldershot¬Hampshire¬GU11 1AY¬51.254364013671875¬-0.76563602685928345¬99M¬NHS North East Hampshire And Farnham CCG¬01252335460¬¬¬01252 335461
14983¬J82199¬GP¬UNKNOWN¬Visible¬True¬True¬ Dr Alalade and Dr Klemenz¬The Nuffield Centre¬St Michael's Road¬¬Portsmouth¬Hampshire¬PO1 2BH¬50.795360565185547¬-1.0961223840713501¬10R¬NHS Portsmouth CCG¬02392736006¬pccg.universitysurgery@nhs.net¬http://www.universitysurgery.com¬023 92778939
14984¬J82201¬GP¬UNKNOWN¬Visible¬True¬True¬The Grange Surgery¬The Causeway¬¬¬Petersfield¬Hampshire¬GU31 4JR¬51.001430511474609¬-0.9391053318977356¬10V¬NHS South Eastern Hampshire CCG¬01730 267722¬sehccg.thegrangesurgery@nhs.net¬http://www.thegrangesurgery.org.uk/¬01730 233526
14986¬J82049002¬GP¬UNKNOWN¬Visible¬True¬True¬Oakley Health Group - Monteagle Surgery¬Tesimond Drive¬¬¬Yateley¬Hampshire¬GU46 6FE¬51.338375091552734¬-0.84798192977905273¬99M¬NHS North East Hampshire And Farnham CCG¬01252872333¬¬http://www.oakleyhealth.org¬
14987¬J82207¬GP¬UNKNOWN¬Visible¬True¬True¬Hill Lane Surgery¬162 Hill Lane¬Shirley Southampton¬¬Southampton¬Hampshire¬SO15 5DD¬50.915805816650391¬-1.4156960248947144¬10X¬NHS Southampton CCG¬02380223086¬¬http://www.hilllanesurgery.co.uk¬023 80235487
14988¬J82208¬GP¬UNKNOWN¬Visible¬True¬True¬St.Peters Surgery¬49-55 Portsmouth Road¬Woolston Southampton¬¬Southampton¬Hampshire¬SO19 9RL¬50.897830963134766¬-1.3727781772613525¬10X¬NHS Southampton CCG¬02380438397¬soccg.stpeterssurgery@nhs.net¬https://www.stpeterssurgery.nhs.uk¬023 80434511
14989¬J82210¬GP¬UNKNOWN¬Visible¬True¬True¬The Elms Practice¬Hayling Island Health Centre¬Elm Grove¬Mengham¬Hayling Island¬Hampshire¬PO11 9AP¬50.789794921875¬-0.97646170854568481¬10V¬NHS South Eastern Hampshire CCG¬02392466216¬¬https://www.elmspracticehayling.nhs.uk¬023 92637013
14991¬J82213¬GP¬UNKNOWN¬Visible¬True¬True¬Brook House Surgery¬98 Oakley Road¬Shirley Southampton¬¬Southampton¬Hampshire¬SO16 4NZ¬50.921798706054688¬-1.4458675384521484¬10X¬NHS Southampton CCG¬02380774853¬¬http://www.brookhousesurgery.nhs.uk/¬023 80322357
14992¬J82214¬GP¬UNKNOWN¬Visible¬True¬True¬Two Rivers Medical Partnership - Whitchurch Surgery¬Bell Street¬¬¬Whitchurch¬Hampshire¬RG28 7AE¬51.229976654052734¬-1.3402000665664673¬11A¬NHS West Hampshire CCG¬01256212311¬whccg.tworiversmedicalpartnership@nhs.net¬http://tworiversmedicalpartnership.co.uk¬01256 895610
14993¬J82215¬GP¬UNKNOWN¬Visible¬True¬True¬The Lee-On-The-Solent Medical Practice¬Solent View Medical Practice¬The Health Centre¬Manor Way¬Lee On The Solent¬Hampshire¬PO13 9JG¬50.802734375¬-1.2018308639526367¬10K¬NHS Fareham And Gosport CCG¬02392550220¬fgccg.leeonthesolenthealthcentre@nhs.net¬https://www.solentviewmedicalpractice.co.uk¬
14994¬J82216¬GP¬UNKNOWN¬Visible¬True¬True¬Brook Lane Surgery¬233A Brook Lane¬Sarisbury Green Southampton¬¬Southampton¬Hampshire¬SO31 7DQ¬50.871528625488281¬-1.2736061811447144¬10K¬NHS Fareham And Gosport CCG¬01489575191¬fgccg.brooklanesurgery@nhs.net¬http://www.brooklanesurgery.co.uk/¬
14995¬J82218¬GP¬UNKNOWN¬Visible¬True¬True¬Chineham Medical Practice¬Reading Road¬Chineham Basingstoke¬¬Basingstoke¬Hampshire¬RG24 8ND¬51.288810729980469¬-1.0583068132400513¬10J¬NHS North Hampshire CCG¬01256479244¬¬http://www.chinehamsurgery.co.uk/¬
14997¬J82220¬GP¬UNKNOWN¬Visible¬True¬True¬Beggarwood Surgery¬¬Broadmere Road¬Beggarwood¬Basingstoke¬Hampshire¬RG22 4AQ¬51.22955322265625¬-1.1417816877365112¬10J¬NHS North Hampshire CCG¬01256 396500¬¬http://www.beggarwoodsurgery.co.uk/index.aspx¬01256 399733
14998¬J82605¬GP¬UNKNOWN¬Visible¬False¬True¬Walnut Tree Surgery¬14 Carlton Road¬¬¬Southampton¬Hampshire¬SO15 2HQ¬50.915184020996094¬-1.4065428972244263¬10X¬NHS Southampton CCG¬02380333326¬janice.freemantle@nhs.net¬http://www.walnuttreesurgery.nhs.uk¬023 80333008
15004¬J82622001¬GP¬UNKNOWN¬Visible¬True¬True¬Midanbury Surgery¬1 Woodmill Lane¬¬¬Southampton¬Hampshire¬SO18 2PA¬50.927997589111328¬-1.3653578758239746¬10X¬NHS Southampton CCG¬023 8046 2492¬¬https://www.livingwellpartnership.co.uk/¬
15005¬J82622002¬GP¬UNKNOWN¬Visible¬True¬True¬Ladies Walk Practice¬Ladies Walk House¬90 Thornhill Park Road¬¬Southampton¬Hampshire¬SO18 5TS¬50.914695739746094¬-1.3325939178466797¬10X¬NHS Southampton CCG¬023 8046 2492¬¬https://www.livingwellpartnership.co.uk/¬
15006¬J82625¬GP¬UNKNOWN¬Visible¬True¬True¬Dr Philip West¬17 Winchester Road¬Four Marks¬¬Alton¬Hampshire¬GU34 5HG¬51.113109588623047¬-1.0424383878707886¬10J¬NHS North Hampshire CCG¬01420562153¬nhccg.boundariessurgery@nhs.net¬http://www.boundaries-surgery.com/¬01420 564172
15007¬J82628¬GP¬UNKNOWN¬Visible¬True¬True¬Crondall New Surgery¬Redlands Lane¬Crondall Farnham¬¬Farnham¬Surrey¬GU10 5RF¬51.237213134765625¬-0.85838842391967773¬99M¬NHS North East Hampshire And Farnham CCG¬01252850292¬nehccg.crondallnewsurgery@nhs.net¬http://www.crondallnewsurgery.co.uk¬
15009¬J82630¬GP¬UNKNOWN¬Visible¬True¬True¬North Camp Surgery¬2 Queens Road¬¬¬Farnborough¬Hampshire¬GU14 6DH¬51.276878356933594¬-0.74904716014862061¬99M¬NHS North East Hampshire And Farnham CCG¬01252517734¬¬¬01252 551079
15013¬J82639¬GP¬UNKNOWN¬Visible¬True¬True¬Watership Down Health¬Watership Down Health - Kingsclere¬North Street¬Kingsclere¬Newbury¬Berkshire¬RG20 5QX¬51.326267242431641¬-1.2465846538543701¬10J¬NHS North Hampshire CCG¬01635 296000¬¬http://www.watershipdownhealth.com¬
15014¬J82640¬GP¬UNKNOWN¬Visible¬True¬True¬Horndean Surgery¬Horndean Surgery¬7-11 London Road¬Horndean¬Waterlooville¬Hampshire¬PO8 0BN¬50.915008544921875¬-0.9969336986541748¬10V¬NHS South Eastern Hampshire CCG¬02392 592138¬¬http://www.horndeansurgery.co.uk¬
15015¬J82646¬GP¬UNKNOWN¬Visible¬True¬True¬Park Lane Medical Centre¬Park Lane Medical Centre¬82 Park Lane¬Bedhampton¬Havant¬Hampshire¬PO9 3HN¬50.862888336181641¬-0.99908953905105591¬10V¬NHS South Eastern Hampshire CCG¬02392474777¬sehccg.parklanemedicalcentre@nhs.net¬https://www.parklanemedicalcentre.com/¬
15022¬J82663¬GP¬UNKNOWN¬Visible¬True¬True¬Dr Nicholas James Lowe¬31 University Road¬Highfield¬¬Southampton¬Hampshire¬SO17 1TL¬50.932781219482422¬-1.3957316875457764¬10X¬NHS Southampton CCG¬02380558577¬soccg.highfieldhealth@nhs.net¬http://www.highfieldhealth.co.uk¬023 80557036
15023¬J82669¬GP¬UNKNOWN¬Visible¬True¬True¬Rowner Health Centre¬143 Rowner Lane¬Rowner Gosport¬¬Gosport¬Hampshire¬PO13 9SP¬50.812839508056641¬-1.1743494272232056¬10K¬NHS Fareham And Gosport CCG¬02392513143¬¬http://www.rownerhealthcentre.co.uk¬023 92513146
15025¬J83001¬GP¬UNKNOWN¬Visible¬True¬True¬Merchiston Surgery¬Highworth Road¬Stratton St Margaret¬¬Swindon¬Wiltshire¬SN3 4BF¬51.587177276611328¬-1.7483146190643311¬92G¬NHS Bath And North East Somerset, Swindon And Wiltshire CCG¬01793 823307¬¬¬01793 820923
15026¬J83002¬GP¬UNKNOWN¬Visible¬True¬True¬Westrop Medical Practice¬Highworth¬¬¬Swindon¬Wiltshire¬SN6 7DN¬51.633285522460937¬-1.714221715927124¬92G¬NHS Bath And North East Somerset, Swindon And Wiltshire CCG¬01793762218¬¬http://www.weststropsurgery.co.uk¬01793 766073
15027¬J83002001¬GP¬UNKNOWN¬Visible¬True¬True¬Blunsdon Surgery¬36 Berton Close¬Blunsdon¬¬Swindon¬Wiltshire¬SN26 7BE¬51.614669799804687¬-1.7831279039382935¬92G¬NHS Bath And North East Somerset, Swindon And Wiltshire CCG¬01793721254¬¬http://www.weststropsurgery.co.uk¬01793 766073
15028¬J83003¬GP¬UNKNOWN¬Visible¬True¬True¬Harcourt Medical Centre¬Crane Bridge Road¬¬¬Salisbury¬Wiltshire¬SP2 7TD¬51.067493438720703¬-1.8007482290267944¬92G¬NHS Bath And North East Somerset, Swindon And Wiltshire CCG¬01722333214¬¬www.harcourtmedical.co.uk¬01722 421643
15029¬J83004¬GP¬UNKNOWN¬Visible¬True¬True¬Whiteparish Surgery¬Common Road¬Whiteparish¬¬Salisbury¬Wiltshire¬SP5 2SU¬51.009311676025391¬-1.6507209539413452¬92G¬NHS Bath And North East Somerset, Swindon And Wiltshire CCG¬01794884269¬¬http://www.whiteparishsurgery.co.uk/¬01794 885271
15030¬J83005¬GP¬UNKNOWN¬Visible¬True¬True¬Barcroft Medical Centre¬The Centre¬Amesbury Salisbury¬¬Salisbury¬Wiltshire¬SP4 7DL¬51.172943115234375¬-1.7805122137069702¬92G¬NHS Bath And North East Somerset, Swindon And Wiltshire CCG¬01980623983¬¬http://www.barcroftmedical.co.uk¬01980 625530
15031¬J83006001¬GP¬UNKNOWN¬Visible¬True¬True¬Green Gable Surgery¬38A High Street¬Swindon¬¬Cricklade¬Wiltshire¬SN6 6AY¬51.641448974609375¬-1.8564834594726563¬92G¬NHS Bath And North East Somerset, Swindon And Wiltshire CCG¬01793752633¬¬¬01793 772662
15032¬J83006¬GP¬UNKNOWN¬Visible¬True¬True¬Purton Medical Practice¬High Street¬Purton¬¬Swindon¬Wiltshire¬SN5 4BD¬51.585487365722656¬-1.8780206441879272¬92G¬NHS Bath And North East Somerset, Swindon And Wiltshire CCG¬01793770207¬¬http://www.purtonsurgery.co.uk/¬01793 772662
15034¬J83007¬GP¬UNKNOWN¬Visible¬True¬True¬Hathaway Medical Partnership¬Middlefield Road¬¬¬Chippenham¬Wiltshire¬SN14 6GT¬51.467563629150391¬-2.1395058631896973¬92G¬NHS Bath And North East Somerset, Swindon And Wiltshire CCG¬01249462775¬hathaway.mc@nhs.net¬http://www.hathawaysurgery.co.uk¬01249 443948
15035¬J83008¬GP¬UNKNOWN¬Visible¬True¬True¬Lovemead Group Practice¬Polebarn Circus¬¬¬Trowbridge¬Wiltshire¬BA14 7EH¬51.318576812744141¬-2.2025911808013916¬92G¬NHS Bath And North East Somerset, Swindon And Wiltshire CCG¬01225759850¬lovemead@nhs.net¬http://www.roundstonesurgery.co.uk¬0871 221 4843
15036¬J83009¬GP¬UNKNOWN¬Visible¬True¬True¬Ridgeway View Family Practice¬Wroughton Health Centre¬Barrett Way¬Wroughton¬Swindon¬Wiltshire¬SN4 9LW¬51.524177551269531¬-1.7915571928024292¬92G¬NHS Bath And North East Somerset, Swindon And Wiltshire CCG¬01793812221¬¬http://www.ridgewayviewfamilypractice.co.uk/¬01793 845526
15037¬J83009001¬GP¬UNKNOWN¬Visible¬True¬True¬Station House Surgery¬Station Road¬Chiseldon Swindon¬¬Swindon¬Wiltshire¬SN4 0PW¬51.515674591064453¬-1.727408766746521¬92G¬NHS Bath And North East Somerset, Swindon And Wiltshire CCG¬01793740276¬¬¬01793 741355
15038¬J83010¬GP¬UNKNOWN¬Visible¬True¬True¬The Porch Surgery¬Beechfield Road¬¬¬Corsham¬Wiltshire¬SN13 9DL¬51.432357788085937¬-2.1920039653778076¬92G¬NHS Bath And North East Somerset, Swindon And Wiltshire CCG¬01249 712 232¬¬http://www.porchsurgery.nhs.uk¬01249 701 389
15039¬J83011¬GP¬UNKNOWN¬Visible¬True¬True¬Giffords Partnership¬Spa Road¬¬¬Melksham¬Wiltshire¬SN12 7EA¬51.367786407470703¬-2.1302347183227539¬92G¬NHS Bath And North East Somerset, Swindon And Wiltshire CCG¬01225896630¬giffords.management@nhs.net¬http://www.giffordssurgery.co.uk/¬01225 896679
15040¬J83013¬GP¬UNKNOWN¬Visible¬True¬True¬Box Surgery¬London Road¬Box¬¬Corsham¬Wiltshire¬SN13 8NA¬51.417644500732422¬-2.2501392364501953¬92G¬NHS Bath And North East Somerset, Swindon And Wiltshire CCG¬01225742361¬¬https://www.boxsurgery.nhs.uk¬01225 742646
15041¬J83013001¬GP¬UNKNOWN¬Visible¬True¬True¬Firs Surgery¬3 Cleaves Avenue¬Colerne¬¬Chippenham¬Wiltshire¬SN14 8BX¬51.438037872314453¬-2.2675290107727051¬92G¬NHS Bath And North East Somerset, Swindon And Wiltshire CCG¬01225743600¬¬¬01225 742646
15042¬J83014002¬GP¬UNKNOWN¬Visible¬True¬True¬The Castle Practice¬Drummer Lane¬¬¬Tidworth¬Hampshire¬SP9 7FH¬51.234897613525391¬-1.6603609323501587¬92G¬NHS Bath And North East Somerset, Swindon And Wiltshire CCG¬01980842261¬¬http://www.thecastlepractice.co.uk/¬01980 846824
15043¬J83014¬GP¬UNKNOWN¬Visible¬True¬True¬The Castle Practice¬Central Street¬Ludgershall¬¬Andover¬Hampshire¬SP11 9RA¬51.256031036376953¬-1.6175167560577393¬92G¬NHS Bath And North East Somerset, Swindon And Wiltshire CCG¬01264790356¬¬www.thecastlepractice.co.uk¬01264 791895
15044¬J83016¬GP¬UNKNOWN¬Visible¬True¬True¬Trowbridge Health Centre¬Hammersmith Fields¬¬¬Trowbridge¬Wiltshire¬BA14 8LW¬51.325374603271484¬-2.2082037925720215¬92G¬NHS Bath And North East Somerset, Swindon And Wiltshire CCG¬01225435757¬¬http://www.trowbridgehealthcentre.co.uk/¬
15045¬J83037002¬GP¬UNKNOWN¬Visible¬True¬True¬Kennet & Avon Medical Partnership - Pewsey Surgery¬High Street¬¬¬Pewsey¬Wiltshire¬SN9 5AQ¬51.339382171630859¬-1.7628204822540283¬92G¬NHS Bath And North East Somerset, Swindon And Wiltshire CCG¬01672569990¬kamp.practice@nhs.net¬http://www.kamp.nhs.uk¬01672 569998
15046¬J83018¬GP¬UNKNOWN¬Visible¬True¬True¬Avenue Surgery Partnership¬14 The Avenue¬¬¬Warminster¬Wiltshire¬BA12 9AA¬51.206325531005859¬-2.1785218715667725¬92G¬NHS Bath And North East Somerset, Swindon And Wiltshire CCG¬01985224600¬¬https://www.avenuesurgery.co.uk/¬
15047¬J83019001¬GP¬UNKNOWN¬Visible¬True¬True¬Cherry Orchard Surgery¬Codford St Mary¬¬¬Warminster¬Wiltshire¬BA12 0PN¬51.158096313476563¬-2.0459513664245605¬92G¬NHS Bath And North East Somerset, Swindon And Wiltshire CCG¬01985850298¬¬¬01985 850084
15048¬J83019¬GP¬UNKNOWN¬Visible¬True¬True¬The Orchard Partnership¬South Street¬Wilton¬¬Salisbury¬Wiltshire¬SP2 0JU¬51.077880859375¬-1.8658533096313477¬92G¬NHS Bath And North East Somerset, Swindon And Wiltshire CCG¬01722744775¬¬¬01722 746616
15049¬J83026004¬GP¬UNKNOWN¬Visible¬True¬True¬Porton & Old Sarum Surgery (Three Chequers Medical Practice)¬32 Winterslow Road¬Porton¬¬Salisbury¬Wiltshire¬SP4 0LR¬51.129070281982422¬-1.7333612442016602¬92G¬NHS Bath And North East Somerset, Swindon And Wiltshire CCG¬01722 336441¬¬http://www.3chequers.co.uk¬
15050¬J83026002¬GP¬UNKNOWN¬Visible¬True¬True¬St Ann Street Surgery (Three Chequers Medical Practice)¬82 St Ann Street¬¬¬Salisbury¬Wiltshire¬SP1 2PT¬51.066337585449219¬-1.7891221046447754¬92G¬NHS Bath And North East Somerset, Swindon And Wiltshire CCG¬01722 336441¬¬http://www.3chequers.co.uk¬
15051¬J83021¬GP¬UNKNOWN¬Visible¬True¬True¬Salisbury Medical Practice¬Salisbury Medical Practice¬Fisherton House¬Fountain Way¬Salisbury¬Wiltshire¬SP2 7FD¬51.072566986083984¬-1.8090571165084839¬92G¬NHS Bath And North East Somerset, Swindon And Wiltshire CCG¬01722333034¬wccg.smp@nhs.net¬http://www.salisburymedicalpractice.co.uk¬
15052¬J83022¬GP¬UNKNOWN¬Visible¬True¬True¬Old Town Surgery¬Curie Avenue¬Okus¬¬Swindon¬Wiltshire¬SN1 4GB¬51.550434112548828¬-1.7963409423828125¬92G¬NHS Bath And North East Somerset, Swindon And Wiltshire CCG¬01793616057¬ots@nhs.net¬http://www.oldtownsurgery.com/¬01793 521234
15053¬J83023¬GP¬UNKNOWN¬Visible¬True¬True¬Avon Valley Practice¬Fairfield¬Upavon¬¬Pewsey¬Wiltshire¬SN9 6DZ¬51.294109344482422¬-1.8120896816253662¬92G¬NHS Bath And North East Somerset, Swindon And Wiltshire CCG¬01980630221¬¬http://www.avonvalleypractice.com¬01980 630393
15054¬J83023001¬GP¬UNKNOWN¬Visible¬True¬True¬Durrington Surgery¬77 Bulford Road¬Durrington¬¬Salisbury¬Wiltshire¬SP4 8EU¬51.198154449462891¬-1.7713475227355957¬92G¬NHS Bath And North East Somerset, Swindon And Wiltshire CCG¬01980652378¬¬http://www.avonvalleypractice.com¬01980 630393
15055¬J83024¬GP¬UNKNOWN¬Visible¬True¬True¬Priory Road Medical Centre¬Park South¬¬¬Swindon¬Wiltshire¬SN3 2EZ¬51.552764892578125¬-1.7477976083755493¬92G¬NHS Bath And North East Somerset, Swindon And Wiltshire CCG¬01793 688744¬¬http://www.prioryroadmedicalcentre.org.uk¬
15056¬J83025¬GP¬UNKNOWN¬Visible¬True¬True¬Great Western Surgery¬Farriers Close¬¬¬Swindon¬Wiltshire¬SN1 2QU¬51.569583892822266¬-1.767961859703064¬92G¬NHS Bath And North East Somerset, Swindon And Wiltshire CCG¬01793421311¬¬https://www.greatwestern-surgery.co.uk¬01793 431412
15057¬J83026001¬GP¬UNKNOWN¬Visible¬True¬True¬Winterslow Surgery (Three Chequers Medical Practice)¬Middleton Road¬Winterslow¬¬Salisbury¬Wiltshire¬SP5 1PQ¬51.093276977539063¬-1.654155969619751¬92G¬NHS Bath And North East Somerset, Swindon And Wiltshire CCG¬01722336441¬¬http://www.3chequers.co.uk¬
15058¬J83026¬GP¬UNKNOWN¬Visible¬True¬True¬Endless Street Surgery (Three Chequers Medical Practice)¬72 Endless Street¬Salisbury¬Wiltshire¬Salisbury¬Wiltshire¬SP1 3UH¬51.072048187255859¬-1.7946912050247192¬92G¬NHS Bath And North East Somerset, Swindon And Wiltshire CCG¬01722336441¬¬http://www.3chequers.co.uk¬
15059¬J83027¬GP¬UNKNOWN¬Visible¬True¬True¬Hawthorn Medical Centre¬May Close¬Cricklade Road¬¬Swindon¬Wiltshire¬SN2 1UU¬51.576610565185547¬-1.7788932323455811¬92G¬NHS Bath And North East Somerset, Swindon And Wiltshire CCG¬01793536541¬¬¬
15061¬J83029¬GP¬UNKNOWN¬Visible¬True¬True¬Tinkers Lane Surgery¬Royal Wootton Bassett¬¬¬Swindon¬Wiltshire¬SN4 7AT¬51.5435791015625¬-1.9005986452102661¬92G¬NHS Bath And North East Somerset, Swindon And Wiltshire CCG¬01793852131¬¬http://www.tinkerslanesurgery.co.uk/¬
15062¬J83030001¬GP¬UNKNOWN¬Visible¬True¬True¬Winsley / Tyning Road Branch Surgery¬73A Tyning Road¬Winsley¬¬Bradford-On-Avon¬Wiltshire¬BA15 2JW¬51.350372314453125¬-2.2849955558776855¬92G¬NHS Bath And North East Somerset, Swindon And Wiltshire CCG¬01225860003¬¬http://www.boamhp.co.uk/¬01225 869327
15063¬J83030¬GP¬UNKNOWN¬Visible¬True¬True¬Bradford On Avon & Melksham Health Partnership¬Station Approach¬¬¬Bradford On Avon¬Wiltshire¬BA15 1DQ¬51.345218658447266¬-2.2531182765960693¬92G¬NHS Bath And North East Somerset, Swindon And Wiltshire CCG¬01225866611¬¬http://www.boamhp.co.uk/¬01225 868493
15064¬J83030003¬GP¬UNKNOWN¬Visible¬True¬True¬St Margaret's Surgery¬29 Bridge Street¬¬¬Bradford-On-Avon¬Wiltshire¬BA15 1BY¬51.3463134765625¬-2.2503387928009033¬92G¬NHS Bath And North East Somerset, Swindon And Wiltshire CCG¬01225866611¬¬http://www.boamhp.co.uk/¬
15065¬J83030002¬GP¬UNKNOWN¬Visible¬True¬True¬St. Damian's Surgery¬Spa Road¬¬¬Melksham¬Wiltshire¬SN12 7NZ¬51.367134094238281¬-2.1315293312072754¬92G¬NHS Bath And North East Somerset, Swindon And Wiltshire CCG¬01225898490¬¬http://www.boamhp.co.uk/¬01225 898499
15066¬J83031¬GP¬UNKNOWN¬Visible¬True¬True¬Moredon Medical Centre¬Moredon Road¬¬¬Swindon¬Wiltshire¬SN2 2JG¬51.582199096679688¬-1.8070665597915649¬92G¬NHS Bath And North East Somerset, Swindon And Wiltshire CCG¬01793342000¬¬www.moredonmedicalcentre.nhs.uk¬01793 342011
15067¬J83026003¬GP¬UNKNOWN¬Visible¬True¬True¬Three Swans Surgery (Three Chequers Medical Practice)¬Rollestone Street¬¬¬Salisbury¬Wiltshire¬SP1 1DX¬51.070087432861328¬-1.7932441234588623¬92G¬NHS Bath And North East Somerset, Swindon And Wiltshire CCG¬01722 336441¬¬http://www.3chequers.co.uk¬
15068¬J83033¬GP¬UNKNOWN¬Visible¬True¬True¬The Whalebridge Practice¬Swindon Health Centre¬1 Islington Street¬¬Swindon¬Wiltshire¬SN1 2DQ¬51.562301635742188¬-1.7815879583358765¬92G¬NHS Bath And North East Somerset, Swindon And Wiltshire CCG¬01793692933¬manager@whalebridge.nhs.uk¬https://www.whalebridge.nhs.uk/¬01793 524621
15069¬J83034¬GP¬UNKNOWN¬Visible¬True¬True¬Lansdowne Surgery¬Waiblingen Way¬¬¬Devizes¬Wiltshire¬SN10 2BU¬51.356212615966797¬-2.0017318725585937¬92G¬NHS Bath And North East Somerset, Swindon And Wiltshire CCG¬01380722278¬¬¬01380 738135
15070¬J83035001¬GP¬UNKNOWN¬Visible¬True¬True¬Penhill Surgery¬257 Penhill Drive¬¬¬Swindon¬Wiltshire¬SN2 5HN¬51.595603942871094¬-1.7807211875915527¬92G¬NHS Bath And North East Somerset, Swindon And Wiltshire CCG¬01793723130¬¬http://www.abbeymeadsdoctors.co.uk/¬01793 723163
15071¬J83035¬GP¬UNKNOWN¬Visible¬True¬True¬Abbey Meads Medical Pract¬Abbey Meads Village Centre¬Elstree Way¬¬Swindon¬Wiltshire¬SN25 4YZ¬51.597827911376953¬-1.792779803276062¬92G¬NHS Bath And North East Somerset, Swindon And Wiltshire CCG¬01793706030¬¬http://www.abbeymeadsdoctors.co.uk/¬01793 707630
15072¬J83035002¬GP¬UNKNOWN¬Visible¬True¬True¬Crossroads Surgery¬478 Cricklade Road¬¬¬Swindon¬Wiltshire¬SN2 7BG¬51.584274291992188¬-1.7749592065811157¬92G¬NHS Bath And North East Somerset, Swindon And Wiltshire CCG¬01793725113¬¬http://www.abbeymeadsdoctors.co.uk/¬01793 701205
15073¬J83036¬GP¬UNKNOWN¬Visible¬True¬True¬Ashington House Surgery¬Ashington Way¬Westlea¬¬Swindon¬Wiltshire¬SN5 7XY¬51.557476043701172¬-1.8266005516052246¬92G¬NHS Bath And North East Somerset, Swindon And Wiltshire CCG¬01793614840¬prescriptions.ashington@nhs.net¬http://www.ashingtonhousesurgery.com¬01793 491191
15074¬J83037¬GP¬UNKNOWN¬Visible¬True¬True¬Kennet & Avon Medical Partnership - Marlborough Surgery¬The Surgery¬George Lane¬¬Marlborough¬Wiltshire¬SN8 4BY¬51.418003082275391¬-1.7291543483734131¬92G¬NHS Bath And North East Somerset, Swindon And Wiltshire CCG¬01672 512187¬¬https://www.kamp.nhs.uk/¬01672 516809
15075¬J83038¬GP¬UNKNOWN¬Visible¬True¬True¬Kingswood Surgery¬Kingswood Avenue¬Park North¬¬Swindon¬Wiltshire¬SN3 2RJ¬51.556259155273438¬-1.7543268203735352¬92G¬NHS Bath And North East Somerset, Swindon And Wiltshire CCG¬01793534699¬¬http://www.kingswoodsurgery.co.uk¬01793 422626
15076¬J83039¬GP¬UNKNOWN¬Visible¬True¬True¬Northlands Surgery¬30-32 North Street¬¬¬Calne¬Wiltshire¬SN11 0HH¬51.442264556884766¬-2.005305290222168¬92G¬NHS Bath And North East Somerset, Swindon And Wiltshire CCG¬01249812141¬¬http://www.northlands-surgery.co.uk¬
15077¬J83040001¬GP¬UNKNOWN¬Visible¬True¬True¬Bratton Surgery¬¬5 The Tynings¬¬Bratton¬Wiltshire¬BA13 4RR¬51.27069091796875¬-2.1225378513336182¬92G¬NHS Bath And North East Somerset, Swindon And Wiltshire CCG¬01380831911¬wccg.wgppatientvoice@nhs.net¬http://www.westburygp.co.uk/¬01380 831915
15080¬J83040¬GP¬UNKNOWN¬Visible¬True¬True¬White Horse Health Centre¬White Horse Health Centre¬Mane Way¬¬Westbury¬Wiltshire¬BA13 3FQ¬51.252799987792969¬-2.2035481929779053¬92G¬NHS Bath And North East Somerset, Swindon And Wiltshire CCG¬01373828330¬wccg.wgppatientvoice@nhs.net¬https://www.westburygp.co.uk/¬01373828331
15081¬J83041¬GP¬UNKNOWN¬Visible¬True¬True¬Malmesbury Medical Partnership¬Malmesbury Primary Care Centre¬Priory Way¬¬Malmesbury¬Wiltshire¬SN16 0FB¬51.577239990234375¬-2.0946166515350342¬92G¬NHS Bath And North East Somerset, Swindon And Wiltshire CCG¬01666825825¬info.ghs@nhs.net¬http://www.malmesburypcc.nhs.uk/¬01666 827515
15082¬J83042¬GP¬UNKNOWN¬Visible¬True¬True¬Rowden Medical Partnership¬Rowden Hill¬¬¬Chippenham¬Wiltshire¬SN15 2SB¬51.453857421875¬-2.125086784362793¬92G¬NHS Bath And North East Somerset, Swindon And Wiltshire CCG¬01249444343¬rowden.surgery@nhs.net¬http://www.rowdensurgery.co.uk¬
15083¬J83043¬GP¬UNKNOWN¬Visible¬True¬True¬Downton Surgery¬Moot Lane¬Downton¬¬Salisbury¬Wiltshire¬SP5 3JP¬50.990684509277344¬-1.7426601648330688¬92G¬NHS Bath And North East Somerset, Swindon And Wiltshire CCG¬01725510296¬¬¬01725 513119
15084¬J83016002¬GP¬UNKNOWN¬Visible¬True¬True¬Trowbridge Health Centre at Wingfield Road¬72 Wingfield Road¬¬¬Trowbridge¬Wiltshire¬BA14 9EN¬51.317600250244141¬-2.2208817005157471¬92G¬NHS Bath And North East Somerset, Swindon And Wiltshire CCG¬01225435757¬¬¬01225 775331
15085¬J83045¬GP¬UNKNOWN¬Visible¬True¬True¬Ramsbury & Wanborough Surgery¬Whittonditch Road¬Ramsbury¬¬Marlborough¬Wiltshire¬SN8 2QT¬51.446262359619141¬-1.5939006805419922¬92G¬NHS Bath And North East Somerset, Swindon And Wiltshire CCG¬01672520366¬ramsburyreception@nhs.net¬http://www.ramsburyandwanboroughsurgery.com¬
15086¬J83045001¬GP¬UNKNOWN¬Visible¬True¬True¬Wanborough Surgery¬3-5 Ham Road¬Wanborough¬¬Swindon¬Wiltshire¬SN4 0DF¬51.54168701171875¬-1.6979967355728149¬92G¬NHS Bath And North East Somerset, Swindon And Wiltshire CCG¬01793790527¬¬http://www.ramsburyandwanboroughsurgery.com¬01793 791196
15087¬J83046¬GP¬UNKNOWN¬Visible¬True¬True¬Dr R J Matthews And Partners¬Snowberry Lane¬¬¬Melksham¬Wiltshire¬SN12 6UN¬51.366870880126953¬-2.1259982585906982¬92G¬NHS Bath And North East Somerset, Swindon And Wiltshire CCG¬01225703236¬¬http://www.spamedicalcentre.co.uk/¬01225 706075
15088¬J83047¬GP¬UNKNOWN¬Visible¬True¬True¬Eldene Surgery¬Colingsmead¬Eldene¬¬Swindon¬Wiltshire¬SN3 3TQ¬51.555335998535156¬-1.7372848987579346¬92G¬NHS Bath And North East Somerset, Swindon And Wiltshire CCG¬01793 522710¬swiccg.admin.eldenesurgery@nhs.net¬http://www.eldenesurgery.com¬
15089¬J83048¬GP¬UNKNOWN¬Visible¬True¬True¬St Melor House Surgery¬St Melor House¬Edwards Road¬¬Salisbury¬Wiltshire¬SP4 7LT¬51.171463012695313¬-1.7780104875564575¬92G¬NHS Bath And North East Somerset, Swindon And Wiltshire CCG¬01980622474¬¬http://www.stmelorhousesurgery.co.uk¬
15090¬J83049¬GP¬UNKNOWN¬Visible¬True¬True¬The Southbroom Surgery¬15 Estcourt Street, The Green¬¬¬Devizes¬Wiltshire¬SN10 1LQ¬51.352291107177734¬-1.9890232086181641¬92G¬NHS Bath And North East Somerset, Swindon And Wiltshire CCG¬01380719959¬southbroomsurgery@nhs.net¬http://www.southbroomsurgery.co.uk/¬01380 728721
15091¬J83050¬GP¬UNKNOWN¬Visible¬True¬True¬Patford House Surgery Partnership¬8A Patford Street¬¬¬Calne¬Wiltshire¬SN11 0EF¬51.437602996826172¬-2.0055046081542969¬92G¬NHS Bath And North East Somerset, Swindon And Wiltshire CCG¬01249815407¬wccg.patfordhouse-surgery@nhs.net¬http://www.patfordhousepartnership.co.uk¬01249 823929
15092¬J83052¬GP¬UNKNOWN¬Visible¬True¬True¬Millstream Medical Centre¬Avon Approach¬¬¬Salisbury¬Wiltshire¬SP1 3SL¬51.071685791015625¬-1.7975330352783203¬92G¬NHS Bath And North East Somerset, Swindon And Wiltshire CCG¬01722322726¬¬http://www.millstreamsurgerysalisbury.nhs.uk¬01722 410315
15093¬J83053¬GP¬UNKNOWN¬Visible¬True¬True¬St James Surgery¬Gains Lane¬¬¬Devizes¬Wiltshire¬SN10 1QU¬51.3533935546875¬-1.9901776313781738¬92G¬NHS Bath And North East Somerset, Swindon And Wiltshire CCG¬01380711879¬¬http://www.stjamessurgerydevizes.co.uk¬01380736581
15094¬J83002002¬GP¬UNKNOWN¬Visible¬True¬True¬The Hermitage Surgery¬Dammas Lane¬Old Town¬¬Swindon¬Wiltshire¬SN1 3EF¬51.551998138427734¬-1.7724068164825439¬92G¬NHS Bath And North East Somerset, Swindon And Wiltshire CCG¬01793522492¬enquirieshermitage@nhs.net¬https://hermitage.gpsurgery.net/¬01793 512520
15095¬J83055¬GP¬UNKNOWN¬Visible¬True¬True¬New Court Surgery¬Borough Fields¬Wootton Bassett¬¬Swindon¬Wiltshire¬SN4 7AX¬51.542388916015625¬-1.9052876234054565¬92G¬NHS Bath And North East Somerset, Swindon And Wiltshire CCG¬01793852302¬¬http://www.newcourt-wilts.nhs.uk¬01793 851119
15096¬J83056¬GP¬UNKNOWN¬Visible¬True¬True¬Market Lavington Surgery¬High Street¬Market Lavington¬¬Devizes¬Wiltshire¬SN10 4AQ¬51.289104461669922¬-1.9757876396179199¬92G¬NHS Bath And North East Somerset, Swindon And Wiltshire CCG¬01380812500¬¬¬01380 814798
15097¬J83056001¬GP¬UNKNOWN¬Visible¬True¬True¬Market Lavington Surgery¬Peppercombe Close¬Urchfont¬¬Urchfont¬Wiltshire¬SN10 4QS¬51.314937591552734¬-1.9454566240310669¬92G¬NHS Bath And North East Somerset, Swindon And Wiltshire CCG¬01380812500¬¬¬01380 814798
15098¬J83057¬GP¬UNKNOWN¬Visible¬True¬True¬North Swindon Practice¬Thames Avenue¬Haydon Wick¬¬Swindon¬Wiltshire¬SN25 1QQ¬51.592342376708984¬-1.8077453374862671¬92G¬NHS Bath And North East Somerset, Swindon And Wiltshire CCG¬01793705783¬enquiries.homeground@nhs.net¬http://www.homegroundsurgery.nhs.uk/¬
15099¬J83058¬GP¬UNKNOWN¬Visible¬True¬True¬Tisbury Surgery¬Park Road¬Tisbury¬¬Salisbury¬Wiltshire¬SP3 6LF¬51.065540313720703¬-2.0789389610290527¬92G¬NHS Bath And North East Somerset, Swindon And Wiltshire CCG¬01747870204¬¬www.tisburysurgery.nhs.uk¬01747 871023
15100¬J83059¬GP¬UNKNOWN¬Visible¬True¬True¬The Lawn Medical Centre¬Guildford Avenue¬¬¬Swindon¬Wiltshire¬SN3 1JL¬51.547714233398438¬-1.7614103555679321¬92G¬NHS Bath And North East Somerset, Swindon And Wiltshire CCG¬01793536515¬¬¬01793 402090
15101¬J83060¬GP¬UNKNOWN¬Visible¬True¬True¬Mere Surgery¬Dark Lane¬Mere¬¬Warminster¬Wiltshire¬BA12 6DT¬51.089878082275391¬-2.2653279304504395¬92G¬NHS Bath And North East Somerset, Swindon And Wiltshire CCG¬01747 860001¬¬http://www.meresurgery.co.uk/index.aspx¬
15104¬J83064001¬GP¬UNKNOWN¬Visible¬True¬True¬The Freshbrook Surgery¬Freshbrook Village Centre¬Freshbrook¬¬Swindon¬Wiltshire¬SN5 8LY¬51.551261901855469¬-1.8393590450286865¬92G¬NHS Bath And North East Somerset, Swindon And Wiltshire CCG¬01793870494¬¬¬
15105¬J83064¬GP¬UNKNOWN¬Visible¬True¬True¬Ridge Green Medical Practice¬Ramleaze Drive¬Shaw¬¬Swindon¬Wiltshire¬SN5 5PX¬51.56768798828125¬-1.8362282514572144¬92G¬NHS Bath And North East Somerset, Swindon And Wiltshire CCG¬01793874894¬¬http://www.ridgegreen.org.uk¬01793 877711
15106¬J83601¬GP¬UNKNOWN¬Visible¬True¬True¬Burbage Surgery¬9 The Sprays¬Burbage¬¬Marlborough¬Wiltshire¬SN8 3TA¬51.348499298095703¬-1.6695303916931152¬92G¬NHS Bath And North East Somerset, Swindon And Wiltshire CCG¬01672 810566¬burbage.surgery@nhs.net¬http://www.theburbagesurgery.co.uk¬01672 811329
15107¬J83603¬GP¬UNKNOWN¬Visible¬True¬True¬Jubilee Field Surgery¬Yatton Keynell¬¬¬Chippenham¬Wiltshire¬SN14 7EJ¬51.484096527099609¬-2.1918613910675049¬92G¬NHS Bath And North East Somerset, Swindon And Wiltshire CCG¬01249782204¬¬http://www.jubileefieldsurgery.co.uk/¬01249 783110
15109¬J83609¬GP¬UNKNOWN¬Visible¬True¬True¬Cricklade Surgery¬113 High Street¬Cricklade¬¬Swindon¬Wiltshire¬SN6 6AE¬51.640613555908203¬-1.8564572334289551¬92G¬NHS Bath And North East Somerset, Swindon And Wiltshire CCG¬01793750645¬cricklade.reception@nhs.net¬¬01793 752331
15110¬J83609001¬GP¬UNKNOWN¬Visible¬True¬True¬Branch Surgery¬Ashton Keynes Village Hall¬Ashton Keynes¬¬Swindon¬Wiltshire¬SN6 6NT¬51.644691467285156¬-1.9329097270965576¬92G¬NHS Bath And North East Somerset, Swindon And Wiltshire CCG¬01793750645¬cricklade.reception@nhs.net¬¬01793 752331
15111¬J83615¬GP¬UNKNOWN¬Visible¬True¬True¬Old School House Surgery¬Church Street¬Great Bedwyn Marlborough¬¬Marlborough¬Wiltshire¬SN8 3PF¬51.37603759765625¬-1.6044065952301025¬92G¬NHS Bath And North East Somerset, Swindon And Wiltshire CCG¬01672870388¬kmarshall@nhs.net¬www.oldschoolsurgery.co.uk¬01672 870664
15112¬J83618¬GP¬UNKNOWN¬Visible¬True¬True¬The Tolsey Surgery¬High Street¬Sherston¬¬Malmesbury¬Wiltshire¬SN16 0LQ¬51.571014404296875¬-2.2131779193878174¬92G¬NHS Bath And North East Somerset, Swindon And Wiltshire CCG¬01666840270¬judy.sharp@nhs.net¬http://www.tolseysurgery.co.uk¬01666 841074
15113¬J83619¬GP¬UNKNOWN¬Visible¬True¬True¬Dr Helen Osborn¬39 High Street¬West Lavington¬¬Devizes¬Wiltshire¬SN10 4JB¬51.279422760009766¬-1.9949040412902832¬92G¬NHS Bath And North East Somerset, Swindon And Wiltshire CCG¬01380813300¬reception.courtyard@nhs.net¬https://www.courtyardsurgery.co.uk/¬01380 818669
15116¬Y03671¬GP¬UNKNOWN¬Visible¬True¬True¬Sparcells Surgery¬Midwinter Close¬Peatmoor¬¬Swindon¬Wiltshire¬SN5 5AN¬51.577484130859375¬-1.8348077535629272¬92G¬NHS Bath And North East Somerset, Swindon And Wiltshire CCG¬01793881928¬sparcells.surgery@nhs.net¬https://www.sparcells-surgery.co.uk¬01793733858
15117¬J83625¬GP¬UNKNOWN¬Visible¬True¬True¬The Lodge Surgery¬Lodge Road¬¬¬Chippenham¬Wiltshire¬SN15 3SY¬51.447586059570312¬-2.1012258529663086¬92G¬NHS Bath And North East Somerset, Swindon And Wiltshire CCG¬01249479809¬enquiries.lodgesurgery@nhs.net¬http://thelodgesurgery.co.uk¬01249 447350
15119¬J83629¬GP¬UNKNOWN¬Visible¬True¬False¬The Silton Surgery¬Silton¬¬¬Gillingham¬Dorset¬SP8 5DF¬51.074752807617188¬-2.3156847953796387¬92G¬NHS Bath And North East Somerset, Swindon And Wiltshire CCG¬01747840226¬silton.surgery@nhs.net¬https://www.siltonsurgery.nhs.uk/¬01747 841304
15120¬J83630¬GP¬UNKNOWN¬Visible¬True¬True¬Hindon Surgery¬High Street¬Hindon¬¬Salisbury¬Wiltshire¬SP3 6DJ¬51.0958251953125¬-2.1307849884033203¬92G¬NHS Bath And North East Somerset, Swindon And Wiltshire CCG¬01747820222¬hindon.surgery@nhs.net¬http://www.hindonsurgery.co.uk¬
15124¬J83633¬GP¬UNKNOWN¬Visible¬True¬True¬Victoria Cross Surgery¬168-169 Victoria Road¬¬¬Swindon¬Wiltshire¬SN1 3BU¬51.555057525634766¬-1.7776706218719482¬92G¬NHS Bath And North East Somerset, Swindon And Wiltshire CCG¬01793535584¬¬¬01793 497526
15126¬J83050002¬GP¬UNKNOWN¬Visible¬True¬True¬Beversbrook Medical Centre¬Harrier Close¬¬¬Calne¬Wiltshire¬SN11 9UT¬51.446327209472656¬-2.0134198665618896¬92G¬NHS Bath And North East Somerset, Swindon And Wiltshire CCG¬01249821831¬beversbrook@nhs.net¬http://www.beversbrook.com¬01249 816020
15131¬J83633002¬GP¬UNKNOWN¬Visible¬True¬True¬Eldene Health Centre ( Dr Guilding's Surgery)¬Eldene¬¬¬Swindon¬Wiltshire¬SN3 3RZ¬51.554962158203125¬-1.7359582185745239¬92G¬NHS Bath And North East Somerset, Swindon And Wiltshire CCG¬01793480111¬enquiries.eldenehealth@nhs.net¬http://www.eldenehealthcentre.co.uk/¬01793 333453
15132¬J83645¬GP¬UNKNOWN¬Visible¬True¬True¬Phoenix Surgery¬Dunwich Drive¬Toothill¬¬Swindon¬Wiltshire¬SN5 8SX¬51.553558349609375¬-1.8218269348144531¬92G¬NHS Bath And North East Somerset, Swindon And Wiltshire CCG¬01793600440¬¬https://phoenixsurgeryswindon.nhs.uk/¬
15133¬J83646¬GP¬UNKNOWN¬Visible¬True¬True¬Park Lane Practice¬7-9 Park Lane¬¬¬Swindon¬Wiltshire¬SN1 5HG¬51.558792114257812¬-1.7958132028579712¬92G¬NHS Bath And North East Somerset, Swindon And Wiltshire CCG¬01793523176¬¬https://www.parklanepracticeswindon.nhs.uk/¬
15134¬J83009002¬GP¬UNKNOWN¬Visible¬True¬True¬Cornerstone Practice¬Station Road¬¬¬Swindon¬Wiltshire¬SN4 0PB¬51.516624450683594¬-1.7295936346054077¬92G¬NHS Bath And North East Somerset, Swindon And Wiltshire CCG¬1793740033¬¬¬01793 741502
15135¬J84003¬GP¬UNKNOWN¬Visible¬True¬True¬Ventnor Medical Practice¬3 Albert Street¬¬¬Ventnor¬¬PO38 1EZ¬50.594562530517578¬-1.2037872076034546¬10L¬NHS Isle Of Wight CCG¬01983857288¬iwccg.ventnormp@nhs.net¬http://www.ventnormedicalpractice.nhs.uk¬01983 857289
15136¬J84004¬GP¬UNKNOWN¬Visible¬True¬True¬EAST COWES MEDICAL CENTRE¬Church Path¬¬¬East Cowes¬Isle Of Wight¬PO32 6RP¬50.757461547851563¬-1.2861757278442383¬10L¬NHS Isle Of Wight CCG¬01983284333¬¬¬
15137¬J84005¬GP¬UNKNOWN¬Visible¬True¬True¬The Esplanade Surgery¬19 The Esplanade¬¬¬Ryde¬Isle Of Wight¬PO33 2EH¬50.731945037841797¬-1.1586834192276001¬10L¬NHS Isle Of Wight CCG¬01983618388¬¬http://www.theesplanadesurgery.co.uk¬01983 618398
15138¬J84007001¬GP¬UNKNOWN¬Visible¬True¬True¬Bembridge Branch¬55A Foreland Road¬¬¬Bembridge¬Isle Of Wight¬PO35 5UA¬50.688072204589844¬-1.0863077640533447¬10L¬NHS Isle Of Wight CCG¬01983871828¬¬¬01983 874800
15139¬J84007¬GP¬UNKNOWN¬Visible¬True¬True¬St.Helens Medical Centre¬St Helens Medical Centre¬Upper Green Road¬¬St Helens¬Isle of Wight¬PO33 1UG¬50.698753356933594¬-1.1091946363449097¬10L¬NHS Isle Of Wight CCG¬01983871828¬iwccg.sthelensmc@nhs.net¬http://www.sthelensmedicalcentre.com¬01983 874800
15140¬J84008¬GP¬UNKNOWN¬Visible¬True¬True¬Argyll House Surgery¬78 West Street¬¬¬Ryde¬Isle Of Wight¬PO33 2QG¬50.726917266845703¬-1.1661266088485718¬10L¬NHS Isle Of Wight CCG¬01983562955¬¬¬01983 618130
15141¬J84010¬GP¬UNKNOWN¬Visible¬True¬True¬Shanklin Medical Centre¬Carter Road¬¬¬Shanklin¬Isle Of Wight¬PO37 7HR¬50.631893157958984¬-1.1791341304779053¬10L¬NHS Isle Of Wight CCG¬01983862245¬¬http://www.shanklinmedicalcentre.nhs.uk¬01983 861607
15142¬J84011¬GP¬UNKNOWN¬Visible¬True¬True¬Newport Health Centre¬22 Carisbrooke High Street¬¬¬Newport¬¬PO30 1NR¬50.691612243652344¬-1.3120779991149902¬10L¬NHS Isle Of Wight CCG¬01983522150¬iwccg.carisbrookehc@nhs.net¬http://www.carisbrookehealthcentre.co.uk/¬01983 825902
15143¬J84012¬GP¬UNKNOWN¬Visible¬True¬True¬Tower House Surgery¬Rink Road¬¬¬Ryde¬Isle Of Wight¬PO33 1LP¬50.727199554443359¬-1.1514859199523926¬10L¬NHS Isle Of Wight CCG¬01983817200¬¬www.towerhousesurgeryryde.co.uk¬01983 817215
15144¬J84013¬GP¬UNKNOWN¬Visible¬True¬True¬Sandown Health Centre¬Broadway¬¬¬Sandown¬Isle of Wight¬PO36 9GA¬50.650539398193359¬-1.1622029542922974¬10L¬NHS Isle Of Wight CCG¬01983409292¬¬http://www.sandownhealthcentre.nhs.uk¬
15146¬J84015¬GP¬UNKNOWN¬Visible¬True¬True¬Dr B Parsons & Partners¬200 Newport Road¬¬¬Cowes¬Isle Of Wight¬PO31 7ER¬50.751453399658203¬-1.3021010160446167¬10L¬NHS Isle Of Wight CCG¬01983295251¬¬http://www.cowesmedicalcentre.co.uk¬01983 290922
15147¬J84016002¬GP¬UNKNOWN¬Visible¬True¬True¬South Wight Medical Practice - Godshill Surgery¬2 Yarborough Close¬¬¬Godshill¬Isle Of Wight¬PO38 3HS¬50.637424468994141¬-1.2597835063934326¬10L¬NHS Isle Of Wight CCG¬01983840625¬¬www.southwightmedicalpractice.co.uk¬01983 840669
15148¬J84016001¬GP¬UNKNOWN¬Visible¬True¬True¬South Wight Medical Practice - Niton Surgery¬Blackgang Road¬¬¬Niton¬Isle Of Wight¬PO38 2BN¬50.587619781494141¬-1.28700852394104¬10L¬NHS Isle Of Wight CCG¬01983730257¬¬www.southwightmedicalpractice.co.uk¬01983 730996
15149¬J84016¬GP¬UNKNOWN¬Visible¬True¬True¬South Wight Medical Practice – Brighstone Surgery¬New Road¬¬¬Brighstone¬Isle Of Wight¬PO30 4BB¬50.641544342041016¬-1.3962057828903198¬10L¬NHS Isle Of Wight CCG¬01983740219¬¬www.southwightmedicalpractice.co.uk¬01983 741399
15150¬J84017¬GP¬UNKNOWN¬Visible¬True¬True¬Medina Healthcare¬16 West Street¬¬¬Newport¬Isle Of Wight¬PO30 1PR¬50.697242736816406¬-1.2986719608306885¬10L¬NHS Isle Of Wight CCG¬01983522198¬¬www.medinahealthcaresurgery.nhs.uk¬01983 524258
15151¬J84017001¬GP¬UNKNOWN¬Visible¬True¬True¬Wooton Bridge Surgery¬Medina Healthcare¬Brannon Way¬Wootton Bridge¬Ryde¬Isle Of Wight¬PO33 4NW¬50.724239349365234¬-1.2311439514160156¬10L¬NHS Isle Of Wight CCG¬01983522198(ext.2) (ext. 2)¬¬¬01983 883538
15152¬J84018¬GP¬UNKNOWN¬Visible¬True¬True¬The Grove House Surgery¬102 Albert Street¬¬¬Ventnor¬Isle Of Wight¬PO38 1EU¬50.594955444335938¬-1.2023112773895264¬10L¬NHS Isle Of Wight CCG¬01983852427¬¬http://www.grove-house-surgery.co.uk¬01983 852185
15153¬J84019001¬GP¬UNKNOWN¬Visible¬True¬True¬West Wight Medical practice¬Station Road¬¬¬Yarmouth¬Isle Of Wight¬PO41 0QP¬50.703529357910156¬-1.4956834316253662¬10L¬NHS Isle Of Wight CCG¬01983758998¬¬http://www.westwightpractice.co.uk¬
15154¬J84019¬GP¬UNKNOWN¬Visible¬True¬True¬West Wight Medical Practice¬Queens Road¬¬¬Freshwater¬Isle Of Wight¬PO40 9DT¬50.681484222412109¬-1.5242987871170044¬10L¬NHS Isle Of Wight CCG¬01983758998¬¬http://www.westwightpractice.co.uk¬
15155¬J84020001¬GP¬UNKNOWN¬Visible¬True¬True¬Beech Grove Surgery - Lake¬¬¬¬Lake¬¬PO36 9JL¬50.649055480957031¬-1.1683822870254517¬10L¬NHS Isle Of Wight CCG¬01983408408¬¬¬
15156¬J84020¬GP¬UNKNOWN¬Visible¬True¬True¬Beech Grove Surgery - Brading¬The Mall¬Brading¬¬Sandown¬¬PO36 0DE¬50.678638458251953¬-1.1442233324050903¬10L¬NHS Isle Of Wight CCG¬01983 407775¬¬¬01983 406277
15159¬K81001¬GP¬UNKNOWN¬Visible¬True¬True¬The Waterfield Practice¬Ralphs Ride¬Harman's Water¬¬Bracknell¬Berkshire¬RG12 9LH¬51.409206390380859¬-0.73390841484069824¬15D¬NHS East Berkshire CCG¬01344454626¬enquiries.waterfield@nhs.net¬https://www.waterfieldpractice.co.uk¬01344 404061
15160¬K81001001¬GP¬UNKNOWN¬Visible¬True¬True¬The Waterfield Practice¬1 County Lane¬Warfield¬¬Bracknell¬Berkshire¬RG42 3JP¬51.426254272460938¬-0.73136609792709351¬15D¬NHS East Berkshire CCG¬01344869771¬¬¬01344 869773
15161¬K81002¬GP¬UNKNOWN¬Visible¬True¬True¬Eastfield House Surgery¬Eastfield House¬6 St Johns Road¬¬Newbury¬Berkshire¬RG14 7LW¬51.395557403564453¬-1.3232370615005493¬15A¬NHS Berkshire West CCG¬0163541495¬¬http://www.eastfieldhousesurgery.co.uk¬01635 522751
15162¬K81003001¬GP¬UNKNOWN¬Visible¬True¬True¬Dr. M. D. Smith¬Millworth Lane¬Shinfield¬¬Reading¬Berkshire¬RG2 9EN¬51.402870178222656¬-0.94611895084381104¬15A¬NHS Berkshire West CCG¬01189883134¬¬http://www.swallowfieldmedicalpractice.co.uk¬0118 988 5759
15163¬K81003002¬GP¬UNKNOWN¬Visible¬True¬True¬Dr. M. D. Smith¬Arborfield Village Hall¬Eversley Road¬Arborfield Cross¬Reading¬Berkshire¬RG2 9PQ¬51.395977020263672¬-0.90601575374603271¬15A¬NHS Berkshire West CCG¬01189883134¬¬http://www.swallowfieldmedicalpractice.co.uk¬0118 988 5759
15164¬K81003¬GP¬UNKNOWN¬Visible¬True¬True¬Swallowfield Medical Practice¬The Street¬Swallowfield¬¬Reading¬Berkshire¬RG7 1QY¬51.378288269042969¬-0.95853734016418457¬15A¬NHS Berkshire West CCG¬01189883134¬¬http://www.swallowfieldmedicalpractice.co.uk¬0118 988 5759
15165¬K81004¬GP¬UNKNOWN¬Visible¬True¬True¬Tilehurst Surgery Partnership¬Tylers Place¬Pottery Road¬¬Reading¬Berkshire¬RG30 6BW¬51.460296630859375¬-1.0256202220916748¬15A¬NHS Berkshire West CCG¬01189427528¬¬http://www.tilehurstsurgery.co.uk¬0118 9439448
15166¬K81005¬GP¬UNKNOWN¬Visible¬True¬True¬Wexham Road Surgery¬242 Wexham Road¬¬¬Slough¬Berkshire¬SL2 5JP¬51.516899108886719¬-0.57838433980941772¬15D¬NHS East Berkshire CCG¬01753552255¬¬http://www.wexhamroadsurgery.co.uk¬
15167¬K81006001¬GP¬UNKNOWN¬Visible¬True¬True¬Sandhurst Group Practice¬1 Cambridge Road, Owlsmoor¬Owlsmoor¬¬SANDHURST¬Berkshire¬GU47 0UB¬51.352512359619141¬-0.7783234715461731¬15D¬NHS East Berkshire CCG¬01344751184¬¬http://www.sandhurstgp.co.uk/¬01344 759049
15168¬K81006¬GP¬UNKNOWN¬Visible¬True¬True¬Sandhurst Group Practice¬72 Yorktown Road¬¬¬Sandhurst¬Berkshire¬GU47 9BT¬51.345470428466797¬-0.79826778173446655¬15D¬NHS East Berkshire CCG¬01252877322¬¬http://www.sandhurstgp.co.uk¬
15169¬K81007¬GP¬UNKNOWN¬Visible¬True¬True¬London Street Surgery¬72 London Street¬¬¬Reading¬Berkshire¬RG1 4SJ¬51.451370239257813¬-0.96787077188491821¬15A¬NHS Berkshire West CCG¬01189072994¬¬¬08444773951
15170¬K81010¬GP¬UNKNOWN¬Visible¬True¬True¬Kings Corner Surgery¬Kings Road¬Sunninghill¬¬Ascot¬Berkshire¬SL5 0AE¬51.399631500244141¬-0.65029209852218628¬15D¬NHS East Berkshire CCG¬01344623181¬kingscorner@nhs.net¬www.kingscornersurgery.co.uk¬01344 875129
15171¬K81012¬GP¬UNKNOWN¬Visible¬True¬False¬The Boat House Surgery¬Whitchurch Road¬Pangbourne¬¬Reading¬Berkshire¬RG8 7DP¬51.486095428466797¬-1.0858911275863647¬15A¬NHS Berkshire West CCG¬01189842234¬¬http://www.pangbournesurgery.co.uk¬0118 9767192
15172¬K81014¬GP¬UNKNOWN¬Visible¬True¬True¬Balmore Park Surgery¬59A Hemdean Road¬Caversham¬¬Reading¬Berkshire¬RG4 7SS¬51.470981597900391¬-0.97337448596954346¬15A¬NHS Berkshire West CCG¬01189471455¬¬http://www.balmoreparksurgery.co.uk¬0118 9461766
15173¬K81015¬GP¬UNKNOWN¬Visible¬True¬True¬Woodlands Park Surgery¬15 Woodlands Park Road¬Woodlands Park¬¬Maidenhead¬Berkshire¬SL6 3NW¬51.502529144287109¬-0.76127785444259644¬15D¬NHS East Berkshire CCG¬01628825523¬be-pct.woodlands@nhs.net¬www.woodlandsparksurgery.co.uk¬01628 829036
15174¬K81017¬GP¬UNKNOWN¬Visible¬True¬True¬Falkland Surgery¬Monks Lane¬¬¬Newbury¬Berkshire¬RG14 7DF¬51.382274627685547¬-1.3357474803924561¬15A¬NHS Berkshire West CCG¬01635279972¬¬http://www.falklandsurgery.co.uk¬01635 279973
15175¬K81018¬GP¬UNKNOWN¬Visible¬True¬True¬Linden Medical Centre¬9A Linden Avenue¬¬¬Maidenhead¬Berkshire¬SL6 6JJ¬51.530975341796875¬-0.73795133829116821¬15D¬NHS East Berkshire CCG¬01628776900¬¬http://www.lindenmedicalcentre.co.uk¬01628 775900
15176¬K81019¬GP¬UNKNOWN¬Visible¬True¬True¬Ross Road Medical Centre¬85 Ross Road¬¬¬Maidenhead¬Berkshire¬SL6 2SR¬51.510612487792969¬-0.7328144907951355¬15D¬NHS East Berkshire CCG¬01628623767¬¬http://www.rossroadmedicalcentre.co.uk¬01628 789623
15177¬K81020¬GP¬UNKNOWN¬Visible¬True¬True¬Claremont Surgery¬2 Cookham Road¬¬¬Maidenhead¬Berkshire¬SL6 8AN¬51.524993896484375¬-0.71971595287322998¬15D¬NHS East Berkshire CCG¬01628624469¬¬http://www.claremontsurgery.co.uk¬0844 4773289
15178¬K81021¬GP¬UNKNOWN¬Visible¬True¬True¬Datchet Health Centre¬Green Lane¬Datchet¬¬Slough¬Berkshire¬SL3 9EX¬51.482528686523438¬-0.57550549507141113¬15D¬NHS East Berkshire CCG¬01753541268¬eastberksccg.datchetreceptionist@nhs.net¬http://www.datchetdoctor.co.uk¬
15180¬K81022¬GP¬UNKNOWN¬Visible¬True¬True¬Wokingham Medical Centre¬23 Rose Street¬¬¬Wokingham¬Berkshire¬RG40 1XS¬51.411663055419922¬-0.83107197284698486¬15A¬NHS Berkshire West CCG¬01189784566¬admin.wmc@nhs.net¬http://www.wokinghammedicalcentre.co.uk/¬0118 979 6536
15181¬K81030002¬GP¬UNKNOWN¬Visible¬True¬True¬Ringmead Medical Practice – Crowthorne¬Ringmead (Crowthorne)¬54 Heath Hill Road South¬¬Crowthorne¬Berkshire¬RG45 7BN¬51.367767333984375¬-0.79521346092224121¬15D¬NHS East Berkshire CCG¬01344 208060¬ringmeadmedicalpractice@nhs.net¬http://www.ringmeadmedicalpractice.org.uk¬
15183¬K81024¬GP¬UNKNOWN¬Visible¬True¬True¬Langley Health Centre¬Common Road¬Langley¬¬Slough¬Berkshire¬SL3 8LE¬51.495315551757813¬-0.54126983880996704¬15D¬NHS East Berkshire CCG¬01753544288¬¬http://langleyhealthcentre.co.uk¬01753 592415
15184¬K81025¬GP¬UNKNOWN¬Visible¬True¬True¬Finchampstead Practice¬474-478 Finchampstead Road¬Finchampstead¬Wokingham¬Wokingham¬Berkshire¬RG40 3RG¬51.375106811523437¬-0.85805147886276245¬15A¬NHS Berkshire West CCG¬01189732678¬patient.finchampstead@nhs.net¬¬0118 9733689
15185¬K81026¬GP¬UNKNOWN¬Visible¬True¬True¬Chatham Street Surgery¬121 Chatham Street¬¬¬Reading¬Berkshire¬RG1 7JE¬51.455924987792969¬-0.98190176486968994¬15A¬NHS Berkshire West CCG¬01189505121¬bwccg.chathamstscript@nhs.net¬http://www.chathamstreetsurgery.co.uk¬
15186¬K81027¬GP¬UNKNOWN¬Visible¬True¬False¬Mortimer Surgery¬72 Victoria Road¬Mortimer Common¬¬Reading¬Berkshire¬RG7 3SQ¬51.377597808837891¬-1.0685271024703979¬15A¬NHS Berkshire West CCG¬01189332436¬¬http://www.mortimersurgery.co.uk/¬0118 9333801
15187¬K81028¬GP¬UNKNOWN¬Visible¬True¬True¬Magnolia House Surgery¬Station Road¬¬¬Ascot¬Berkshire¬SL5 0QJ¬51.400009155273437¬-0.63410842418670654¬15D¬NHS East Berkshire CCG¬01344637800¬referrals.magnolia@nhs.net¬http://www.magnoliahouse.nhs.uk/¬01344 637823
15188¬K81030001¬GP¬UNKNOWN¬Visible¬True¬True¬Ringmead Medical Practice - Birch Hill ¬Birch Hill Medical Centre¬Leppington¬¬Bracknell¬Berkshire¬RG12 7WW¬51.390838623046875¬-0.75199306011199951¬15D¬NHS East Berkshire CCG¬01344208060¬ringmeadmedicalpractice@nhs.net¬http://www.ringmeadmedicalpractice.org.uk¬01344 450312
15189¬K81030¬GP¬UNKNOWN¬Visible¬True¬True¬Ringmead Medical Practice - Great Hollands¬Great Hollands Health Centre¬Great Hollands Square¬¬Bracknell¬Berkshire¬RG12 8WY¬51.398662567138672¬-0.77071207761764526¬15D¬NHS East Berkshire CCG¬01344208060¬ringmeadmedicalpractice@nhs.net¬http://www.ringmeadmedicalpractice.org.uk¬01344 861050
15190¬K81610¬GP¬UNKNOWN¬Visible¬True¬True¬Boundary House Surgery¬Mount Lane¬¬¬Bracknell¬Berkshire¬RG12 9PG¬51.413810729980469¬-0.74583148956298828¬15D¬NHS East Berkshire CCG¬01344483900¬¬https://foresthealthgroup.co.uk/¬01344 862203
15191¬K81034¬GP¬UNKNOWN¬Visible¬True¬True¬Crosby House Surgery¬91 Stoke Poges Lane¬¬¬Slough¬Berkshire¬SL1 3NY¬51.517963409423828¬-0.59942281246185303¬15D¬NHS East Berkshire CCG¬01753520680¬¬https://crosbyhousesurgery.co.uk¬01753 552780
15192¬K81036¬GP¬UNKNOWN¬Visible¬True¬True¬The Cedars Surgery¬8 Cookham Road¬¬¬Maidenhead¬Berkshire¬SL6 8AJ¬51.525608062744141¬-0.72004461288452148¬15D¬NHS East Berkshire CCG¬01628620458¬cedars.reception@nhs.net¬http://www.thecedarssurgery.co.uk¬01628 633270
15193¬K81039¬GP¬UNKNOWN¬Visible¬True¬True¬The Avenue Medical Centre¬Wentworth Avenue¬¬¬Slough¬Berkshire¬SL2 2DG¬51.535804748535156¬-0.63009113073348999¬15D¬NHS East Berkshire CCG¬01753524549¬sloccg.avenuemedicalcentre1@nhs.net¬http://www.theavenuemedicalcentre.co.uk¬01753 552537
15194¬K81040¬GP¬UNKNOWN¬Visible¬True¬True¬Milman Road Surgery- Dr Mittal¬Milman Road Health Centre¬Milman Road¬¬Reading¬Berkshire¬RG2 0AR¬51.443733215332031¬-0.96774071455001831¬15A¬NHS Berkshire West CCG¬01189862286¬drmittal.partners@nhs.net¬http://milmanroadhealthcentre.co.uk¬0118 9755033
15195¬K81041¬GP¬UNKNOWN¬Visible¬True¬True¬Emmer Green Surgery¬4 St Barnabas Road¬Emmer Green¬¬Reading¬Berkshire¬RG4 8RA¬51.483585357666016¬-0.97284674644470215¬15A¬NHS Berkshire West CCG¬01189486900¬¬http://www.emmergreensurgery.co.uk/¬0118 9463341
15196¬K81042¬GP¬UNKNOWN¬Visible¬True¬True¬Cookham Medical Centre¬Lower Road¬Cookham¬¬Maidenhead¬Berkshire¬SL6 9HX¬51.558357238769531¬-0.72579020261764526¬15D¬NHS East Berkshire CCG¬01628810242¬¬http://www.cookhammedicalcentre.co.uk¬01628 810201
15197¬K81043¬GP¬UNKNOWN¬Visible¬True¬True¬Herschel Medical Centre¬45 Osborne Street¬¬¬Slough¬Berkshire¬SL1 1TT¬51.506370544433594¬-0.59244400262832642¬15D¬NHS East Berkshire CCG¬01753520643¬herschel.mc@nhs.net¬http://www.herschelmedicalcentre.co.uk/¬01753 554964
15199¬K81045¬GP¬UNKNOWN¬Visible¬True¬True¬Parkside Family Practice¬224 Wokingham Road¬¬¬Reading¬Berkshire¬RG6 1JS¬51.445392608642578¬-0.93401747941970825¬15A¬NHS Berkshire West CCG¬01189260026¬¬www.parksidefamilypractice.org.uk¬0118 926 3269
15200¬K81046¬GP¬UNKNOWN¬Visible¬True¬True¬Lee House Surgery¬84 Osborne Road¬¬¬Windsor¬Berkshire¬SL4 3EW¬51.475837707519531¬-0.61478155851364136¬15D¬NHS East Berkshire CCG¬01753863229¬¬http://www.leehousesurgery.co.uk¬01753 833695
15201¬K81047001¬GP¬UNKNOWN¬Visible¬True¬True¬Chalfont Surgery¬Chalfont Close¬Earley¬¬Reading¬Berkshire¬RG6 5HZ¬51.425643920898438¬-0.93273657560348511¬15A¬NHS Berkshire West CCG¬01189669333¬¬http://www.brooksidegrouppractice.co.uk/¬0118 975 7839
15202¬K81047¬GP¬UNKNOWN¬Visible¬True¬True¬Brookside Practice¬Brookside Close¬Earley¬¬Reading¬Berkshire¬RG6 7HG¬51.432884216308594¬-0.9113348126411438¬15A¬NHS Berkshire West CCG¬01189669333¬¬http://www.brooksidegrouppractice.co.uk/¬0118 935 3174
15203¬K81048¬GP¬UNKNOWN¬Visible¬True¬True¬Long Barn Lane Surgery¬22 Longbarn Lane¬Whitley¬¬Reading¬Berkshire¬RG2 7SZ¬51.436183929443359¬-0.96701890230178833¬15A¬NHS Berkshire West CCG¬01189871377¬info.lbl@nhs.net¬http://www.longbarnlanesurgery.co.uk/¬01189 750 375
15205¬K81050¬GP¬UNKNOWN¬Visible¬True¬False¬The Downland Practice¬East Lane¬Chieveley¬¬Newbury¬Berkshire¬RG20 8UY¬51.463443756103516¬-1.3123877048492432¬15A¬NHS Berkshire West CCG¬01635248251¬downlandpractice@nhs.net¬http://www.downlandpractice.nhs.uk¬01635 247261
15206¬K81050001¬GP¬UNKNOWN¬Visible¬True¬False¬Downland Practice Compton¬High Street¬Compton¬¬Newbury¬Berkshire¬RG20 6NJ¬51.516727447509766¬-1.2521953582763672¬15A¬NHS Berkshire West CCG¬01635248251¬downlandpractice@nhs.net¬http://www.downlandpractice.co.uk/¬01635 247261
15207¬K81051¬GP¬UNKNOWN¬Visible¬True¬True¬Woodley Practice¬6 Headley Road¬Woodley¬¬Reading¬Berkshire¬RG5 4JA¬51.453487396240234¬-0.90400862693786621¬15A¬NHS Berkshire West CCG¬01189697307¬¬www.woodleycentresurgery.co.uk¬0118 927 2633
15208¬K81051001¬GP¬UNKNOWN¬Visible¬True¬True¬Winnersh Surgery¬3 Westfield Road¬Winnersh¬¬Wokingham¬Berkshire¬RG41 5ES¬51.429481506347656¬-0.88227254152297974¬15A¬NHS Berkshire West CCG¬01189697307¬¬http://www.woodleycentresurgery.co.uk¬0118 977 0731
15209¬K81052¬GP¬UNKNOWN¬Visible¬True¬True¬Lambourn Surgery¬Bockhampton Road¬Lambourn¬¬Hungerford¬Berkshire¬RG17 8PS¬51.50469970703125¬-1.526918888092041¬15A¬NHS Berkshire West CCG¬0148871715¬lambourn.surgery@nhs.net¬www.lambournsurgery.co.uk¬01488 674031
15211¬K81055¬GP¬UNKNOWN¬Visible¬True¬False¬Wargrave Practice¬Victoria Road¬Wargrave¬¬Reading¬Berkshire¬RG10 8BP¬51.501472473144531¬-0.86222970485687256¬15A¬NHS Berkshire West CCG¬01189403939¬¬www.wargravesurgery.org.uk¬0118 9401357
15212¬K81056¬GP¬UNKNOWN¬Visible¬True¬True¬Westwood Road Surgery¬66 Westwood Road¬Tilehurst¬¬Reading¬Berkshire¬RG31 5PR¬51.460403442382813¬-1.0419553518295288¬15A¬NHS Berkshire West CCG¬01189427421¬¬¬0118 9453537
15214¬K81057¬GP¬UNKNOWN¬Visible¬True¬True¬Hungerford Surgery¬The Croft¬¬¬Hungerford¬Berkshire¬RG17 0HY¬51.415580749511719¬-1.5177587270736694¬15A¬NHS Berkshire West CCG¬01488682507¬¬http://www.hungerfordsurgery.co.uk/¬01488 681018
15215¬K81059¬GP¬UNKNOWN¬Visible¬True¬True¬The Gainsborough Practice¬Warfield Green Medical Centre¬1 County Lane¬Warfield¬Bracknell¬Berkshire¬RG42 3JP¬51.426254272460938¬-0.73136609792709351¬15D¬NHS East Berkshire CCG¬01344428742¬eastberksccg.gainsboroughpractice@nhs.net¬https://www.gainsborough-practice.co.uk¬
15216¬K81060¬GP¬UNKNOWN¬Visible¬True¬True¬Binfield Surgery¬Terrace Road North¬Binfield¬¬Bracknell¬Berkshire¬RG42 5JG¬51.434238433837891¬-0.79266035556793213¬15D¬NHS East Berkshire CCG¬01344 286264¬eastberksccg.binfieldsurgery@nhs.net¬http://binfieldsurgery.co.uk¬
15218¬K81062¬GP¬UNKNOWN¬Visible¬True¬True¬Western Elms Surgery¬317 Oxford Road¬¬¬Reading¬Berkshire¬RG30 1AT¬51.455837249755859¬-0.99253994226455688¬15A¬NHS Berkshire West CCG¬01189590257¬¬https://www.westernelms.com¬
15221¬K81066¬GP¬UNKNOWN¬Visible¬True¬True¬The Symons Medical Centre¬25 All Saints Avenue¬¬¬Maidenhead¬Berkshire¬SL6 6EL¬51.522781372070313¬-0.73890548944473267¬15D¬NHS East Berkshire CCG¬01628626131¬¬http://www.thesymonsmedicalcentre.co.uk¬01628 410051
15223¬K81068¬GP¬UNKNOWN¬Visible¬True¬True¬Sheet Street Surgery¬21 Sheet Street¬¬¬Windsor¬Berkshire¬SL4 1BZ¬51.479648590087891¬-0.60549288988113403¬15D¬NHS East Berkshire CCG¬01753860334¬¬www.sheetstreetsurgery.co.uk¬
15224¬K81069¬GP¬UNKNOWN¬Visible¬True¬True¬Loddon Vale Practice¬1 Hurricane Way¬Woodley¬¬Reading¬Berkshire¬RG5 4UX¬51.454971313476563¬-0.88510435819625854¬15A¬NHS Berkshire West CCG¬01189690160¬info.loddonvale@nhs.net¬www.loddonvale.com¬0118 9699103
15225¬K81070¬GP¬UNKNOWN¬Visible¬True¬True¬Twyford Surgery¬6 Loddon Hall Road¬Twyford¬¬Reading¬Berkshire¬RG10 9JA¬51.481803894042969¬-0.8627479076385498¬15A¬NHS Berkshire West CCG¬01189346680¬info.twyford@nhs.net¬www.twyfordsurgeryberkshire.co.uk¬0118 9346690
15227¬K81073¬GP¬UNKNOWN¬Visible¬True¬True¬Thatcham Health Centre¬3 Bath Road¬¬¬Thatcham¬Berkshire¬RG18 3HD¬51.404018402099609¬-1.2623727321624756¬15A¬NHS Berkshire West CCG¬01635867171¬¬www.thatchammedicalpractice.co.uk¬01635 876395
15228¬K81074001¬GP¬UNKNOWN¬Visible¬True¬True¬Royal Holloway College¬Egham Hill¬¬¬Egham¬Surrey¬TW20 0EX¬51.424816131591797¬-0.56673049926757813¬15D¬NHS East Berkshire CCG¬01784443131¬¬¬
15229¬K81074¬GP¬UNKNOWN¬Visible¬True¬True¬Clarence Medical Centre¬Vansittart Road¬¬¬Windsor¬Berkshire¬SL4 5AS¬51.479400634765625¬-0.61794257164001465¬15D¬NHS East Berkshire CCG¬01753865773¬¬http://www.clarencemedical.co.uk¬01753 833694
15230¬K81075¬GP¬UNKNOWN¬Visible¬True¬True¬Farnham Road Surgery¬301 Farnham Road¬¬¬Slough¬Berkshire¬SL2 1HD¬51.530429840087891¬-0.61778205633163452¬15D¬NHS East Berkshire CCG¬01753520917¬¬http://farnhamroadpractice.co.uk/¬
15231¬K81075001¬GP¬UNKNOWN¬Visible¬True¬True¬Weekes Drive Surgery¬100 Weekes Drive¬¬¬Slough¬Berkshire¬SL1 2YP¬51.510383605957031¬-0.62373501062393188¬15D¬NHS East Berkshire CCG¬01753693535¬¬http://farnhamroadpractice.co.uk/¬01753 550680
15232¬K81076¬GP¬UNKNOWN¬Visible¬True¬True¬Green Meadows Surgery¬Winkfield Road¬¬¬Ascot¬Berkshire¬SL5 7LS¬51.42694091796875¬-0.67714822292327881¬15D¬NHS East Berkshire CCG¬01344621627¬¬https://www.greenmeadowssurgery.co.uk¬
15233¬K81077¬GP¬UNKNOWN¬Visible¬True¬True¬Theale Medical Centre¬Englefield Road¬Theale¬¬Reading¬Berkshire¬RG7 5AS¬51.438262939453125¬-1.0806883573532104¬15A¬NHS Berkshire West CCG¬01189302513¬¬http://www.thealemedicalcentre.com/¬0118 9304419
15235¬K81077001¬GP¬UNKNOWN¬Visible¬True¬True¬Calcot Surgery¬Royal Avenue¬Calcot¬¬Reading¬Berkshire¬RG31 4UR¬51.443824768066406¬-1.0508636236190796¬15A¬NHS Berkshire West CCG¬01189302513¬¬http://www.thealemedicalcentre.com¬0118 9304419
15236¬K81078¬GP¬UNKNOWN¬Visible¬True¬True¬Grovelands Medical Centre¬701 Oxford Road¬¬¬Reading¬Berkshire¬RG30 1HG¬51.460247039794922¬-1.0097734928131104¬15A¬NHS Berkshire West CCG¬01189582525¬grovelands.admin@nhs.net¬http://grovelandsmedicalcentre.co.uk/¬0118 952 3633
15237¬K81080¬GP¬UNKNOWN¬Visible¬True¬True¬New Wokingham Road Surgery¬New Wokingham Road Surgery¬18 New Wokingham Road¬¬Crowthorne¬Berkshire¬RG45 6JL¬51.370334625244141¬-0.80271703004837036¬15A¬NHS Berkshire West CCG¬01344773418¬surgeryreception@nhs.net¬http://newwokinghamroadsurgery.nhs.uk¬
15238¬K81081¬GP¬UNKNOWN¬Visible¬True¬True¬Abbey Medical Centre¬41 Russell Street¬Reading¬Berks¬Reading¬Berkshire¬RG1 7XD¬51.453948974609375¬-0.9823918342590332¬15A¬NHS Berkshire West CCG¬01189573752¬abbey.medicalcentre@nhs.net¬http://www.abbeymedicalreading.co.uk/¬
15239¬K81082¬GP¬UNKNOWN¬Visible¬True¬True¬The Village Medical Centre¬45 Mercian Way¬Cippenham¬¬Slough¬Berkshire¬SL1 5ND¬51.512950897216797¬-0.64742159843444824¬15D¬NHS East Berkshire CCG¬01628660788¬¬¬01628 661907
15241¬K81083001¬GP¬UNKNOWN¬Visible¬True¬True¬The Bharani Medical Centre - Lansdowne Avenue¬16-18 Lansdowne Avenue¬¬¬Slough¬Berkshire¬SL1 3SJ¬51.512115478515625¬-0.60062533617019653¬15D¬NHS East Berkshire CCG¬01753218380¬sloccg.bharanimedicalcentre@nhs.net¬http://www.bharanimedicalcentre.nhs.uk¬0870 428 0663
15242¬K81083¬GP¬UNKNOWN¬Visible¬True¬True¬Bharani Medical Centre - Bath Road ¬450 Bath Road¬Cippenham¬¬Slough¬Berkshire¬SL1 6BB¬51.520652770996094¬-0.64781326055526733¬15D¬NHS East Berkshire CCG¬01628602564¬sloccg.bharanimedicalcentre@nhs.net¬http://www.bharanimedicalcentre.nhs.uk¬01628 660 122
15244¬K81084¬GP¬UNKNOWN¬Visible¬True¬True¬Rosemead Surgery¬8A Ray Park Avenue¬¬¬Maidenhead¬Berkshire¬SL6 8DS¬51.525527954101563¬-0.70446425676345825¬15D¬NHS East Berkshire CCG¬01628622023¬rosemeadsurgery@nhs.net¬http://www.rosemeadsurgery.nhs.uk¬01628 639495
15245¬K81085¬GP¬UNKNOWN¬Visible¬True¬True¬Shreeji Medical Centre¬22 Whitby Road¬¬¬Slough¬Berkshire¬SL1 3DQ¬51.518363952636719¬-0.60667461156845093¬15D¬NHS East Berkshire CCG¬01753424496¬sloccg.shreeji01@nhs.net¬https://www.shreejimedicalcentre.co.uk¬
15246¬K81086¬GP¬UNKNOWN¬Visible¬True¬True¬Manor Park Medical Centre¬2 Lerwick Drive¬¬¬Slough¬Berkshire¬SL1 3XU¬51.5245361328125¬-0.60010045766830444¬15D¬NHS East Berkshire CCG¬01753 539991¬¬http://manorpark-medicalcentre.co.uk/¬01753 515089
15247¬K81086001¬GP¬UNKNOWN¬Visible¬True¬True¬Dr K Sadhra & Partner¬Manor Park Medical Centre¬2 Lerwick Drive¬¬Slough¬Berkshire¬SL1 3XU¬51.5245361328125¬-0.60010045766830444¬15D¬NHS East Berkshire CCG¬01753 539 991¬¬http://www.manorpark-medicalcentre.co.uk/¬01753 515089
15248¬K81087¬GP¬UNKNOWN¬Visible¬True¬True¬Easthampstead Surgery¬23 Rectory Lane¬¬¬Bracknell¬Berkshire¬RG12 7BB¬51.405544281005859¬-0.75395071506500244¬15D¬NHS East Berkshire CCG¬01344457535¬¬www.easthampsteadsurgery.co.uk¬01344 301862
15249¬K81089¬GP¬UNKNOWN¬Visible¬True¬True¬Ragstone Road Surgery¬40 Ragstone Road¬Chalvey¬¬Slough¬Berkshire¬SL1 2PY¬51.504302978515625¬-0.60221904516220093¬15D¬NHS East Berkshire CCG¬01753775545¬¬http://www.ragstoneroadsurgery.co.uk¬01753 775565
15251¬K81092¬GP¬UNKNOWN¬Visible¬True¬True¬Woosehill Practice¬Fernlea Drive¬Woosehill¬¬Wokingham¬Berkshire¬RG41 3DR¬51.413314819335938¬-0.85439664125442505¬15A¬NHS Berkshire West CCG¬01189788689¬¬http://www.woosehillsurgery.co.uk¬0118 9740849
15252¬K81094¬GP¬UNKNOWN¬Visible¬True¬True¬Great Hollands Practice¬Great Hollands Health Centre¬Great Hollands Square¬Great Hollands¬Bracknell¬Berkshire¬RG12 8WY¬51.398662567138672¬-0.77071207761764526¬15D¬NHS East Berkshire CCG¬01344424373¬arorascripts@nhs.net¬http://www.greathollandspractice.nhs.uk¬
15253¬K81097¬GP¬UNKNOWN¬Visible¬True¬True¬Redwood House Surgery¬Redwood House¬Cannon Lane¬¬Maidenhead¬Berkshire¬SL6 3PH¬51.511592864990234¬-0.76199764013290405¬15D¬NHS East Berkshire CCG¬01628826227¬redwood.house@nhs.net¬¬01628 829426
15254¬K81100001¬GP¬UNKNOWN¬Visible¬True¬True¬Eldon Square Surgery¬9 Eldon Square¬¬¬Reading¬Berkshire¬RG1 4DT¬51.452442169189453¬-0.9580458402633667¬15A¬NHS Berkshire West CCG¬01189574891¬¬www.pembrokesurgery.com¬01189359420
15255¬K81100¬GP¬UNKNOWN¬Visible¬True¬True¬Pembroke Surgery¬31 Alexandra Road¬¬¬Reading¬Berkshire¬RG1 5PG¬51.448734283447266¬-0.95176953077316284¬15A¬NHS Berkshire West CCG¬01189352121¬¬www.pembrokesurgery.com¬0118 9359420
15258¬K81102¬GP¬UNKNOWN¬Visible¬True¬True¬Burdwood Surgery¬Wheelers Green Way¬¬¬Thatcham¬Berkshire¬RG19 4YF¬51.397296905517578¬-1.2476110458374023¬15A¬NHS Berkshire West CCG¬01635 868006¬burdwoodsurgery@nhs.net¬http://www.burdwoodsurgery.nhs.uk¬
15259¬K81103¬GP¬UNKNOWN¬Visible¬True¬False¬The Bucklebury Practice¬The Avenue¬Bucklebury¬¬Reading¬Berkshire¬RG7 6NS¬51.425880432128906¬-1.1708462238311768¬15A¬NHS Berkshire West CCG¬01189713252¬chapelrowsurgery@nhs.net¬www.crsurgery.co.uk¬0118 971 4161
15260¬K81605¬GP¬UNKNOWN¬Visible¬True¬True¬University Health Centre¬9 Northcourt Avenue¬¬¬Reading¬Berkshire¬RG2 7HE¬51.440402984619141¬-0.95406091213226318¬15A¬NHS Berkshire West CCG¬01189874551¬¬http://www.readinguniversitymedicalpractice.nhs.uk¬
15261¬K81607¬GP¬UNKNOWN¬Visible¬True¬True¬Cordwallis Road Surgery¬1 Cordwallis Road¬¬¬Maidenhead¬Berkshire¬SL6 7DQ¬51.528099060058594¬-0.72401130199432373¬15D¬NHS East Berkshire CCG¬01628627284¬¬http://www.cordwallisroadsurgery.nhs.uk/¬01628 789901
15262¬K81608¬GP¬UNKNOWN¬Visible¬True¬True¬Dr Ajaz Nabi¬261 Bath Road¬¬¬Slough¬Berkshire¬SL1 5PP¬51.518852233886719¬-0.63214194774627686¬15D¬NHS East Berkshire CCG¬01753532006¬¬http://www.cippenhamsurgery.nhs.uk/¬
15263¬K81610001¬GP¬UNKNOWN¬Visible¬True¬True¬Forest Health Group¬Skimped Hill Health Centre¬Skimped Hill Lane¬¬Bracknell¬Berkshire¬RG12 1LH¬51.417221069335938¬-0.75289982557296753¬15D¬NHS East Berkshire CCG¬01344306613¬¬http://www.foresthealthgroup.co.uk¬01344 306614
15264¬K81610002¬GP¬UNKNOWN¬Visible¬True¬True¬Forest Health Group¬Ringmead¬Birch Hill¬¬Bracknell¬Berkshire¬RG12 7PG¬51.3935546875¬-0.74195832014083862¬15D¬NHS East Berkshire CCG¬01344421364¬¬http://www.foresthealthgroup.co.uk¬01344 301812
15265¬K81613¬GP¬UNKNOWN¬Visible¬True¬True¬Kennet Surgery¬30 Cholmeley Road¬¬¬Reading¬Berkshire¬RG1 3NQ¬51.454879760742188¬-0.94650119543075562¬15A¬NHS Berkshire West CCG¬01189666696¬bwccg.adminkennetsurgery@nhs.net¬http://www.kennetsurgery.co.uk¬
15266¬K81613001¬GP¬UNKNOWN¬Visible¬True¬True¬Dr. H. S. Bindra¬81 Christchurch Road¬¬¬Reading¬Berkshire¬RG2 7BD¬51.443206787109375¬-0.95620357990264893¬15A¬NHS Berkshire West CCG¬01189755788¬¬http://www.kennetsurgery.co.uk/¬
15267¬K81616¬GP¬UNKNOWN¬Visible¬True¬True¬Kumar Medical Centre¬59 Grasmere Avenue¬¬¬Slough¬Berkshire¬SL2 5JE¬51.516822814941406¬-0.58387792110443115¬15D¬NHS East Berkshire CCG¬01753579803¬¬http://www.kumarmedicalcentre.co.uk¬01753 553745
15268¬K81622¬GP¬UNKNOWN¬Visible¬True¬True¬Wilderness Practice¬1 Wilderness Road¬Earley¬¬Reading¬Berkshire¬RG6 7RU¬51.440258026123047¬-0.93107235431671143¬15A¬NHS Berkshire West CCG¬01189261613¬¬http://wildernessroadsurgery.org.uk¬0118 9549653
15270¬K81630¬GP¬UNKNOWN¬Visible¬True¬True¬South Meadow Surgery¬3 Church Close¬¬¬Eton¬Berkshire¬SL4 6AP¬51.488788604736328¬-0.61038494110107422¬15D¬NHS East Berkshire CCG¬01753833777¬¬http://www.dedworthmedicalcentre.co.uk¬01753 833689
15271¬K81630001¬GP¬UNKNOWN¬Visible¬True¬True¬Dedworth Medical Centre¬80 Vale Road¬¬¬Windsor¬Berkshire¬SL4 5JL¬51.482131958007812¬-0.63455134630203247¬15D¬NHS East Berkshire CCG¬01753864545¬¬www.dedworthmedicalcentre.co.uk¬01753 620272
15273¬K81633¬GP¬UNKNOWN¬Visible¬True¬True¬South Reading Surgery¬257 Whitley Wood Road¬¬¬Reading¬Berkshire¬RG2 8LE¬51.417366027832031¬-0.96233785152435303¬15A¬NHS Berkshire West CCG¬01189313515¬reception.shg@nhs.net¬http://www.srssurgery.co.uk¬
15274¬K81636001¬GP¬UNKNOWN¬Visible¬True¬True¬Dr M L Swami & Partners - Coley Park Surgery¬80 Wensley Road¬Coley Park¬¬Reading¬Berkshire¬RG1 6DN¬51.445461273193359¬-0.98624986410140991¬15A¬NHS Berkshire West CCG¬01189079712¬¬¬01189337320
15275¬K81636¬GP¬UNKNOWN¬Visible¬True¬True¬Russell Street Surgery¬79 Russell Street¬¬¬Reading¬Berkshire¬RG1 7XG¬51.452327728271484¬-0.98287403583526611¬15A¬NHS Berkshire West CCG¬01189079976¬¬¬01189337320
15276¬K81636002¬GP¬UNKNOWN¬Visible¬True¬True¬Dr M L Swami & Partners - Burghfield Health Centre¬Reading Road¬Burghfield Common¬¬Reading¬Berkshire¬RG7 3YJ¬51.398838043212891¬-1.0563946962356567¬15A¬NHS Berkshire West CCG¬01189079965¬srccg.drmlswamiandpartners@nhs.net¬¬01189838431
15277¬K81638¬GP¬UNKNOWN¬Visible¬True¬True¬Burma Hill Practice¬Ashridge Road¬¬¬Wokingham¬Berkshire¬RG40 1PH¬51.417903900146484¬-0.82487279176712036¬15A¬NHS Berkshire West CCG¬01189785854¬¬¬0118 9893902
15279¬K81644¬GP¬UNKNOWN¬Visible¬True¬True¬Tilehurst Village Surgery¬92 Westwood Road¬Tilehurst¬¬Reading¬Berkshire¬RG31 5PP¬51.461235046386719¬-1.0422545671463013¬15A¬NHS Berkshire West CCG¬01189452612¬¬http://www.tilehurstvillagesurgery.co.uk¬0118 9452249
15280¬K81644001¬GP¬UNKNOWN¬Visible¬True¬True¬Chancellor House Surgery¬6 Shinfield Road¬¬¬Reading¬Berkshire¬RG2 7BW¬51.441070556640625¬-0.95326870679855347¬15A¬NHS Berkshire West CCG¬01189310006¬¬http://www.chancellorhousesurgery.co.uk¬0118 9757194
15281¬K81645¬GP¬UNKNOWN¬Visible¬True¬True¬Dr Veena Sharma¬240 Wexham Road¬¬¬Slough¬Berkshire¬SL2 5JP¬51.516899108886719¬-0.57838433980941772¬15D¬NHS East Berkshire CCG¬01753517360¬¬http://www.drveenasharma.co.uk¬01753 552365
15283¬K81651¬GP¬UNKNOWN¬Visible¬True¬True¬Melrose Surgery Dr Dean¬73 London Road¬¬¬Reading¬Berkshire¬RG1 5BS¬51.451694488525391¬-0.95984739065170288¬15A¬NHS Berkshire West CCG¬01189595200¬¬¬0118 9507726
15284¬K81655001¬GP¬UNKNOWN¬Visible¬True¬True¬Ascot Medical Centre¬Forest Lodge¬¬¬Ascot¬Berkshire¬SL5 8AA¬51.410167694091797¬-0.68733793497085571¬15D¬NHS East Berkshire CCG¬01344 874011¬¬¬
15285¬K81656¬GP¬UNKNOWN¬Visible¬True¬True¬Crown Wood Medical Centre¬4A Crown Row¬Crownwood¬¬Bracknell¬Berkshire¬RG12 0TH¬51.395919799804687¬-0.73691999912261963¬15D¬NHS East Berkshire CCG¬01344310202¬¬¬01344 310431
15286¬K81657¬GP¬UNKNOWN¬Visible¬True¬True¬Evergreen Practice¬Skimped Hill Health Centre¬¬¬Bracknell¬Berkshire¬RG12 1LH¬51.417221069335938¬-0.75289982557296753¬15D¬NHS East Berkshire CCG¬01344306936¬¬www.evergreenpracticegp.nhs.uk¬
15288¬K82001¬GP¬UNKNOWN¬Visible¬True¬True¬Rectory Meadow Surgery¬School Lane¬¬¬Amersham¬Buckinghamshire¬HP7 0HG¬51.669078826904297¬-0.61748534440994263¬14Y¬NHS Buckinghamshire CCG¬01494727711¬¬¬01494 431790
15289¬K82003¬GP¬UNKNOWN¬Visible¬True¬True¬Dr S A Mushtaq & Partners¬Gloucester Road¬Wolverton¬¬Milton Keynes¬Buckinghamshire¬MK12 5DF¬52.05419921875¬-0.81491923332214355¬04F¬NHS Milton Keynes CCG¬01908222954¬wolvertonhc@nhs.net¬https://www.wolvertonhealthcentre.co.uk/¬
15290¬K82004¬GP¬UNKNOWN¬Visible¬True¬True¬Dr A Wood & Partners¬Amersham Health Centre¬Chiltern Avenue¬¬Amersham¬Buckinghamshire¬HP6 5AY¬51.675006866455078¬-0.60422056913375854¬14Y¬NHS Buckinghamshire CCG¬01494434344¬¬http://www.amershamhealthcentre.co.uk¬01494 733711
15294¬K82006¬GP¬UNKNOWN¬Visible¬True¬True¬Iver Medical Centre¬High Street¬¬¬Iver¬Buckinghamshire¬SL0 9NU¬51.519290924072266¬-0.50950086116790771¬14Y¬NHS Buckinghamshire CCG¬01753653008¬¬http://www.iverdoc.co.uk/¬01753 650890
15295¬K82007001¬GP¬UNKNOWN¬Visible¬True¬True¬Steeple Claydon Surgery¬2 Vicarage Lane¬Steeple Claydon¬¬Buckingham¬Buckinghamshire¬MK18 2PR¬51.935321807861328¬-0.98671168088912964¬14Y¬NHS Buckinghamshire CCG¬01296733300¬¬http://www.theswanpractice.co.uk¬
15296¬K82007¬GP¬UNKNOWN¬Visible¬True¬True¬The Swan Practice¬North End, High Street¬¬¬Buckingham¬Buckinghamshire¬MK18 1NU¬52.001583099365234¬-0.98566800355911255¬14Y¬NHS Buckinghamshire CCG¬01280818600¬¬http://www.theswanpractice.co.uk¬01280 818618
15297¬K82008¬GP¬UNKNOWN¬Visible¬True¬True¬The Hall Practice¬Hampden Road¬Chalfont St. Peter¬¬Gerrards Cross¬Buckinghamshire¬SL9 9SA¬51.606986999511719¬-0.56100159883499146¬14Y¬NHS Buckinghamshire CCG¬01753887311¬¬www.calcotmedicalcentre-hallpractice.co.uk¬01753-890639
15298¬K82009¬GP¬UNKNOWN¬Visible¬True¬True¬Stony Medical Centre¬Market Square¬Stony Stratford¬¬Milton Keynes¬Buckinghamshire¬MK11 1YA¬52.056266784667969¬-0.85317957401275635¬04F¬NHS Milton Keynes CCG¬01908260382¬¬www.stonymedicalcentre.co.uk¬01908 560913
15299¬K82010¬GP¬UNKNOWN¬Visible¬True¬True¬Tower House Surgery¬169 West Wycombe Road¬¬¬High Wycombe¬Buckinghamshire¬HP12 3AF¬51.636375427246094¬-0.76999008655548096¬14Y¬NHS Buckinghamshire CCG¬01494526840¬¬http://www.towerhousesurgery.com¬01494 437972
15300¬K82011¬GP¬UNKNOWN¬Visible¬True¬True¬Millbarn Medical Centre¬34 London End¬¬¬Beaconsfield¬Buckinghamshire¬HP9 2JH¬51.601860046386719¬-0.63473212718963623¬14Y¬NHS Buckinghamshire CCG¬01494675303¬¬¬01494 680214
15301¬K82012¬GP¬UNKNOWN¬Visible¬True¬True¬Highfield Surgery¬Highfield Way¬Hazlemere¬¬High Wycombe¬Buckinghamshire¬HP15 7UW¬51.650047302246094¬-0.71099281311035156¬14Y¬NHS Buckinghamshire CCG¬01494813396¬highfield.surgery@nhs.net¬http://www.highfieldsurgeryhazlemere.co.uk/¬01494 814107
15302¬K82013¬GP¬UNKNOWN¬Visible¬True¬True¬The Red House Surgery¬241 Queensway¬Bletchley¬¬Milton Keynes¬Buckinghamshire¬MK2 2EH¬51.996284484863281¬-0.72289317846298218¬04F¬NHS Milton Keynes CCG¬01908375111¬¬¬01908 370977
15303¬K82014¬GP¬UNKNOWN¬Visible¬True¬True¬Dr Sajid Zaib¬Oakfield Road¬¬¬Aylesbury¬Buckinghamshire¬HP20 1LJ¬51.817863464355469¬-0.78953015804290771¬14Y¬NHS Buckinghamshire CCG¬01296423797¬¬¬01296 399246
15304¬K82015¬GP¬UNKNOWN¬Visible¬True¬True¬Parkside Medical Centre¬Whalley Drive¬Bletchley¬¬Milton Keynes¬Buckinghamshire¬MK3 6EN¬51.998523712158203¬-0.74643635749816895¬04F¬NHS Milton Keynes CCG¬01908375341¬¬http://parksmed.co.uk/¬01908 374975
15305¬K82016¬GP¬UNKNOWN¬Visible¬True¬True¬Newport Pagnell Medical Centre¬Queens Avenue¬¬¬Newport Pagnell¬Buckinghamshire¬MK16 8QT¬52.086467742919922¬-0.72528296709060669¬04F¬NHS Milton Keynes CCG¬01908611767¬¬http://www.npmc.nhs.uk¬01908 615099
15306¬K82017001¬GP¬UNKNOWN¬Visible¬True¬True¬Hazlemere Surgery¬2a Roberts Ride¬Hazlemere¬¬High Wycombe¬Buckinghamshire¬HP15 7AD¬51.658222198486328¬-0.71115124225616455¬14Y¬NHS Buckinghamshire CCG¬01494711954¬hazlemere.surgery@nhs.net¬https://desborough.gpsurgery.net/¬01494 715814
15307¬K82017¬GP¬UNKNOWN¬Visible¬True¬True¬Dr Reidy & Partners¬65 Desborough Avenue¬¬¬High Wycombe¬Buckinghamshire¬HP11 2SD¬51.631587982177734¬-0.76217281818389893¬14Y¬NHS Buckinghamshire CCG¬01494526006¬desborough.surgery@nhs.net¬http://www.desborough.gpsurgery.net¬01494 473569
15308¬K82018¬GP¬UNKNOWN¬Visible¬True¬True¬Meadowcroft Surgery¬Jackson Road¬¬¬Aylesbury¬Buckinghamshire¬HP19 9EX¬51.828197479248047¬-0.84252434968948364¬14Y¬NHS Buckinghamshire CCG¬01296425775¬¬http://www.meadowcroftsurgery.co.uk/¬01296 330324
15310¬K82019¬GP¬UNKNOWN¬Visible¬True¬True¬The Mandeville Practice¬Hannon Road¬¬¬Aylesbury¬Buckinghamshire¬HP21 8TR¬51.802314758300781¬-0.82109910249710083¬14Y¬NHS Buckinghamshire CCG¬01296337546¬mandeville.surgery@nhs.net¬http://www.mandevillesurgery.co.uk¬01296399597
15311¬K82020001¬GP¬UNKNOWN¬Visible¬True¬True¬Chiltern House Medical Centre¬Closed¬Closed¬Closed¬CLOSED¬Buckinghamshire¬HP15 6SL¬51.663002014160156¬-0.69874018430709839¬14Y¬NHS Buckinghamshire CCG¬01494439149¬¬¬01494439149
15312¬K82020¬GP¬UNKNOWN¬Visible¬True¬True¬Chiltern House Medical Centre¬Chiltern House Medical Centre¬45-47 Temple End¬¬High Wycombe¬Buckinghamshire¬HP13 5DN¬51.633380889892578¬-0.75237077474594116¬14Y¬NHS Buckinghamshire CCG¬01494439149¬feedback.chmc@nhs.net¬http://www.chilternhousemedicalcentre.co.uk/¬
15313¬K82021¬GP¬UNKNOWN¬Visible¬True¬True¬The Cross Keys Practice¬60 High Street¬¬¬Princes Risborough¬Buckinghamshire¬HP27 0AX¬51.723655700683594¬-0.8308335542678833¬14Y¬NHS Buckinghamshire CCG¬01844344488¬¬www.crosskeyspractice.co.uk¬01844-271606
15314¬K82022¬GP¬UNKNOWN¬Visible¬True¬True¬Kingswood Surgery¬Hollis Road¬¬¬High Wycombe¬Buckinghamshire¬HP13 7UN¬51.634403228759766¬-0.72276467084884644¬14Y¬NHS Buckinghamshire CCG¬01494474783¬¬¬01494-438424
15315¬K82023¬GP¬UNKNOWN¬Visible¬True¬True¬The Doctors House - Marlow Medical Group¬The Doctors' House¬Victoria Road¬¬Marlow¬Buckinghamshire¬SL7 1DN¬51.573825836181641¬-0.77000492811203003¬14Y¬NHS Buckinghamshire CCG¬01628484666¬¬https://www.marlowdoctors.co.uk¬
15316¬K82023003¬GP¬UNKNOWN¬Visible¬True¬True¬Lane End Surgery¬Finings Road¬Lane End¬¬High Wycombe¬Buckinghamshire¬HP14 3ES¬51.619277954101563¬-0.83616012334823608¬14Y¬NHS Buckinghamshire CCG¬01494881209¬¬https://www.marlowdoctors.co.uk¬
15317¬K82023001¬GP¬UNKNOWN¬Visible¬True¬True¬Hambleden Surgery¬57A Hambleden¬¬¬Henley-On-Thames¬Oxfordshire¬RG9 6RT¬51.572578430175781¬-0.87130677700042725¬14Y¬NHS Buckinghamshire CCG¬01491571305¬¬http://www.marlowdoctors.co.uk¬
15319¬K82024¬GP¬UNKNOWN¬Visible¬True¬True¬Dr Firth And Partners¬Chess Medical Centre¬260-290 Berkhampstead Road¬¬Chesham¬Buckinghamshire¬HP5 3EZ¬51.713310241699219¬-0.60824847221374512¬14Y¬NHS Buckinghamshire CCG¬01494782262¬¬http://www.newsurgerychesham.nhs.uk¬01494 785917
15320¬K82025¬GP¬UNKNOWN¬Visible¬True¬True¬Sovereign Medical Centre¬Sovereign Drive¬Pennyland¬¬Milton Keynes¬Buckinghamshire¬MK15 8AJ¬52.060787200927734¬-0.74522483348846436¬04F¬NHS Milton Keynes CCG¬01908209420¬¬¬
15321¬K82026¬GP¬UNKNOWN¬Visible¬True¬True¬Whaddon House Surgery¬25 Witham Court¬Bletchley¬¬Milton Keynes¬Buckinghamshire¬MK3 7QU¬52.000308990478516¬-0.76626133918762207¬04F¬NHS Milton Keynes CCG¬01908373058¬¬www.whaddonmedicalcentre.co.uk¬01908 630076
15322¬K82027¬GP¬UNKNOWN¬Visible¬True¬True¬Purbeck Health Centre¬Purbeck¬Stantonbury¬¬Milton Keynes¬Buckinghamshire¬MK14 6BL¬52.061367034912109¬-0.77390098571777344¬04F¬NHS Milton Keynes CCG¬01908318989¬sandie.wright1@nhs.net¬http://www.purbeckhealthcentre.co.uk¬01908 319493
15323¬K82028¬GP¬UNKNOWN¬Visible¬True¬True¬Haddenham Medical Centre¬Stanbridge Road¬¬¬Haddenham¬Buckinghamshire¬HP17 8JX¬51.774120330810547¬-0.91894626617431641¬14Y¬NHS Buckinghamshire CCG¬01844293300¬¬http://www.haddenham.org¬01844 293301
15324¬K82029¬GP¬UNKNOWN¬Visible¬True¬True¬Cherrymead Surgery¬Queensmead Road¬Loudwater¬¬High Wycombe¬Buckinghamshire¬HP10 9XA¬51.608268737792969¬-0.70023328065872192¬14Y¬NHS Buckinghamshire CCG¬01494445150¬cherrymead.surgery@nhs.net¬www.cherrymeadsurgery.co.uk¬01494 478636
15325¬K82030¬GP¬UNKNOWN¬Visible¬True¬True¬Wye Valley Surgery¬¬Wye Valley Surgery¬Wycombe General Hospital¬High wycombe¬Buckinghamshire¬HP11 2TT¬51.626441955566406¬-0.75341349840164185¬14Y¬NHS Buckinghamshire CCG¬01494521044¬bccg.wyevalleysurgery@nhs.net¬https://www.wyevalleysurgery.co.uk/¬
15326¬K82031¬GP¬UNKNOWN¬Visible¬True¬True¬Threeways Surgery¬Pennylets Green¬Stoke Poges¬¬Slough¬Berkshire¬SL2 4AZ¬51.549747467041016¬-0.58510583639144897¬14Y¬NHS Buckinghamshire CCG¬01753643445¬threeways.reception@nhs.net¬http://www.threewayssurgery.co.uk¬01753 646906
15327¬K82032¬GP¬UNKNOWN¬Visible¬True¬True¬Oakridge Park Medical Centre¬30 Texel Close¬Oakridge Park¬¬Milton Keynes¬Buckinghamshire¬MK14 6GL¬52.069141387939453¬-0.77723979949951172¬04F¬NHS Milton Keynes CCG¬01908221180¬¬http://www.oakridgeparkmedical.nhs.uk¬
15328¬K82033¬GP¬UNKNOWN¬Visible¬True¬True¬Burnham Health Centre¬Minniecroft Road¬Burnham¬¬Slough¬Berkshire¬SL1 7DE¬51.534900665283203¬-0.66214090585708618¬14Y¬NHS Buckinghamshire CCG¬01628666326¬¬http://www.burnhamhealthcentre.co.uk¬01628 663743
15329¬K82047¬GP¬UNKNOWN¬Visible¬True¬True¬Unity Health Princes Risborough¬Wades Field¬Stratton Road¬¬Princes Risborough¬Buckinghamshire¬HP27 9AX¬51.723804473876953¬-0.83773565292358398¬14Y¬NHS Buckinghamshire CCG¬01844 344281¬¬https://www.unity-health.co.uk¬01844 274719
15331¬K82035¬GP¬UNKNOWN¬Visible¬True¬True¬The John Hampden Surgery¬97 High Street¬Prestwood¬¬Great Missenden¬Buckinghamshire¬HP16 9EU¬51.699542999267578¬-0.73955494165420532¬14Y¬NHS Buckinghamshire CCG¬01494890900¬¬http://www.johnhampdensurgery.co.uk/¬01494 866990
15332¬K82036¬GP¬UNKNOWN¬Visible¬True¬True¬Riverside Surgery¬George Street¬¬¬High Wycombe¬Buckinghamshire¬HP11 2RZ¬51.633174896240234¬-0.76091587543487549¬14Y¬NHS Buckinghamshire CCG¬01494526500¬practicemanager.riverside@nhs.net¬http://www.theriversidesurgeryhighwycombe.nhs.uk/¬01494 450237
15333¬K82037¬GP¬UNKNOWN¬Visible¬True¬True¬Water Meadow Surgery¬Red Lion Street¬¬¬Chesham¬Buckinghamshire¬HP5 1ET¬51.703105926513672¬-0.61304771900177002¬14Y¬NHS Buckinghamshire CCG¬01494782241¬watermeadow@nhs.net¬http://www.watermeadowsurgery.co.uk¬01494 782005
15334¬K82038¬GP¬UNKNOWN¬Visible¬True¬True¬Poplar Grove Practice¬Meadow Way¬¬¬Aylesbury¬Buckinghamshire¬HP20 1XB¬51.822330474853516¬-0.79440593719482422¬14Y¬NHS Buckinghamshire CCG¬01296468580¬poplar.grove@nhs.net¬http://poplar-grove.co.uk¬01296 398771
15335¬K82039¬GP¬UNKNOWN¬Visible¬True¬True¬Bedford Street Surgery¬4 Bedford Street¬Bletchley¬¬Milton Keynes¬Buckinghamshire¬MK2 2TX¬51.995784759521484¬-0.72976785898208618¬04F¬NHS Milton Keynes CCG¬01908658850¬¬http://www.bedfordstreetsurgery.co.uk¬01908 645903
15336¬K82039001¬GP¬UNKNOWN¬Visible¬True¬True¬Furzton Medical Centre¬67 Dulverton Drive¬Furzton¬¬Milton Keynes¬Buckinghamshire¬MK4 1EW¬52.008903503417969¬-0.773193359375¬04F¬NHS Milton Keynes CCG¬01908867064¬¬http://www.bedfordstreetsurgery.co.uk¬01908 340889
15337¬K82040001¬GP¬UNKNOWN¬Visible¬True¬True¬Fairford Leys Surgery¬3 Ashley Court 65¬Kingsgate¬¬Aylesbury¬Buckinghamshire¬HP19 8WB¬51.815280914306641¬-0.83449918031692505¬14Y¬NHS Buckinghamshire CCG¬01296424488¬¬https://www.whitehillsurgery.nhs.uk¬01296 398774
15338¬K82040¬GP¬UNKNOWN¬Visible¬True¬True¬Whitehill Surgery¬Oxford Road¬¬¬Aylesbury¬Buckinghamshire¬HP19 8EN¬51.819393157958984¬-0.81862235069274902¬14Y¬NHS Buckinghamshire CCG¬01296424488¬bccg.whitehillsurgeryadmin@nhs.net¬https://www.whitehillsurgery.nhs.uk¬01296337152
15339¬K82042¬GP¬UNKNOWN¬Visible¬True¬False¬Whitchurch Surgery¬49 Oving Road¬Whitchurch¬¬Aylesbury¬Buckinghamshire¬HP22 4JF¬51.882175445556641¬-0.84260618686676025¬14Y¬NHS Buckinghamshire CCG¬01296641203¬¬¬01296-640021
15340¬K82043¬GP¬UNKNOWN¬Visible¬True¬True¬Dr Dickson And Partners¬Avenue Road¬Winslow¬¬Buckingham¬Buckinghamshire¬MK18 3DW¬51.944858551025391¬-0.88301098346710205¬14Y¬NHS Buckinghamshire CCG¬01296 713434¬¬http://www.nordenhousesurgery.co.uk¬01296 715439
15341¬K82044¬GP¬UNKNOWN¬Visible¬True¬True¬Carrington House Surgery¬19 Priory Road¬¬¬High Wycombe¬Buckinghamshire¬HP13 6SL¬51.632297515869141¬-0.74922186136245728¬14Y¬NHS Buckinghamshire CCG¬01494523211¬carrington.house@nhs.net¬http://www.carringtonhousesurgery.nhs.uk/¬01494 538299
15342¬K82045¬GP¬UNKNOWN¬Visible¬True¬True¬Southmead Surgery¬Southmead House¬Blackpond Lane¬Farnham Common¬Slough¬Buckinghamshire¬SL2 3ER¬51.552539825439453¬-0.6169390082359314¬14Y¬NHS Buckinghamshire CCG¬01753643195¬¬¬01753 642157
15343¬K82046001¬GP¬UNKNOWN¬Visible¬True¬True¬The Penn Surgery¬Elm Road¬High Wycombe¬¬Penn¬Buckinghamshire¬HP10 8LQ¬51.637535095214844¬-0.69186818599700928¬14Y¬NHS Buckinghamshire CCG¬01494817144¬¬http://www.thesimpsoncentre.com/¬01494 814670
15344¬K82046¬GP¬UNKNOWN¬Visible¬True¬True¬The Simpson Centre¬70 Gregories Road¬¬¬Beaconsfield¬Buckinghamshire¬HP9 1PS¬51.610794067382813¬-0.65130370855331421¬14Y¬NHS Buckinghamshire CCG¬01494671571¬¬http://www.thesimpsoncentre.com¬01494680219
15345¬K82047004¬GP¬UNKNOWN¬Visible¬True¬True¬Unity Health Long Crendon ¬New Chapel¬High Street¬Long Crendon¬Aylesbury¬Buckinghamshire¬HP18 9AF¬51.772792816162109¬-0.99296367168426514¬14Y¬NHS Buckinghamshire CCG¬01844 208228¬¬https://www.unity-health.co.uk¬01844 201906
15346¬K82047003¬GP¬UNKNOWN¬Visible¬True¬True¬Unity Health Brill¬22 Thame Road¬¬¬Brill¬Buckinghamshire¬HP18 9SA¬51.813278198242188¬-1.0463589429855347¬14Y¬NHS Buckinghamshire CCG¬01844 238284¬¬https://www.unity-health.co.uk¬01844 238284
15347¬K82047002¬GP¬UNKNOWN¬Visible¬True¬True¬Unity Health Thame¬Thame Health Centre¬East Street¬¬Thame¬Oxfordshire¬OX9 3JZ¬51.745006561279297¬-0.96855229139328003¬14Y¬NHS Buckinghamshire CCG¬01844 212553¬¬https://www.unity-health.co.uk¬01844 260243
15348¬K82048¬GP¬UNKNOWN¬Visible¬True¬True¬Stokenchurch Medical Centre¬Oxford Road¬¬¬Stokenchurch¬Buckinghamshire¬HP14 3SX¬51.66094970703125¬-0.90688616037368774¬14Y¬NHS Buckinghamshire CCG¬01494256073¬¬¬01494 486200
15349¬K82049001¬GP¬UNKNOWN¬Visible¬True¬False¬Chequers Surgery¬3 Chequers Drive¬Prestwood¬¬Great Missenden¬Buckinghamshire¬HP16 9DU¬51.700626373291016¬-0.74173885583877563¬14Y¬NHS Buckinghamshire CCG¬01494863899¬¬http://www.ourpractice.co.uk¬01494 565165
15350¬K82049¬GP¬UNKNOWN¬Visible¬True¬False¬Hughenden Valley Surgery¬Valley Road¬Hughenden Valley¬¬High Wycombe¬Buckinghamshire¬HP14 4LG¬51.659664154052734¬-0.75112819671630859¬14Y¬NHS Buckinghamshire CCG¬01494563275¬¬http://www.ourpractice.co.uk¬
15351¬K82050¬GP¬UNKNOWN¬Visible¬True¬True¬Water Eaton Health Centre¬Fern Grove¬Bletchley¬¬Milton Keynes¬Buckinghamshire¬MK2 3HN¬51.979278564453125¬-0.72579383850097656¬04F¬NHS Milton Keynes CCG¬01908371318¬watereaton@nhs.net¬http://www.watereatonhealthcentre.nhs.uk¬
15352¬K82051001¬GP¬UNKNOWN¬Visible¬True¬True¬St Giles Surgery¬Townfield Lane¬¬¬Chalfont St. Giles¬Buckinghamshire¬HP8 4QG¬51.630603790283203¬-0.56938594579696655¬14Y¬NHS Buckinghamshire CCG¬01494874006¬¬http://www.misbournepractice.com/¬01494 875455
15353¬K82051¬GP¬UNKNOWN¬Visible¬True¬True¬The Misbourne Surgery¬Church Lane¬Chalfont St Peter¬¬Gerrards Cross¬Buckinghamshire¬SL9 9RR¬51.6077880859375¬-0.55803030729293823¬14Y¬NHS Buckinghamshire CCG¬01753891010¬¬¬01753 883312
15354¬K82053¬GP¬UNKNOWN¬Visible¬True¬True¬Priory Surgery¬24-26 Priory Avenue¬¬¬High Wycombe¬Buckinghamshire¬HP13 6SH¬51.63165283203125¬-0.74948519468307495¬14Y¬NHS Buckinghamshire CCG¬01494448132¬¬https://www.thepriorysurgery.co.uk¬01494686407
15355¬K82054¬GP¬UNKNOWN¬Visible¬True¬True¬Ashfield Medical Centre¬1 Perrydown¬Beanhill¬¬Milton Keynes¬Buckinghamshire¬MK6 4NE¬52.019668579101563¬-0.73825818300247192¬04F¬NHS Milton Keynes CCG¬01908679111¬ashfieldmc@nhs.net¬http://www.ashfieldmc.co.uk¬
15356¬K82055¬GP¬UNKNOWN¬Visible¬True¬True¬Denham Medical Centre¬Queen Mothers Drive¬Denham Garden Villiage¬Denham¬Uxbridge¬Buckinghamshire¬UB9 5GA¬51.584564208984375¬-0.50224214792251587¬14Y¬NHS Buckinghamshire CCG¬01895832012¬¬http://www.denhammedicalcentre.co.uk¬01895 834704
15357¬K82055001¬GP¬UNKNOWN¬Visible¬True¬True¬Dr Vk Chatrath¬Aysgarth Medical Centre¬Church Road¬Iver Heath¬Iver¬Buckinghamshire¬SL0 0RW¬51.54132080078125¬-0.52206248044967651¬14Y¬NHS Buckinghamshire CCG¬01753653976¬¬¬01753 650143
15358¬K82057¬GP¬UNKNOWN¬Visible¬True¬True¬Cobbs Garden Surgery¬West Street¬¬¬Olney¬Buckinghamshire¬MK46 5QG¬52.15655517578125¬-0.70249515771865845¬04F¬NHS Milton Keynes CCG¬01234490377¬¬http://www.cobbsgardensurgery.gpsurgery.net¬01234 711883
15359¬K82058¬GP¬UNKNOWN¬Visible¬True¬True¬Gladstone Surgery¬Chess Medical Centre¬260 - 290 Berkhampstead Road¬¬Chesham¬Buckinghamshire¬HP5 3EZ¬51.713310241699219¬-0.60824847221374512¬14Y¬NHS Buckinghamshire CCG¬01494782884¬¬http://www.gladstonesurgery.co.uk¬01494 792686
15360¬K82059¬GP¬UNKNOWN¬Visible¬True¬True¬Westfield Road Surgery¬11 Westfield Road¬Bletchley¬¬Milton Keynes¬Buckinghamshire¬MK2 2DJ¬51.993335723876953¬-0.72776895761489868¬04F¬NHS Milton Keynes CCG¬01908377103¬¬http://www.westfieldroadsurgery.co.uk/¬01908374427
15361¬K82060¬GP¬UNKNOWN¬Visible¬True¬True¬Neath Hill Health Centre¬¬1 Tower Crescent¬Neath Hill¬Milton Keynes¬Buckinghamshire¬MK14 6JY¬52.060413360595703¬-0.74730658531188965¬04F¬NHS Milton Keynes CCG¬01908 200529¬¬http://www.neathhillhealthcentre.co.uk¬
15362¬K82061¬GP¬UNKNOWN¬Visible¬True¬True¬Ashcroft Surgery¬Stewkley Road¬Wing¬¬Leighton Buzzard¬Bedfordshire¬LU7 0NE¬51.898033142089844¬-0.71666961908340454¬14Y¬NHS Buckinghamshire CCG¬01296 688201¬¬http://www.ashcroft-surgery.co.uk¬01296 681421
15365¬K82064¬GP¬UNKNOWN¬Visible¬True¬True¬Fishermead Medical Centre¬Fishermead Boulevard¬Fishermead¬¬Milton Keynes¬Buckinghamshire¬MK6 2LR¬52.036209106445312¬-0.74750196933746338¬04F¬NHS Milton Keynes CCG¬01908609240¬¬https://www.fishermeadmedicalcentre.co.uk¬01908 695674
15366¬K82065¬GP¬UNKNOWN¬Visible¬True¬True¬Central Milton Keynes Medical Centre¬68 Bradwell Common Boulevard¬Bradwell Common¬¬Milton Keynes¬Buckinghamshire¬MK13 8RN¬52.041950225830078¬-0.77504467964172363¬04F¬NHS Milton Keynes CCG¬01908605775¬¬http://www.cmkmc.co.uk/¬01908 295657
15367¬K82066001¬GP¬UNKNOWN¬Visible¬True¬True¬Orchard Surgery Branch¬Station Road¬Bourne End¬Bucks¬Bourne End¬Buckinghamshire¬SL8 5QE¬51.576229095458984¬-0.70973384380340576¬14Y¬NHS Buckinghamshire CCG¬01628530997¬¬http://www.poundhousepractice.co.uk¬0844 4773024
15368¬K82066¬GP¬UNKNOWN¬Visible¬True¬True¬Bourne End and Wooburn Green Medical Centre¬8 The Green¬¬¬High Wycombe¬Buckinghamshire¬HP10 0EE¬51.588760375976562¬-0.68273180723190308¬14Y¬NHS Buckinghamshire CCG¬01628530997¬¬https://www.bewgmc.co.uk/¬
15369¬K82067¬GP¬UNKNOWN¬Visible¬True¬True¬Hilltops Medical Centre¬Kensington Drive¬Great Holm¬¬Milton Keynes¬Buckinghamshire¬MK8 9HN¬52.035900115966797¬-0.79786509275436401¬04F¬NHS Milton Keynes CCG¬01908568446¬¬¬01908-265028
15371¬K82068¬GP¬UNKNOWN¬Visible¬True¬True¬Waddesdon Surgery¬Goss Avenue¬Waddesdon¬¬Aylesbury¬Buckinghamshire¬HP18 0LY¬51.844234466552734¬-0.91771465539932251¬14Y¬NHS Buckinghamshire CCG¬01296658585¬¬¬01296 658467
15373¬K82070¬GP¬UNKNOWN¬Visible¬True¬True¬Wing Surgery¬46 Stewkley Road¬Wing¬¬Leighton Buzzard¬Bedfordshire¬LU7 0NE¬51.897987365722656¬-0.71912401914596558¬14Y¬NHS Buckinghamshire CCG¬01296688949¬wingsurgery.admin@nhs.net¬¬01296 682250
15375¬K82073¬GP¬UNKNOWN¬Visible¬True¬True¬Westongrove Partnership¬Wendover Health Centre¬Aylesbury Raod¬¬Wendover¬Buckinghamshire¬HP22 6LD¬51.765880584716797¬-0.74376583099365234¬14Y¬NHS Buckinghamshire CCG¬01296623452¬¬https://www.westongrove.com¬01296 621675
15376¬K82073002¬GP¬UNKNOWN¬Visible¬True¬True¬Bedgrove Surgery¬Brentwood Way¬¬¬Aylesbury¬Buckinghamshire¬HP21 7TL¬51.806713104248047¬-0.78395456075668335¬14Y¬NHS Buckinghamshire CCG¬01296330330¬bedgrove.surgery@nhs.net¬www.westongrove.com¬
15377¬K82073001¬GP¬UNKNOWN¬Visible¬True¬True¬Aston Clinton Surgery¬136 London Road¬Aston Clinton¬¬Aylesbury¬Buckinghamshire¬HP22 5LB¬51.797798156738281¬-0.71170055866241455¬14Y¬NHS Buckinghamshire CCG¬01296 630241¬astonclinton.surgery@nhs.net¬https://www.westongrove.com¬01296 630033
15378¬K82074¬GP¬UNKNOWN¬Visible¬True¬True¬Kingfisher Surgery¬26 Elthorne Way¬¬¬Newport Pagnell¬Buckinghamshire¬MK16 0JR¬52.078475952148438¬-0.7296110987663269¬04F¬NHS Milton Keynes CCG¬01908618265¬¬http://www.kingfishersurgery.org.uk¬01908 615367
15379¬K82076¬GP¬UNKNOWN¬Visible¬True¬True¬Watling Vale Medical Centre¬Burchard Crescent¬Shenley Church End¬¬Milton Keynes¬Buckinghamshire¬MK5 6EY¬52.025463104248047¬-0.78855443000793457¬04F¬NHS Milton Keynes CCG¬01908501177¬¬¬01908-504916
15380¬K82078¬GP¬UNKNOWN¬Visible¬True¬True¬The Allan Practice¬Calcot Medical Centre¬Hampden Road¬Chalfont St Peter¬Gerrards Cross¬Buckinghamshire¬SL9 9SA¬51.606986999511719¬-0.56100159883499146¬14Y¬NHS Buckinghamshire CCG¬01753 887311¬¬http://www.calcotmedicalcentre.co.uk/¬01753 891933
15381¬K82079001¬GP¬UNKNOWN¬Visible¬True¬True¬Pitstone Surgery¬Yardley Avenue¬Pitstone¬¬Leighton Buzzard¬Bedfordshire¬LU7 9BE¬51.835174560546875¬-0.6420857310295105¬14Y¬NHS Buckinghamshire CCG¬01525223211¬¬http://www.edlesboroughsurgery.co.uk/¬
15382¬K82079¬GP¬UNKNOWN¬Visible¬True¬True¬Edlesborough Surgery¬11 Cow Lane¬Edlesborough¬¬Dunstable¬Bedfordshire¬LU6 2HT¬51.868415832519531¬-0.58863675594329834¬14Y¬NHS Buckinghamshire CCG¬01525221630¬¬http://www.edlesboroughsurgery.co.uk/¬01525 222961
15383¬K82603¬GP¬UNKNOWN¬Visible¬True¬True¬Cressex Health Centre¬Coronation Road¬Cressex Business Park¬¬High Wycombe¬Buckinghamshire¬HP12 3PP¬51.617115020751953¬-0.77878713607788086¬14Y¬NHS Buckinghamshire CCG¬01494415788¬officecressexhc@nhs.net¬http://www.cressexhealthcentre.co.uk/¬
15385¬K82610¬GP¬UNKNOWN¬Visible¬True¬True¬The Grove Surgery¬Farthing Close¬Netherfield¬¬Milton Keynes¬Buckinghamshire¬MK6 4NG¬52.023651123046875¬-0.73509997129440308¬04F¬NHS Milton Keynes CCG¬01908295700¬¬http://www.thegrovesurgery-netherfield.co.uk/¬01908 295 701
15386¬K82615¬GP¬UNKNOWN¬Visible¬True¬True¬Walnut Tree Health Centre¬2 Blackberry Court¬Walnut Tree¬¬Milton Keynes¬Buckinghamshire¬MK7 7PB¬52.021888732910156¬-0.69122344255447388¬04F¬NHS Milton Keynes CCG¬01908691123¬¬http://www.walnuttreehealthcentre.co.uk/¬01908 396270
15388¬K82617¬GP¬UNKNOWN¬Visible¬True¬True¬The Stonedean Practice¬Health Centre¬Stony Stratford¬¬Milton Keynes¬Buckinghamshire¬MK11 1YA¬52.056266784667969¬-0.85317957401275635¬04F¬NHS Milton Keynes CCG¬01908261155¬¬¬01908 265818
15389¬K82617001¬GP¬UNKNOWN¬Visible¬True¬True¬Stonedean Practice¬Deanshanger¬¬¬Milton Keynes¬Buckinghamshire¬MK19 6HU¬52.051582336425781¬-0.89270424842834473¬04F¬NHS Milton Keynes CCG¬01908261155¬¬¬
15390¬K82618¬GP¬UNKNOWN¬Visible¬True¬True¬The Practice Prospect House ¬108 High Street¬¬¬Great Missenden¬Buckinghamshire¬HP16 0BG¬51.701183319091797¬-0.70530045032501221¬14Y¬NHS Buckinghamshire CCG¬01494862325¬¬http://www.thepracticeprospecthouse.nhs.uk/¬021494 890510
15391¬K82621¬GP¬UNKNOWN¬Visible¬True¬True¬Dr Bajwa And Partners¬200 White Lion Road¬¬¬Little Chalfont¬Buckinghamshire¬HP7 9NU¬51.667724609375¬-0.56662636995315552¬14Y¬NHS Buckinghamshire CCG¬01494 762323¬¬https://www.littlechalfontsurgery.co.uk/¬01494 765973
15392¬K82631¬GP¬UNKNOWN¬Visible¬True¬True¬Milton Keynes Village Surgery¬Griffith Gate¬Middleton¬¬Milton Keynes¬Buckinghamshire¬MK10 9BQ¬52.043880462646484¬-0.69787180423736572¬04F¬NHS Milton Keynes CCG¬01908393979¬mkccg.mkvp@nhs.net¬http://www.mkvillagepractice.co.uk¬01908 393774
15393¬K82633¬GP¬UNKNOWN¬Visible¬True¬True¬Westcroft Health Centre¬1 Savill Lane¬Westcroft¬¬Milton Keynes¬Buckinghamshire¬MK4 4EN¬52.006366729736328¬-0.7956843376159668¬04F¬NHS Milton Keynes CCG¬01908520545¬westcroftmc@nhs.net¬www.westcrofthealthcentre.com¬01908-520975
15394¬K83002001¬GP¬UNKNOWN¬Visible¬True¬True¬Lakeside Surgery¬Bridge Street¬Brigstock¬¬Kettering¬Northamptonshire¬NN14 3ET¬52.458412170410156¬-0.61217689514160156¬78H¬NHS Northamptonshire CCG¬01536373283¬¬¬
15395¬K83002¬GP¬UNKNOWN¬Visible¬True¬True¬Lakeside Healthcare¬Cottingham Road¬¬¬Corby¬Northamptonshire¬NN17 2UR¬52.490478515625¬-0.71307510137557983¬78H¬NHS Northamptonshire CCG¬01536204154¬¬http://www.thelakesidesurgery.co.uk¬01536 748286
15396¬K83003¬GP¬UNKNOWN¬Visible¬True¬True¬Queensview Medical Centre¬Thornton Road¬¬¬Northampton¬Northamptonshire¬NN2 6LS¬52.253311157226563¬-0.90324670076370239¬78H¬NHS Northamptonshire CCG¬01604713315¬¬https://www..queensviewmedicalcentre.co.uk¬01604 714378
15399¬K83005¬GP¬UNKNOWN¬Visible¬True¬True¬Queensway Medical Centre¬12-14 Olympic Way¬¬¬Wellingborough¬Northamptonshire¬NN8 3QE¬52.304901123046875¬-0.71849161386489868¬78H¬NHS Northamptonshire CCG¬01933 420777¬¬¬
15400¬K83006¬GP¬UNKNOWN¬Visible¬True¬True¬Headlands Surgery¬20 Headlands¬¬¬Kettering¬Northamptonshire¬NN15 7HP¬52.394004821777344¬-0.72812515497207642¬78H¬NHS Northamptonshire CCG¬01536518886¬¬https://headlandssurgery.co.uk/¬
15401¬K83007¬GP¬UNKNOWN¬Visible¬True¬True¬Harborough Field Surgery¬160 Newton Road¬¬¬Rushden¬Northamptonshire¬NN10 0GP¬52.286304473876953¬-0.58206677436828613¬78H¬NHS Northamptonshire CCG¬01933 354200¬¬http://www.harboroughfieldsurgery.nhs.uk/¬01933 354201
15402¬K83008¬GP¬UNKNOWN¬Visible¬True¬True¬The Pines Surgery¬Harborough Road North¬¬¬Northampton¬Northamptonshire¬NN2 8LL¬52.272686004638672¬-0.90247547626495361¬78H¬NHS Northamptonshire CCG¬01604845144¬sara.richards@gp-k83008.nhs.uk¬www.pinessurgery.co.uk¬01604 820241
15403¬K83009001¬GP¬UNKNOWN¬Visible¬True¬True¬Moulton Surgery¬University Of Northampton¬University Drive¬Waterside Campus¬Northampton¬Northamptonshire¬NN1 5PH¬52.231594085693359¬-0.89017903804779053¬78H¬NHS Northamptonshire CCG¬01604892582¬wendy.ward1@nhs.net¬http://www.moultonsurgery.co.uk¬01604 719477
15404¬K83009¬GP¬UNKNOWN¬Visible¬True¬True¬Moulton Surgery¬120 Northampton Lane North¬120 Northampton Lane North¬Moulton¬Northampton¬Northamptonshire¬NN3 7QP¬52.285972595214844¬-0.8527711033821106¬78H¬NHS Northamptonshire CCG¬01604790108¬moulton.k83009@nhs.net¬http://www.moultonsurgery.co.uk¬01604 670827
15405¬K83010¬GP¬UNKNOWN¬Visible¬True¬True¬Eleanor Cross Healthcare¬Gloucester Avenue¬¬¬Northampton¬Northamptonshire¬NN4 8QF¬52.219566345214844¬-0.90283375978469849¬78H¬NHS Northamptonshire CCG¬01604708481¬¬https://www.eleanorcrosshealthcare.co.uk¬01604 663639
15406¬K83010001¬GP¬UNKNOWN¬Visible¬True¬True¬Whitefields Surgery¬Hunsbury Hill Road¬¬¬Northampton¬Northamptonshire¬NN4 9UW¬52.221012115478516¬-0.92611795663833618¬78H¬NHS Northamptonshire CCG¬01604760171¬¬http://www.eleanorcrosshealthcare.co.uk¬01604 708528
15407¬K83011¬GP¬UNKNOWN¬Visible¬True¬True¬The Redwell Medical Centre¬1 Turner Road¬¬¬Wellingborough¬Northamptonshire¬NN8 4UT¬52.314792633056641¬-0.70154064893722534¬78H¬NHS Northamptonshire CCG¬01933423424¬¬http://www.redwellmedicalcentre.co.uk¬01933 677953
15408¬K83012¬GP¬UNKNOWN¬Visible¬True¬True¬King Edward Road Surgery¬King Edward Road¬Christchurch Medical Centre¬¬Northampton¬Northamptonshire¬NN1 5LY¬52.242767333984375¬-0.86640793085098267¬78H¬NHS Northamptonshire CCG¬01604611600¬¬http://www.kers.org.uk/index.aspx¬01604 603227
15409¬K83013¬GP¬UNKNOWN¬Visible¬True¬True¬Eskdaill Medical Centre¬Prospect House¬121 Lower Street¬¬Kettering¬Northamptonshire¬NN16 8DN¬52.401237487792969¬-0.73394358158111572¬78H¬NHS Northamptonshire CCG¬01536526526¬info@eskdaillmedical.co.uk¬http://www.eskdaillmedical.co.uk¬01536 411336
15410¬K83014¬GP¬UNKNOWN¬Visible¬True¬True¬Leicester Terrace Health Care Centre¬7-8 Leicester Terrace¬¬¬Northampton¬Northamptonshire¬NN2 6AL¬52.24609375¬-0.89782935380935669¬78H¬NHS Northamptonshire CCG¬01604633682¬¬http://www.leicesterterrace.co.uk¬01604 233408
15411¬K83015¬GP¬UNKNOWN¬Visible¬True¬True¬Danetre Medical Practice¬Danetre Medical Practice¬London Road¬¬Daventry¬Northamptonshire¬NN11 4DY¬52.252040863037109¬-1.1608519554138184¬78H¬NHS Northamptonshire CCG¬01327 703333¬danetremedical.practice@nhs.net¬http://www.danetremedicalpractice.co.uk/¬
15412¬K83017¬GP¬UNKNOWN¬Visible¬True¬True¬Wansford & Kings Cliffe Practice¬Yarwell Road¬Wansford¬¬Peterborough¬Cambridgeshire¬PE8 6PL¬52.578838348388672¬-0.42169710993766785¬06H¬NHS Cambridgeshire And Peterborough CCG¬01780782342¬¬http://www.wansfordsurgery.co.uk¬01780 783434
15413¬K83017001¬GP¬UNKNOWN¬Visible¬True¬True¬Kings Cliffe Surgery¬35 West Street¬Kings Cliffe¬¬Peterborough¬Cambridgeshire¬PE8 6XB¬52.563385009765625¬-0.51940274238586426¬06H¬NHS Cambridgeshire And Peterborough CCG¬01780782342¬¬http://www.wansford.co.uk¬01780 783434
15414¬K83018¬GP¬UNKNOWN¬Visible¬True¬True¬Springfield Surgery¬Springfield Way¬¬¬Brackley¬Northamptonshire¬NN13 6JJ¬52.037914276123047¬-1.1541068553924561¬78H¬NHS Northamptonshire CCG¬01280703431¬¬http://www.springfieldsurgery.org.uk/¬01280 703241
15415¬K83019¬GP¬UNKNOWN¬Visible¬True¬True¬The Long Buckby Practice¬24 Station Road¬Long Buckby¬¬Northampton¬Northamptonshire¬NN6 7QB¬52.30047607421875¬-1.0825501680374146¬78H¬NHS Northamptonshire CCG¬01327842360¬longbuckby.practice@gp-k83019.nhs.uk¬¬01327 842302
15416¬K83020¬GP¬UNKNOWN¬Visible¬True¬True¬Rillwood Medical Centre¬Tonmead Road¬¬¬Northampton¬Northamptonshire¬NN3 8HZ¬52.263282775878906¬-0.83572912216186523¬78H¬NHS Northamptonshire CCG¬01604405006¬patrick.morgan@gp-k83020.nhs.uk¬¬01604 410826
15417¬K83021¬GP¬UNKNOWN¬Visible¬True¬True¬Rothwell Medical Centre¬109 Desborough Road¬¬¬Kettering¬Northamptonshire¬NN14 6JQ¬52.425800323486328¬-0.80796593427658081¬78H¬NHS Northamptonshire CCG¬01536211277¬¬http://www.rdhg.co.uk¬01536 714189
15418¬K83021001¬GP¬UNKNOWN¬Visible¬True¬True¬Desborough Surgery¬35 High Street¬Desborough¬¬Kettering¬Northamptonshire¬NN14 2NB¬52.441959381103516¬-0.82103568315505981¬78H¬NHS Northamptonshire CCG¬01536 211277¬¬http://www.rdhg.co.uk¬01536 763281
15419¬K83022¬GP¬UNKNOWN¬Visible¬True¬True¬Towcester Medical Centre¬Link Way¬¬¬Towcester¬Northamptonshire¬NN12 6HH¬52.127162933349609¬-0.99197888374328613¬78H¬NHS Northamptonshire CCG¬01327359953¬¬www.towcestermedicalcentre.co.uk¬01327 358929
15420¬K83022001¬GP¬UNKNOWN¬Visible¬True¬True¬Paulerspury Branch Surgery¬6A Lumber Lane¬Paulerspury¬¬Towcester¬Northamptonshire¬NN12 7ND¬52.102157592773438¬-0.95161896944046021¬78H¬NHS Northamptonshire CCG¬01327811630¬¬www.towcestermedicalcentre.co.uk¬01327 358929
15421¬K83023¬GP¬UNKNOWN¬Visible¬True¬True¬Lakeside Healthcare¬Glapthorn Road¬Oundle¬¬Peterborough¬Cambridgeshire¬PE8 4JA¬52.485584259033203¬-0.47228249907493591¬06H¬NHS Cambridgeshire And Peterborough CCG¬01832273408¬¬http://www.oundlesurgery.nhs.uk¬
15422¬K83024¬GP¬UNKNOWN¬Visible¬True¬True¬Rushden Medical Centre¬Adnitt Road¬¬¬Rushden¬Northamptonshire¬NN10 9TR¬52.290336608886719¬-0.60516303777694702¬78H¬NHS Northamptonshire CCG¬01933412666¬rushden.k83024@nhs.net¬http://www.rushdenmedicalcentre.com¬
15423¬K83025¬GP¬UNKNOWN¬Visible¬True¬True¬The Mounts Medical Centre¬Campbell Street¬¬¬Northampton¬Northamptonshire¬NN1 3DS¬52.242160797119141¬-0.89719408750534058¬78H¬NHS Northamptonshire CCG¬01604632117¬themounts.k83025@nhs.net¬http://www.themountsmedicalcentre.nhs.uk/¬01604 634139
15424¬K83026002¬GP¬UNKNOWN¬Visible¬True¬True¬Wollaston Surgery¬25 St Michael's Lane¬Wollaston¬¬Wellingborough¬Northamptonshire¬NN29 7QH¬52.254985809326172¬-0.6723899245262146¬78H¬NHS Northamptonshire CCG¬01933665011¬¬www.albanyhousemedicalcentre.co.uk¬01933 229236
15425¬K83026¬GP¬UNKNOWN¬Visible¬True¬True¬Dr Coulson And Partners¬3 Queen Street¬¬¬Wellingborough¬Northamptonshire¬NN8 4RW¬52.303398132324219¬-0.69555270671844482¬78H¬NHS Northamptonshire CCG¬01933234900¬¬www.albanyhousemedicalcentre.co.uk¬01933 229236
15426¬K83027¬GP¬UNKNOWN¬Visible¬True¬True¬Langham Place Surgery¬11 Langham Place¬¬¬Northampton¬Northamptonshire¬NN2 6AA¬52.247421264648438¬-0.89740097522735596¬78H¬NHS Northamptonshire CCG¬01604638162¬¬www.langhamplacesurgery.co.uk¬01604 602457
15427¬K83028001¬GP¬UNKNOWN¬Visible¬True¬True¬Woodford Branch Surgery¬13 Thrapston Road¬Woodford¬¬Kettering¬Northamptonshire¬NN14 4HY¬52.385627746582031¬-0.58292752504348755¬78H¬NHS Northamptonshire CCG¬01832732494¬¬http://www.spinneybrookmedcentre.co.uk/¬01832 735817
15428¬K83028¬GP¬UNKNOWN¬Visible¬True¬True¬Spinneybrook Medical Cntr¬59 High Street¬¬¬Irthlingborough¬Northamptonshire¬NN9 5GA¬52.324382781982422¬-0.61402660608291626¬78H¬NHS Northamptonshire CCG¬01933650593¬¬http://www.spinneybrookmedcentre.co.uk/¬01933 653641
15429¬K83029¬GP¬UNKNOWN¬Visible¬True¬True¬Abington Park Surgery¬Christchurch Medical Centre¬Ardington Road¬¬Northampton¬Northamptonshire¬NN1 5LT¬52.242488861083984¬-0.86837589740753174¬78H¬NHS Northamptonshire CCG¬01604 630396¬aps.patients@nhs.net¬http://www.abingtonparksurgery.com¬01604 603524
15430¬K83030¬GP¬UNKNOWN¬Visible¬True¬True¬The Cottons Medical Centre¬The Cottons Medical Centre¬Meadow Lane¬¬Raunds¬Northamptonshire¬NN9 6UA¬52.345649719238281¬-0.54776889085769653¬78H¬NHS Northamptonshire CCG¬01933 623327¬¬http://www.thecottonsmedicalcentre.co.uk¬01933 623370
15431¬K83031¬GP¬UNKNOWN¬Visible¬True¬True¬Byfield Medical Centre¬Church Street¬Byfield¬¬Daventry¬Northamptonshire¬NN11 6XN¬52.17572021484375¬-1.2435615062713623¬78H¬NHS Northamptonshire CCG¬01327265841¬¬http://www.byfieldmedicalcentre.co.uk¬01327 262243
15432¬K83032¬GP¬UNKNOWN¬Visible¬True¬True¬Abbey House Medical Practice¬Golding Close¬¬¬Daventry¬Northamptonshire¬NN11 4FE¬52.260322570800781¬-1.160710334777832¬78H¬NHS Northamptonshire CCG¬01327877770¬¬https://www.abbeyhousemedicalpractice.nhs.uk/¬01327 708585
15433¬K83032001¬GP¬UNKNOWN¬Visible¬True¬True¬Monksfield Surgery¬1 Wimborne Place¬¬¬Daventry¬Northamptonshire¬NN11 0XZ¬52.273799896240234¬-1.1596205234527588¬78H¬NHS Northamptonshire CCG¬01327877770¬¬https://www.abbeyhousemedicalpractice.nhs.uk/¬01327 706656
15435¬K83035¬GP¬UNKNOWN¬Visible¬True¬True¬Kingsthorpe Medical Centre¬Eastern Avenue South¬Kingsthorpe¬¬Northampton¬Northamptonshire¬NN2 7JN¬52.258701324462891¬-0.89238166809082031¬78H¬NHS Northamptonshire CCG¬01604713823¬¬http://kingsthorpemedicalcentre.com/¬01604 721996
15436¬K83036¬GP¬UNKNOWN¬Visible¬True¬True¬Linden Avenue Medical Centre¬54 Linden Avenue¬54 Linden Avenue¬¬Kettering¬Northamptonshire¬NN15 7NX¬52.397048950195313¬-0.71611809730529785¬78H¬NHS Northamptonshire CCG¬01536481734¬linden.admin@nhs.net¬http://www.lindenmedical.co.uk/¬01536 527055
15437¬K83036001¬GP¬UNKNOWN¬Visible¬True¬True¬Ise Village Medical Centre¬French Drive¬¬¬Kettering¬Northamptonshire¬NN15 5FB¬52.393501281738281¬-0.70014327764511108¬78H¬NHS Northamptonshire CCG¬01536481734¬¬http://www.lindenmedical.co.uk/¬01536 527055
15438¬K83037¬GP¬UNKNOWN¬Visible¬True¬True¬Dr Spencer And Partners¬Higham Road¬¬¬Kettering¬Northamptonshire¬NN15 5PU¬52.359893798828125¬-0.67731040716171265¬78H¬NHS Northamptonshire CCG¬01536723566¬jo.cox@gp-k83037.nhs.uk¬http://www.burtonlatimermedicalcentre.co.uk/¬01536 420226
15440¬K83039¬GP¬UNKNOWN¬Visible¬True¬True¬Dryland Surgery¬1 Field Street¬¬¬Kettering¬Northamptonshire¬NN16 8JZ¬52.402523040771484¬-0.72936487197875977¬78H¬NHS Northamptonshire CCG¬01536518951¬¬https://drylandsurgery.co.uk/¬01536 486200
15441¬K83040¬GP¬UNKNOWN¬Visible¬True¬True¬Woodview Medical Centre¬26 Holmecross Road¬Thorplands¬¬Northampton¬Northamptonshire¬NN3 8AW¬52.268684387207031¬-0.84187453985214233¬78H¬NHS Northamptonshire CCG¬01604670780¬woodview.medicalcentre@gp-k83040.nhs.uk¬http://www.woodviewmedicalcentre.co.uk¬01604 646208
15442¬K83041¬GP¬UNKNOWN¬Visible¬True¬True¬St Luke's Primary Care Centre¬Timken Way South¬Duston¬¬Northampton¬Northamptonshire¬NN5 6FR¬52.244670867919922¬-0.93937397003173828¬78H¬NHS Northamptonshire CCG¬01604587918¬nccg.contact.stlukesduston@nhs.net¬http://www.stlukesprimarycarecentre.co.uk¬
15444¬K83042¬GP¬UNKNOWN¬Visible¬True¬True¬Park Avenue Medical Centre¬166 -168 Park Avenue North¬¬¬Northampton¬Northamptonshire¬NN3 2HZ¬52.257915496826172¬-0.87090063095092773¬78H¬NHS Northamptonshire CCG¬01604716500¬gareth.williams6@nhs.net¬http://www.parkavenuemedicalcentre.co.uk/¬01604 721685
15445¬K83043¬GP¬UNKNOWN¬Visible¬True¬True¬Abington Medical Centre¬51A Beech Avenue¬¬¬Northampton¬Northamptonshire¬NN3 2JG¬52.253261566162109¬-0.86587673425674438¬78H¬NHS Northamptonshire CCG¬01604723420¬¬¬01604 450155
15446¬K83044¬GP¬UNKNOWN¬Visible¬True¬True¬Parklands Surgery¬Wymington Road¬¬¬Rushden¬Northamptonshire¬NN10 9EB¬52.283485412597656¬-0.59603977203369141¬78H¬NHS Northamptonshire CCG¬01933396000¬¬www.parklandssurgery.co.uk¬01933 396001
15450¬K83047¬GP¬UNKNOWN¬Visible¬True¬True¬Abbey Medical Practice¬Mannock Medical Centre¬Irthlingborough Road¬¬Wellingborough¬Northamptonshire¬NN8 1LT¬52.298057556152344¬-0.67767214775085449¬78H¬NHS Northamptonshire CCG¬01933233200¬¬http://www.abbeymedicalpractice.uk.com/¬
15451¬K83047001¬GP¬UNKNOWN¬Visible¬True¬True¬Earls Barton Surgery¬6 Broad Street¬Earls Barton¬¬Northampton¬Northamptonshire¬NN6 0ND¬52.264373779296875¬-0.75060838460922241¬78H¬NHS Northamptonshire CCG¬01604810691¬¬¬
15452¬K83048¬GP¬UNKNOWN¬Visible¬True¬True¬Brook Medical Practice¬Ecton Brook Road¬¬¬Northampton¬Northamptonshire¬NN3 5EN¬52.255825042724609¬-0.80378115177154541¬78H¬NHS Northamptonshire CCG¬01604401185¬¬¬01604 403268
15453¬K83049¬GP¬UNKNOWN¬Visible¬True¬True¬Brackley Medical Centre¬77 Halse Road¬¬¬Brackley¬Northamptonshire¬NN13 6EQ¬52.035984039306641¬-1.1469417810440063¬78H¬NHS Northamptonshire CCG¬01280 702436¬¬http://www.brackleymedicalcentre.co.uk/¬
15454¬K83050¬GP¬UNKNOWN¬Visible¬True¬True¬The Crescent Medical Centre¬2 The Crescent¬¬¬Northampton¬Northamptonshire¬NN1 4SB¬52.250450134277344¬-0.87637829780578613¬78H¬NHS Northamptonshire CCG¬01604713434¬¬http://www.thecrescentmedicalcentre.nhs.uk¬
15455¬K83051¬GP¬UNKNOWN¬Visible¬True¬True¬Weavers Medical¬Prospect House¬121 Lower Street¬¬Kettering¬Northamptonshire¬NN16 8DN¬52.401531219482422¬-0.7335236668586731¬78H¬NHS Northamptonshire CCG¬01536513494¬¬http://www.weaversmedical.co.uk¬01536 526330
15456¬K83052003¬GP¬UNKNOWN¬Visible¬True¬True¬Grange Park Surgery¬Grange Park Primary Care Centre¬Wilks Walk¬Grange Park¬Northampton¬Northamptonshire¬NN4 5DW¬52.189659118652344¬-0.88709813356399536¬78H¬NHS Northamptonshire CCG¬01604 434747¬karen.day6@nhs.net¬http://www.theparksmedicalpractice.co.uk¬01604 434731
15457¬K83052001¬GP¬UNKNOWN¬Visible¬True¬True¬Hanslope Surgery¬1 Western Drive¬Hanslope¬¬Milton Keynes¬Buckinghamshire¬MK19 7LA¬52.115390777587891¬-0.83216631412506104¬78H¬NHS Northamptonshire CCG¬01908510230¬samantha.hillier@nhs.net¬http://www.theparksmedicalpractice.co.uk¬01908 511662
15458¬K83052¬GP¬UNKNOWN¬Visible¬True¬True¬Roade Surgery¬16 London Road¬¬¬Roade¬Northamptonshire¬NN7 2NN¬52.159297943115234¬-0.89786922931671143¬78H¬NHS Northamptonshire CCG¬01604863100¬keith.hutchings@nhs.net¬http://www.theparksmedicalpractice.co.uk¬01604 862129
15459¬K83052004¬GP¬UNKNOWN¬Visible¬True¬True¬Blisworth Surgery¬32 Stoke Road¬Blisworth¬¬Northampton¬Northamptonshire¬NN7 3BT¬52.17205810546875¬-0.93845409154891968¬78H¬NHS Northamptonshire CCG¬01604878000¬h.mander@nhs.net¬http://www.theparksmedicalpractice.co.uk¬01604 878005
15461¬K83053¬GP¬UNKNOWN¬Visible¬True¬True¬Crick Medical Practice¬16 Watford Road¬Crick¬¬Northampton¬Northamptonshire¬NN6 7TT¬52.343215942382813¬-1.1358464956283569¬78H¬NHS Northamptonshire CCG¬01788822203¬crickmedicalpractice@nhs.net¬¬01788 824013
15462¬K83055¬GP¬UNKNOWN¬Visible¬True¬True¬Dr Moore & Partners¬Wootton Medical Centre¬36-38 High Street¬Wootton¬Northampton¬Northamptonshire¬NN4 6LW¬52.202274322509766¬-0.8864172101020813¬78H¬NHS Northamptonshire CCG¬01604 709922¬wootton.medicalcentre@nhs.net¬http://www.woottonmedicalcentre.co.uk¬
15463¬K83056¬GP¬UNKNOWN¬Visible¬True¬True¬County Surgery¬202-204 Abington Avenue¬¬¬Northampton¬Northamptonshire¬NN1 4QA¬52.248790740966797¬-0.87372499704360962¬78H¬NHS Northamptonshire CCG¬01604632918¬¬¬01604 601578
15465¬K83059¬GP¬UNKNOWN¬Visible¬True¬True¬Woodsend Medical Centre¬School Place¬¬¬Corby¬Northamptonshire¬NN18 0QP¬52.483844757080078¬-0.71141320466995239¬78H¬NHS Northamptonshire CCG¬01536212412¬woodsendreception@nhs.net¬http://www.woodsendmc.com¬01536 446918
15466¬K83064¬GP¬UNKNOWN¬Visible¬True¬True¬The Saxon Spires Practice¬West Haddon Road¬¬¬Guilsborough¬Northamptonshire¬NN6 8QE¬52.356800079345703¬-1.0315042734146118¬78H¬NHS Northamptonshire CCG¬01604740210¬¬¬01604 740869
15467¬K83064001¬GP¬UNKNOWN¬Visible¬True¬True¬The Saxon Spires Practice¬Brixworth Surgery¬Northampton Road¬¬Brixworth¬Northamptonshire¬NN6 9WU¬52.3184814453125¬-0.9030156135559082¬78H¬NHS Northamptonshire CCG¬01604880228¬¬https://www.saxonspires.co.uk/¬
15468¬K83065¬GP¬UNKNOWN¬Visible¬True¬True¬The Nene Valley Surgery¬Green Lane¬¬¬Kettering¬Northamptonshire¬NN14 4QL¬52.400062561035156¬-0.53676706552505493¬78H¬NHS Northamptonshire CCG¬01832732456¬nene.valley@gp-k83065.nhs.uk¬¬01832 736939
15469¬K83066¬GP¬UNKNOWN¬Visible¬True¬True¬Greens Norton & Weedon Medical Practice¬57 New Croft¬Weedon¬¬Northampton¬Northamptonshire¬NN7 4RX¬52.225826263427734¬-1.0814831256866455¬78H¬NHS Northamptonshire CCG¬01327340212¬paul.crosbie@nhs.net¬http://www.gnwmp.co.uk¬
15470¬K83066001¬GP¬UNKNOWN¬Visible¬True¬True¬Greens Norton Medical Centre ¬Towcester Road¬Greens Norton¬Towcester¬Northampton¬Northamptonshire¬NN12 8BL¬52.143726348876953¬-1.0225708484649658¬78H¬NHS Northamptonshire CCG¬01327 358287¬paul.crosbie@nhs.net¬http://www.gnwmp.co.uk¬
15471¬K83068¬GP¬UNKNOWN¬Visible¬True¬False¬Denton Village Surgery¬Orchard Lane¬Denton¬¬Northampton¬Northamptonshire¬NN7 1HT¬52.213970184326172¬-0.77371466159820557¬78H¬NHS Northamptonshire CCG¬01604890313¬¬http://www.dentonvillagesurgery.nhs.uk¬01604 890143
15472¬K83069¬GP¬UNKNOWN¬Visible¬True¬True¬Marshalls Road Surgery¬7 Marshalls Road¬¬¬Wellingborough¬Northamptonshire¬NN9 6ET¬52.344741821289063¬-0.53921055793762207¬78H¬NHS Northamptonshire CCG¬01933622349¬¬¬01933 625421
15473¬K83070¬GP¬UNKNOWN¬Visible¬True¬True¬Bugbrooke Medical Practice¬Levitts Road¬Bugbrooke¬¬Northampton¬Northamptonshire¬NN7 3QN¬52.211410522460937¬-1.0054116249084473¬78H¬NHS Northamptonshire CCG¬01604830348¬sam.masters@gp-k83070.nhs.uk¬http://www.bugbrookemedicalpractice.co.uk¬01604 832785
15475¬K83076¬GP¬UNKNOWN¬Visible¬True¬True¬Mayfield Surgery¬Weston Favell Health Centre¬Billing Brook Road¬¬Northampton¬Northamptonshire¬NN3 8DW¬52.258087158203125¬-0.83489823341369629¬78H¬NHS Northamptonshire CCG¬01604 415157¬jameel.surgery@nhs.net¬http://www.westonfavelhealthcentre.nhs.uk/¬
15476¬K83077¬GP¬UNKNOWN¬Visible¬True¬True¬Dr T Crawford & Partners¬129 Hazeldene Road¬¬¬Northampton¬Northamptonshire¬NN2 7PB¬52.258247375488281¬-0.8821297287940979¬78H¬NHS Northamptonshire CCG¬01604791002¬elizabeth.perryman@nhs.net¬http://www.greenviewsurgery.co.uk¬01604 721822
15477¬K83079¬GP¬UNKNOWN¬Visible¬True¬True¬Wollaston Surgery¬163 London Road¬¬¬Wellingborough¬Northamptonshire¬NN29 7QS¬52.252471923828125¬-0.67429614067077637¬78H¬NHS Northamptonshire CCG¬01933664214¬¬¬01933 664132
15479¬K83080¬GP¬UNKNOWN¬Visible¬True¬True¬Higham Ferrers Surgery¬14 Saffron Road¬Higham Ferrers¬¬Rushden¬Northamptonshire¬NN10 8ED¬52.308094024658203¬-0.59382390975952148¬78H¬NHS Northamptonshire CCG¬01933412777¬¬http://www.highamferrerssurgery.co.uk/¬01933 419013
15480¬K83081¬GP¬UNKNOWN¬Visible¬True¬True¬Summerlee Medical Centre¬Summerlee Road¬¬¬Wellingborough¬Northamptonshire¬NN9 5LJ¬52.337024688720703¬-0.6521308422088623¬78H¬NHS Northamptonshire CCG¬01933682203¬¬¬01933 682205
15481¬K83601¬GP¬UNKNOWN¬Visible¬True¬True¬Earls Barton Medical Centre¬8 Aggate Way¬Earls Barton¬¬Northampton¬Northamptonshire¬NN6 0EU¬52.264968872070313¬-0.75862723588943481¬78H¬NHS Northamptonshire CCG¬01604813940¬ebmc@nhs.net¬http://www.4mygp.info¬01604 810401
15482¬K83607¬GP¬UNKNOWN¬Visible¬True¬True¬Dr Sumira¬Studfall Court¬¬¬Corby¬Northamptonshire¬NN17 1QP¬52.495883941650391¬-0.70480096340179443¬78H¬NHS Northamptonshire CCG¬01536401371¬notificationsk83607@nhs.net¬http://www.drsumiraspractice-studfall.nhs.uk¬01536 401300
15483¬K83607001¬GP¬UNKNOWN¬Visible¬True¬True¬Weldon Branch Surgery¬11A High Street¬Weldon¬¬Corby¬Northamptonshire¬NN17 3JJ¬52.495746612548828¬-0.6364855170249939¬78H¬NHS Northamptonshire CCG¬01536266086¬¬¬
15484¬K83610¬GP¬UNKNOWN¬Visible¬True¬True¬Danes Camp Surgery¬Rowtree Road¬East Hunsbury¬¬Northampton¬Northamptonshire¬NN4 0NY¬52.204814910888672¬-0.90338724851608276¬78H¬NHS Northamptonshire CCG¬01604709426¬danescamp.k83610@nhs.net¬¬01604 709427
15485¬K83614¬GP¬UNKNOWN¬Visible¬True¬True¬The Studfall Partnership¬Studfall Court¬¬¬Corby¬Northamptonshire¬NN17 1QP¬52.495883941650391¬-0.70480096340179443¬78H¬NHS Northamptonshire CCG¬01536401372¬¬http://www.thestudfallpartnership.co.uk¬01536 401300
15486¬K83616¬GP¬UNKNOWN¬Visible¬True¬True¬The Meadows Surgery¬Meadow Lane¬¬¬Kettering¬Northamptonshire¬NN14 4GD¬52.399497985839844¬-0.53774106502532959¬78H¬NHS Northamptonshire CCG¬01832734444¬themeadows.k83616@nhs.net¬https://www.themeadowssurgerythrapston.nhs.uk¬
15487¬K83618¬GP¬UNKNOWN¬Visible¬True¬True¬Favell Plus Surgery¬Billing Brook Road¬Weston Favell¬¬Northampton¬Northamptonshire¬NN3 8DW¬52.258087158203125¬-0.83489823341369629¬78H¬NHS Northamptonshire CCG¬01604773490 (ext. 0)¬favellplus@nhs.net¬http://www.westonfavellsurgery.nhs.uk¬01604773498
15488¬K83601001¬GP¬UNKNOWN¬Visible¬True¬True¬Penvale Park Medical Centre¬Hardwick Road¬East Hunsbury¬¬Northampton¬Northamptonshire¬NN4 0GP¬52.212387084960938¬-0.90267390012741089¬78H¬NHS Northamptonshire CCG¬1604700660¬¬¬01604 700772
15489¬K83620001¬GP¬UNKNOWN¬Visible¬True¬True¬Silson Surgery¬Whittlebury Road¬Silverstone¬¬Towcester¬Northamptonshire¬NN12 8UN¬52.091915130615234¬-1.0238784551620483¬78H¬NHS Northamptonshire CCG¬01327857240¬¬¬01327 858399
15490¬K83620¬GP¬UNKNOWN¬Visible¬True¬True¬Dr Arif Supple¬Swinneyford Road¬¬¬Towcester¬Northamptonshire¬NN12 6HD¬52.126880645751953¬-0.99273020029067993¬78H¬NHS Northamptonshire CCG¬01327323900¬julia.jones@gp-k83620.nhs.uk¬http://www.brookhealthcentre.co.uk¬01327 323901
15491¬K83621¬GP¬UNKNOWN¬Visible¬True¬True¬Maple Access Partnership¬Maple House¬17-19 Hazelwood Road¬¬Northampton¬Northamptonshire¬NN1 1LG¬52.236961364746094¬-0.89107030630111694¬78H¬NHS Northamptonshire CCG¬01604250969¬nccg.mapleadmin@nhs.net¬http://www.mapleaccess.org.uk¬01604 639516
15492¬K83622¬GP¬UNKNOWN¬Visible¬True¬True¬Great Oakley Medical Centre¬1 Barth Close¬Great Oakley¬¬Corby¬Northamptonshire¬NN18 8LU¬52.470375061035156¬-0.72130221128463745¬78H¬NHS Northamptonshire CCG¬01536460046¬¬https://www.greatoakleymedicalcentre.co.uk¬01536 461404
15493¬K83625¬GP¬UNKNOWN¬Visible¬True¬False¬Dr David Keith Oliver¬School Road¬Mawsley¬¬Kettering¬Northamptonshire¬NN14 1SN¬52.375858306884766¬-0.81449657678604126¬78H¬NHS Northamptonshire CCG¬01536791300¬jane.evans1@nhs.net¬¬01536 791301
15494¬K84001¬GP¬UNKNOWN¬Visible¬True¬True¬The Hart Surgery¬York Road¬¬¬Henley On Thames¬Oxfordshire¬RG9 2DR¬51.538738250732422¬-0.90791749954223633¬10Q¬NHS Oxfordshire CCG¬01491 843200¬thehartsurgery@nhs.net¬http://www.thehartsurgery.nhs.uk¬01491 411296
15495¬K84002¬GP¬UNKNOWN¬Visible¬True¬True¬Didcot Health Centre Practice¬Britwell Road¬¬¬Didcot¬Oxfordshire¬OX11 7JH¬51.606525421142578¬-1.2476168870925903¬10Q¬NHS Oxfordshire CCG¬01235512288¬dhc.info@nhs.net¬http://www.didcothealthcentre.com¬01235 811473
15496¬K84003¬GP¬UNKNOWN¬Visible¬True¬True¬Islip Surgery¬Bletchingdon Road¬Islip¬¬Kidlington¬Oxfordshire¬OX5 2TQ¬51.824928283691406¬-1.2386019229888916¬10Q¬NHS Oxfordshire CCG¬01865371666¬islip.reception@nhs.net¬https://www.islipsurgery.org.uk/¬
15497¬K84004¬GP¬UNKNOWN¬Visible¬True¬True¬Donnington Medical Partnership¬Donnington Health Centre¬1 Henley Avenue¬¬Oxford¬Oxfordshire¬OX4 4DH¬51.735363006591797¬-1.2322587966918945¬10Q¬NHS Oxfordshire CCG¬01865771313¬¬http://www.donningtonhealthcentre.nhs.uk¬01865 770781
15500¬K84006001¬GP¬UNKNOWN¬Visible¬True¬True¬Long Hanborough Surgery¬56 Churchill Way¬Long Hanborough¬¬Witney¬Oxfordshire¬OX29 8JL¬51.823715209960937¬-1.3968186378479004¬10Q¬NHS Oxfordshire CCG¬01993881330¬¬https://www.eynshammedicalgroup.org.uk¬01993 882264
15501¬K84006¬GP¬UNKNOWN¬Visible¬True¬True¬Eynsham Medical Group¬Conduit Lane¬Eynsham¬¬Witney¬Oxfordshire¬OX29 4QB¬51.781154632568359¬-1.3765556812286377¬10Q¬NHS Oxfordshire CCG¬01865881206¬¬https://www.eynshammedicalgroup.org.uk¬01865 881342
15502¬K84007¬GP¬UNKNOWN¬Visible¬True¬True¬Temple Cowley Medical Group¬Temple Road¬Cowley¬¬Oxford¬Oxfordshire¬OX4 2HL¬51.734809875488281¬-1.2124437093734741¬10Q¬NHS Oxfordshire CCG¬01865777024¬¬http://www.templecowleyhealthcentre.co.uk¬01865 777548
15503¬K84008001¬GP¬UNKNOWN¬Visible¬True¬True¬The Brook Surgery¬High Street¬Chalgrove¬¬Oxford¬Oxfordshire¬OX44 7AF¬51.671195983886719¬-1.0897064208984375¬10Q¬NHS Oxfordshire CCG¬01865890760¬¬http://www.watlington-surgeries.nhs.uk/¬01865 893509
15504¬K84008¬GP¬UNKNOWN¬Visible¬True¬True¬Chalgrove & Watlington Surgeries¬Hill Road¬¬¬Watlington¬Oxfordshire¬OX49 5AF¬51.640785217285156¬-0.99461817741394043¬10Q¬NHS Oxfordshire CCG¬01491612444¬¬http://www.watlington-surgeries.nhs.uk/¬01491 613988
15505¬K84009¬GP¬UNKNOWN¬Visible¬True¬True¬Bury Knowle Health Centre¬207 London Road¬Headington¬¬Oxford¬Oxfordshire¬OX3 9JA¬51.762027740478516¬-1.2045515775680542¬10Q¬NHS Oxfordshire CCG¬01865227788¬buryknowle@nhs.net¬https://www.hedenahealth.co.uk¬
15506¬K84009001¬GP¬UNKNOWN¬Visible¬True¬True¬Barton Surgery¬Neighbourhood Centre¬Underhill Circus¬¬Oxford¬Oxfordshire¬OX3 9LS¬51.767787933349609¬-1.1965090036392212¬10Q¬NHS Oxfordshire CCG¬01865227788¬buryknowle@nhs.net¬https://www.hedenahealth.co.uk¬
15507¬K84010¬GP¬UNKNOWN¬Visible¬True¬True¬Dr J Uden & Partners, Bampton¬Landells¬Bampton¬¬Oxford¬Oxfordshire¬OX18 2LJ¬51.729034423828125¬-1.5503256320953369¬10Q¬NHS Oxfordshire CCG¬01993850257¬¬www.bamptonmedicalpractice.co.uk¬01993 851989
15508¬K84010001¬GP¬UNKNOWN¬Visible¬True¬True¬Dr J Uden & Partners, Carterton¬Carterton Health Centre¬Alvescot Road¬Carterton¬Carteron¬Oxfordshire¬OX18 3LJ¬51.758701324462891¬-1.5965679883956909¬10Q¬NHS Oxfordshire CCG¬01993841718¬¬www.bamptonmedicalpractice.co.uk¬01993 845088
15509¬K84011001¬GP¬UNKNOWN¬Visible¬True¬True¬Cutteslowe Surgery¬9 Kendall Crescent¬¬¬Oxford¬Oxfordshire¬OX2 7NE¬51.769615173339844¬-1.2656619548797607¬10Q¬NHS Oxfordshire CCG¬01865 512288¬kendall.reception@nhs.net¬www.summertownhealthcentre.co.uk¬01865 310046
15510¬K84011¬GP¬UNKNOWN¬Visible¬True¬True¬Summertown Health Centre¬160 Banbury Road¬¬¬Oxford¬Oxfordshire¬OX2 7BS¬51.774383544921875¬-1.2632656097412109¬10Q¬NHS Oxfordshire CCG¬01865515552¬summertownhc@nhs.net¬www.summertownhealthcentre.co.uk¬01865 311237
15511¬K84011002¬GP¬UNKNOWN¬Visible¬True¬True¬Wolvercote Surgery¬73 Godstow Road¬Wolvercote¬¬Oxford¬Oxfordshire¬OX2 8PE¬51.783493041992188¬-1.2897474765777588¬10Q¬NHS Oxfordshire CCG¬01865 556044¬kendall.reception@nhs.net¬www.summertownhealthcentre.co.uk¬01865 556044
15512¬K84012¬GP¬UNKNOWN¬Visible¬True¬False¬Elm Tree Surgery¬24A High Street¬Shrivenham Swindon¬¬Swindon¬Wiltshire¬SN6 8AG¬51.599136352539062¬-1.653985857963562¬92G¬NHS Bath And North East Somerset, Swindon And Wiltshire CCG¬01793782207¬¬http://www.elmtreesurgery.co.uk¬01793 784429
15513¬K84013001¬GP¬UNKNOWN¬Visible¬True¬True¬Oxford Brookes Medical Centre¬3Rd Floor, The Collonade, Gipsy Lane¬3Rd Floor, The Collonade¬Gipsy Lane¬Oxford¬Oxfordshire¬OX3 0BP¬51.754383087158203¬-1.2231861352920532¬10Q¬NHS Oxfordshire CCG¬01865483193¬¬http://www.sbmc.org.uk/¬
15514¬K84013¬GP¬UNKNOWN¬Visible¬True¬True¬St Bartholomew's Medical Centre¬Manzil Way¬Cowley Road¬¬Oxford¬Oxfordshire¬OX4 1XB¬51.747669219970703¬-1.2320936918258667¬10Q¬NHS Oxfordshire CCG¬01865242334¬¬http://www.sbmc.org.uk/¬01865 255296
15515¬K84014¬GP¬UNKNOWN¬Visible¬True¬False¬Morland House Surgery¬London Road¬Wheatley¬¬Oxford¬Oxfordshire¬OX33 1YJ¬51.749538421630859¬-1.1382007598876953¬10Q¬NHS Oxfordshire CCG¬01865872448¬morland.medical@nhs.net¬http://www.morland-house.co.uk¬01865 874158
15516¬K84015¬GP¬UNKNOWN¬Visible¬True¬True¬Nettlebed Surgery¬Wanbourne Lane¬Nettlebed¬¬Henley On Thames¬Oxfordshire¬RG9 5AJ¬51.576282501220703¬-0.991871178150177¬10Q¬NHS Oxfordshire CCG¬01491641204¬reception.k84015@nhs.net¬http://www.nettlebed.gpsurgery.net¬01491 641162
15517¬K84016¬GP¬UNKNOWN¬Visible¬True¬True¬19 Beaumont Street Surgery¬19 Beaumont Street¬¬¬Oxford¬Oxfordshire¬OX1 2NA¬51.754905700683594¬-1.2618468999862671¬10Q¬NHS Oxfordshire CCG¬01865 240501¬info.nbs@nhs.net¬http://www.19beaumontstreet.com/¬01865 240503
15518¬K84017¬GP¬UNKNOWN¬Visible¬True¬True¬Windrush Medical Practice¬Windrush Health Centre¬Welch Way¬¬Witney¬Oxfordshire¬OX28 6JS¬51.787326812744141¬-1.4889291524887085¬10Q¬NHS Oxfordshire CCG¬01993702911¬¬http://www.windrushmedicalpractice.co.uk¬01993 700931
15519¬K84019¬GP¬UNKNOWN¬Visible¬True¬True¬Newbury Street Practice¬The Health Centre¬Mably Way¬¬Wantage¬Oxfordshire¬OX12 9BN¬51.598766326904297¬-1.425832986831665¬10Q¬NHS Oxfordshire CCG¬01235763451¬k.fido@nhs.net¬http://www.newburystreetpractice.co.uk¬01235 771829
15520¬K84020¬GP¬UNKNOWN¬Visible¬True¬True¬Sonning Common Health Ctr¬Sonning Common Health Centre¬Wood Lane¬Sonning Common¬Reading¬Berkshire¬RG4 9SW¬51.515605926513672¬-0.98209971189498901¬10Q¬NHS Oxfordshire CCG¬01189722188¬¬www.sonningcommonhealthcentre.co.uk¬0118 9724633
15521¬K84021¬GP¬UNKNOWN¬Visible¬False¬True¬Banbury Road Medical Centre¬172 Banbury Road¬¬¬Oxford¬Oxfordshire¬OX2 7BT¬51.774772644042969¬-1.2635202407836914¬10Q¬NHS Oxfordshire CCG¬01865515731¬¬¬01865 510711
15523¬K84023¬GP¬UNKNOWN¬Visible¬True¬True¬Berinsfield Health Centre¬Fane Drive¬Berinsfield¬¬Wallingford¬Oxfordshire¬OX10 7NE¬51.663990020751953¬-1.1767593622207642¬10Q¬NHS Oxfordshire CCG¬01865340558¬reception.berinsfield@nhs.net¬https://berinsfieldhealthcentre.co.uk/¬01865 341973
15524¬K84024002¬GP¬UNKNOWN¬Visible¬True¬True¬Bradley Arcade Branch Surgery¬12 Bradley Arcade¬Bretch Hill¬¬Banbury¬Oxfordshire¬OX16 0LS¬52.062629699707031¬-1.3639376163482666¬10Q¬NHS Oxfordshire CCG¬01295251491¬¬¬
15526¬K84024¬GP¬UNKNOWN¬Visible¬True¬True¬Windrush Surgery¬21 West Bar¬¬¬Banbury¬Oxfordshire¬OX16 9SA¬52.058902740478516¬-1.3432791233062744¬10Q¬NHS Oxfordshire CCG¬01295251491¬¬¬01295 277706
15528¬K84025¬GP¬UNKNOWN¬Visible¬True¬True¬Botley Medical Centre¬Elms Road¬Botley¬¬Oxford¬Oxfordshire¬OX2 9JS¬51.753757476806641¬-1.2994276285171509¬10Q¬NHS Oxfordshire CCG¬01865248719¬¬www.botleymedicalcentre.co.uk¬01865 728116
15530¬K84026¬GP¬UNKNOWN¬Visible¬True¬True¬Observatory Medical Practice¬Jericho Health Centre¬New Radcliffe House¬Walton Street¬Oxford¬¬OX2 6NW¬51.759773254394531¬-1.2654838562011719¬10Q¬NHS Oxfordshire CCG¬01865 429993¬jericho.two@nhs.net¬http://www.gpjerichotwo.co.uk/¬01865 458410
15531¬K84027001¬GP¬UNKNOWN¬Visible¬True¬True¬Appleton Surgery¬The Village Hall¬Appleton¬¬Abingdon¬Oxfordshire¬OX13 5JS¬51.708148956298828¬-1.3607136011123657¬10Q¬NHS Oxfordshire CCG¬01865862107¬malthouse.surgery@nhs.net¬http://www.malthousesurgery.co.uk¬
15532¬K84027¬GP¬UNKNOWN¬Visible¬True¬True¬Malthouse Surgery¬The Charter¬¬¬Abingdon¬Oxfordshire¬OX14 3JY¬51.672061920166016¬-1.2829591035842896¬10Q¬NHS Oxfordshire CCG¬01235468860¬malthouse.surgery@nhs.net¬http://www.malthousesurgery.co.uk¬01235 532197
15533¬K84028¬GP¬UNKNOWN¬Visible¬True¬True¬Banbury Cross Health Centre @ South Bar House¬South Bar House¬6 Oxford Road¬¬Banbury¬Oxfordshire¬OX16 9AD¬52.057430267333984¬-1.3406754732131958¬10Q¬NHS Oxfordshire CCG¬01295256261¬banburycross.hc@nhs.net¬http://banburycrosshealthcentre.co.uk¬01295 258321
15534¬K84028001¬GP¬UNKNOWN¬Visible¬True¬True¬Banbury Cross Health Centre @ Hardwick¬Ferriston¬¬¬Banbury¬Oxfordshire¬OX16 1XE¬52.075374603271484¬-1.3551771640777588¬10Q¬NHS Oxfordshire CCG¬01295256261¬¬http://www.banburycrosshealthcentre.co.uk¬
15536¬K84030¬GP¬UNKNOWN¬Visible¬True¬True¬Chipping Norton Health Centre¬Russell Way¬¬¬Chipping Norton¬Oxfordshire¬OX7 5FA¬51.944759368896484¬-1.5358186960220337¬10Q¬NHS Oxfordshire CCG¬01608642529¬cnhc.reception@nhs.net¬http://www.chippingnortonhealthcentre.nhs.uk/¬01608 648838
15537¬K84031¬GP¬UNKNOWN¬Visible¬True¬True¬The Leys Health Centre¬Dunnock Way¬¬¬Oxford¬Oxfordshire¬OX4 7EX¬51.717529296875¬-1.196994423866272¬10Q¬NHS Oxfordshire CCG¬01865778244¬¬www.theleyshealthcentre.co.uk¬01865 774686
15538¬K84032¬GP¬UNKNOWN¬Visible¬True¬True¬Bartlemas Surgery¬East Oxford Health Centre¬Manzil Way¬Cowley¬Oxford¬Oxfordshire¬OX4 1XD¬51.747188568115234¬-1.2324784994125366¬10Q¬NHS Oxfordshire CCG¬01865263120¬bartlemas.admin@nhs.net¬http://www.bartlemas.org.uk¬01865 200421
15539¬K84033¬GP¬UNKNOWN¬Visible¬True¬True¬Church Street Practice¬Mably Way¬¬¬Wantage¬Oxfordshire¬OX12 9BN¬51.598766326904297¬-1.425832986831665¬10Q¬NHS Oxfordshire CCG¬01235770245¬churchstreetpractice@nhs.net¬https://wantagechurchstreet.co.uk¬
15540¬K84034¬GP¬UNKNOWN¬Visible¬True¬True¬Clifton Hampden Surgery¬Watery Lane¬Clifton Hampden¬¬Abingdon¬Oxfordshire¬OX14 3EL¬51.657543182373047¬-1.2099981307983398¬10Q¬NHS Oxfordshire CCG¬01865 407888¬occg.chadmin@nhs.net¬https://www.cliftonhampdensurgery.co.uk/¬
15541¬K84035¬GP¬UNKNOWN¬Visible¬True¬True¬The Bell Surgery¬York Road¬¬¬Henley On Thames¬Oxfordshire¬RG9 2DR¬51.538738250732422¬-0.90791749954223633¬10Q¬NHS Oxfordshire CCG¬01491843250¬¬http://www.thebellsurgery.nhs.uk/index.aspx¬01491 411295
15542¬K84036¬GP¬UNKNOWN¬Visible¬True¬True¬Mill Stream Surgery¬Benson¬¬¬Wallingford¬Oxfordshire¬OX10 6RL¬51.620586395263672¬-1.1061447858810425¬10Q¬NHS Oxfordshire CCG¬01491838286¬¬www.millstreamsurgery.nhs.uk¬01491 824021
15543¬K84037¬GP¬UNKNOWN¬Visible¬True¬True¬Wallingford Medical Practice¬Wallingford Medical Practice¬Reading Road¬¬Wallingford¬Oxfordshire¬OX10 9DU¬51.594676971435547¬-1.1282790899276733¬10Q¬NHS Oxfordshire CCG¬01491835577¬¬¬01491 824034
15544¬K84038¬GP¬UNKNOWN¬Visible¬True¬True¬Montgomery-House Surgery¬Piggy Lane¬¬¬Bicester¬Oxfordshire¬OX26 6HT¬51.896194458007812¬-1.158063530921936¬10Q¬NHS Oxfordshire CCG¬01869249222¬admin.mhs@nhs.net¬http://www.montgomeryhousesurgery.co.uk¬
15548¬K84041¬GP¬UNKNOWN¬Visible¬True¬True¬Marcham Rd Family Health Centre¬Family Health Centre¬Marcham Road¬¬Abingdon¬Oxfordshire¬OX14 1BT¬51.669582366943359¬-1.3029388189315796¬10Q¬NHS Oxfordshire CCG¬01235522602¬¬¬01235 534605
15549¬K84042¬GP¬UNKNOWN¬Visible¬True¬True¬Dr Turner And Partners¬Park Lane¬Woodstock Surgery¬Park Lane¬Woodstock¬Oxfordshire¬OX20 1UD¬51.846683502197266¬-1.3551825284957886¬10Q¬NHS Oxfordshire CCG¬01993811452¬s.kavanagh2@nhs.net¬https://www.woodstocksurgery.co.uk¬01993 812554
15550¬K84043001¬GP¬UNKNOWN¬Visible¬True¬True¬Blewbury Surgery¬The Village Hall¬Blewbury¬¬Didcot¬Oxfordshire¬OX11 9QQ¬51.571239471435547¬-1.2357760667800903¬10Q¬NHS Oxfordshire CCG¬01235 517760¬woodlands.medical@nhs.net¬http://www.woodlandsmedicalcentre.com/¬
15551¬K84043¬GP¬UNKNOWN¬Visible¬True¬True¬Woodlands Medical Centre¬Woodlands Road¬¬¬Didcot¬Oxfordshire¬OX11 0BB¬51.6036376953125¬-1.2588839530944824¬10Q¬NHS Oxfordshire CCG¬01235517760¬woodlands.medical@nhs.net¬http://www.woodlandsmedicalcentre.com/¬01235 512808
15552¬K84044¬GP¬UNKNOWN¬Visible¬True¬True¬Manor Surgery¬Osler Road¬Headington¬¬Oxford¬Oxfordshire¬OX3 9BP¬51.761474609375¬-1.2150226831436157¬10Q¬NHS Oxfordshire CCG¬01865762535¬¬http://www.manorsurgeryoxford.co.uk¬01865 761189
15553¬K84045¬GP¬UNKNOWN¬Visible¬True¬True¬Gosford Hill Medical Centre¬167 Oxford Road¬¬¬Kidlington¬Oxfordshire¬OX5 2NS¬51.815502166748047¬-1.280845046043396¬10Q¬NHS Oxfordshire CCG¬01865374242¬¬¬01865 377826
15554¬K84046¬GP¬UNKNOWN¬Visible¬True¬True¬Wychwood Surgery¬Meadow Lane¬Shipton Under Wychwood¬¬Chipping Norton¬Oxfordshire¬OX7 6BW¬51.863262176513672¬-1.5973621606826782¬10Q¬NHS Oxfordshire CCG¬01993831061¬vanessa.newman@nhs.net¬http://www.wychwoodsurgery.co.uk¬01993 831867
15555¬K84047001¬GP¬UNKNOWN¬Visible¬True¬True¬Carterton Health Centre¬Carterton Health Centre¬17 Alvescot Road¬¬Carterton¬Oxfordshire¬OX18 3LJ¬51.758701324462891¬-1.5965679883956909¬10Q¬NHS Oxfordshire CCG¬01993822176¬¬http://www.burfordsurgery.co.uk¬01993 822885
15556¬K84047¬GP¬UNKNOWN¬Visible¬True¬True¬Burford Surgery¬59 Sheep Street¬¬¬Burford¬Oxfordshire¬OX18 4LS¬51.807723999023438¬-1.6387729644775391¬10Q¬NHS Oxfordshire CCG¬01993822176¬¬http://www.burfordsurgery.co.uk¬
15557¬K84048¬GP¬UNKNOWN¬Visible¬True¬True¬Hollow Way Medical Centre¬18 Ivy Close¬Cowley¬¬Oxford¬Oxfordshire¬OX4 2NB¬51.736248016357422¬-1.20740807056427¬10Q¬NHS Oxfordshire CCG¬01865777495¬hollowwaymedicalcentre@nhs.net¬http://www.hollowwaymedicalcentre.co.uk¬01865 771472
15558¬K84049¬GP¬UNKNOWN¬Visible¬True¬True¬27 Beaumont Street Medical Practice¬27 Beaumont Street¬¬¬Oxford¬Oxfordshire¬OX1 2NR¬51.755081176757813¬-1.2621454000473022¬10Q¬NHS Oxfordshire CCG¬01865311500¬beaumontst.practice@nhs.net¬https://www.27beaumontstreet.co.uk/¬01865 311720
15559¬K84050¬GP¬UNKNOWN¬Visible¬True¬True¬The Rycote Practice¬Thame Health Centre¬East Street¬¬Thame¬Oxfordshire¬OX9 3JZ¬51.745006561279297¬-0.96855229139328003¬10Q¬NHS Oxfordshire CCG¬01844261066¬therycotepractice@nhs.net¬http://www.therycotepractice.co.uk/¬01844 260347
15560¬K84051¬GP¬UNKNOWN¬Visible¬True¬True¬White Horse Medical Practice¬Faringdon Medical Centre¬The White Horse Medical Practice¬Volunteer Way¬Faringdon¬Oxfordshire¬SN7 7YU¬51.651596069335937¬-1.5800004005432129¬10Q¬NHS Oxfordshire CCG¬01367242388¬¬http://www.whmp.co.uk¬01367 245401
15561¬K84052¬GP¬UNKNOWN¬Visible¬True¬True¬Bicester Health Centre¬¬Coker Close¬¬Bicester¬Oxfordshire¬OX26 6AT¬51.896800994873047¬-1.157422661781311¬10Q¬NHS Oxfordshire CCG¬01869249333¬bicester.hc@nhs.net¬http://www.bicesterhc.co.uk¬01869 320314
15562¬K84054¬GP¬UNKNOWN¬Visible¬True¬True¬The Abingdon Surgery¬65 Stert Street¬¬¬Abingdon¬Oxfordshire¬OX14 3LB¬51.672023773193359¬-1.2814991474151611¬10Q¬NHS Oxfordshire CCG¬01235523126¬abingdon.surgery@nhs.net¬https://www.abingdonsurgery.com¬01235 550625
15563¬K84055¬GP¬UNKNOWN¬Visible¬True¬True¬Deddington Health Centre¬Earls Lane¬Deddington¬¬Banbury¬Oxfordshire¬OX15 0TQ¬51.98291015625¬-1.3221563100814819¬10Q¬NHS Oxfordshire CCG¬01869338611¬¬http://www.deddingtonsurgery.co.uk¬01869 337009
15564¬K84056¬GP¬UNKNOWN¬Visible¬True¬True¬Cropredy Surgery¬Claydon Road¬Cropredy¬¬Banbury¬Oxfordshire¬OX17 1FB¬52.116733551025391¬-1.3200123310089111¬10Q¬NHS Oxfordshire CCG¬01295758372¬cropredy.surgery@nhs.net¬http://www.cropredy-surgery.co.uk¬01295 750435
15565¬K84058¬GP¬UNKNOWN¬Visible¬True¬True¬Bloxham Surgery¬Godswell Lodge¬Church Street¬Bloxham¬Banbury¬Oxfordshire¬OX15 4ES¬52.018112182617188¬-1.372962474822998¬10Q¬NHS Oxfordshire CCG¬01295722788¬¬http://www.bloxhamsurgery.co.uk¬01295 721375
15566¬K84058001¬GP¬UNKNOWN¬Visible¬True¬True¬Hook Norton Surgery¬The Bourne¬Hook Norton¬¬Banbury¬Oxfordshire¬OX15 5PB¬51.997573852539062¬-1.4878069162368774¬10Q¬NHS Oxfordshire CCG¬01608737302¬¬http://www.bloxhamsurgery.co.uk¬01608 730918
15567¬K84059¬GP¬UNKNOWN¬Visible¬True¬True¬Hightown Surgery¬Hightown Gardens¬¬¬Banbury¬Oxfordshire¬OX16 9DB¬52.051231384277344¬-1.3364791870117188¬10Q¬NHS Oxfordshire CCG¬01295270722¬¬http://www.hightownsurgery.co.uk/¬
15568¬K84060¬GP¬UNKNOWN¬Visible¬True¬True¬St Clements Surgery¬39 Temple Street¬¬¬Oxford¬Oxfordshire¬OX4 1JS¬51.748294830322266¬-1.2412667274475098¬10Q¬NHS Oxfordshire CCG¬01865248550¬stclements.reception@nhs.net¬http://www.stclementssurgery.org/¬01865 200984
15569¬K84062¬GP¬UNKNOWN¬Visible¬True¬True¬Woodlands Surgery¬4 Burchester Place¬Grimsbury¬¬Banbury¬Oxfordshire¬OX16 3WT¬52.067131042480469¬-1.3201237916946411¬10Q¬NHS Oxfordshire CCG¬01295368022¬woodlands.info@nhs.net¬http://www.woodlandssurgery-banbury.co.uk/¬01295661299
15570¬K84063¬GP¬UNKNOWN¬Visible¬True¬True¬Cowley Road Medical Practice¬East Oxford Health Centre¬Manzil Way¬¬Oxford¬Oxfordshire¬OX4 1XD¬51.747188568115234¬-1.2324784994125366¬10Q¬NHS Oxfordshire CCG¬01865791850¬¬http://www.cowleyroadmedicalpractice.org.uk¬
15571¬K84065¬GP¬UNKNOWN¬Visible¬True¬False¬Sibford Surgery¬Sibford Gower¬¬¬Banbury¬Oxfordshire¬OX15 5RQ¬52.037616729736328¬-1.4792294502258301¬10Q¬NHS Oxfordshire CCG¬01295780213¬¬¬01295 788280
15572¬K84066¬GP¬UNKNOWN¬Visible¬True¬True¬Luther Street Medical Centre¬Luther Street Primary Care Ltd¬Po Box 7¬St.Aldates¬Oxford¬Oxfordshire¬OX1 1UL¬51.747528076171875¬-1.2577780485153198¬10Q¬NHS Oxfordshire CCG¬01865 901571¬¬¬01865 204133
15573¬K84071¬GP¬UNKNOWN¬Visible¬True¬True¬Goring & Woodcote Medical Practice¬Goring Surgery, Red Cross Road¬Goring On Thames¬¬Reading¬Berkshire¬RG8 9HG¬51.522365570068359¬-1.1343588829040527¬10Q¬NHS Oxfordshire CCG¬01491872372¬¬http://www.goringwoodcotemedicalpractice.nhs.uk¬01491 875908
15574¬K84071001¬GP¬UNKNOWN¬Visible¬True¬True¬Goring & Woodcote Medical Practice¬Wayside Green¬Woodcote Surgery, Wayside Green¬Woodcote¬Reading¬Berkshire¬RG8 0QL¬51.533737182617188¬-1.0751913785934448¬10Q¬NHS Oxfordshire CCG¬01491680686¬¬http://www.goringwoodcotemedicalpractice.nhs.uk/¬01491 682264
15576¬K84072¬GP¬UNKNOWN¬Visible¬True¬True¬The Nuffield Practice¬Welch Way¬¬¬Witney¬Oxfordshire¬OX28 6JQ¬51.786441802978516¬-1.4867789745330811¬10Q¬NHS Oxfordshire CCG¬01993703641¬¬http://thenuffieldpractice.co.uk¬01993 773899
15579¬K84075¬GP¬UNKNOWN¬Visible¬True¬True¬Broadshires Health Centre¬Broadshires Way¬¬¬Carterton¬Oxfordshire¬OX18 1JA¬51.765041351318359¬-1.586701512336731¬10Q¬NHS Oxfordshire CCG¬01993845600¬¬http://www.broadshireshealthcentre.com¬01993 841551
15580¬K84009003¬GP¬UNKNOWN¬Visible¬True¬True¬Hedena at Marston Pharmacy¬Marston Pharmacy¬11 Old Marston Road¬¬Oxford¬Oxfordshire¬OX3 0JR¬51.766265869140625¬-1.2351257801055908¬10Q¬NHS Oxfordshire CCG¬01865227788¬¬http://www.hedenahealth.co.uk¬
15583¬K84078¬GP¬UNKNOWN¬Visible¬True¬True¬Dr Leaver & Partners ¬New Radcliffe House¬Walton Street¬¬Oxford¬Oxfordshire¬OX2 6NW¬51.760162353515625¬-1.2655735015869141¬10Q¬NHS Oxfordshire CCG¬01865311234¬¬http://www.leaverandpartnersjericho.nhs.uk/¬01865 311087
15584¬K84079¬GP¬UNKNOWN¬Visible¬True¬True¬Long Furlong Medical Centre¬45 Loyd Close¬¬¬Abingdon¬Oxfordshire¬OX14 1XR¬51.688159942626953¬-1.2751390933990479¬10Q¬NHS Oxfordshire CCG¬01235522379¬receptionists.longfurlong@nhs.net¬www.longfurlongmedicalcentre.co.uk¬01235 536321
15585¬K84080¬GP¬UNKNOWN¬Visible¬True¬True¬28 Beaumont Street¬28 Beaumont Street¬¬¬Oxford¬Oxfordshire¬OX1 2NP¬51.755081176757813¬-1.2619280815124512¬10Q¬NHS Oxfordshire CCG¬01865311811¬¬http://www.28beaumontstreet.co.uk¬
15586¬K84082¬GP¬UNKNOWN¬Visible¬True¬True¬The Key Medical Practice¬Exeter Close¬¬¬Kidlington¬Oxfordshire¬OX5 1AP¬51.821559906005859¬-1.2892217636108398¬10Q¬NHS Oxfordshire CCG¬01865842292¬¬www.kidlingtonandyarntonsurgery.co.uk¬01865 378488
15587¬K84082001¬GP¬UNKNOWN¬Visible¬True¬True¬Yarnton Medical Practice¬Rutten Lane,Yarnton¬¬¬Kidlington¬Oxfordshire¬OX5 1LT¬51.810310363769531¬-1.3129695653915405¬10Q¬NHS Oxfordshire CCG¬01865379345¬¬www.kidlingtonandyarntonsurgery.co.uk¬
15588¬K84605¬GP¬UNKNOWN¬Visible¬True¬True¬King Edward Street Medical Practice¬9 King Edward Street¬¬¬Oxford¬Oxfordshire¬OX1 4JA¬51.751762390136719¬-1.2543623447418213¬10Q¬NHS Oxfordshire CCG¬01865242657¬edwardst.manager@nhs.net¬http://www.kingedwardst.nhs.uk/¬01865 200983
15591¬K84610¬GP¬UNKNOWN¬Visible¬True¬True¬The Charlbury Medical Centre¬Enstone Road¬Charlbury¬¬Chipping Norton¬Oxfordshire¬OX7 3PQ¬51.874290466308594¬-1.4820759296417236¬10Q¬NHS Oxfordshire CCG¬01608811680¬¬http://www.thecharlburymedicalcentre.nhs.uk¬01608 811636
15592¬K84613001¬GP¬UNKNOWN¬Visible¬True¬True¬Alchester Medical Group - Ambrosden Surgery¬Ploughley Road¬Ambrosden¬¬Bicester¬Oxfordshire¬OX25 2RB¬51.873638153076172¬-1.1243059635162354¬10Q¬NHS Oxfordshire CCG¬01869256336¬alchester.medicalgroup@nhs.net¬¬
15593¬K84613¬GP¬UNKNOWN¬Visible¬True¬True¬Alchester Medical Group¬9 Nightingale Place¬¬¬Bicester¬Oxfordshire¬OX26 6XX¬51.891391754150391¬-1.1383761167526245¬10Q¬NHS Oxfordshire CCG¬01869248585¬alchester.medicalgroup@nhs.net¬http://www.alchestermedicalgroup.co.uk/¬01869 322025
15596¬K84618¬GP¬UNKNOWN¬Visible¬True¬True¬Cogges Surgery¬12 Cogges Hill Road¬¬¬Witney¬Oxfordshire¬OX28 3FS¬51.782268524169922¬-1.4737509489059448¬10Q¬NHS Oxfordshire CCG¬01993700505¬¬http://www.coggesgpsurgery.org.uk¬
15597¬K84009002¬GP¬UNKNOWN¬Visible¬True¬True¬Wood Farm Health Centre¬Wood Farm Health Centre¬Leiden Road¬Headington¬Oxford¬Oxfordshire¬OX3 8RZ¬51.746044158935547¬-1.2011821269989014¬10Q¬NHS Oxfordshire CCG¬01865227788¬buryknowle@nhs.net¬https://www.hedenahealth.co.uk¬
15602¬K84624¬GP¬UNKNOWN¬Visible¬True¬True¬Oak Tree Health Centre¬Tyne Avenue¬¬¬Didcot¬Oxfordshire¬OX11 7GD¬51.614990234375¬-1.2409489154815674¬10Q¬NHS Oxfordshire CCG¬01235810099¬¬www.oaktreehc.co.uk¬01235 815 181
15635¬L81004¬GP¬UNKNOWN¬Visible¬True¬True¬Portishead Medical Group¬Victoria Square¬Portishead¬¬Bristol¬Avon¬BS20 6AQ¬51.483055114746094¬-2.7658510208129883¬15C¬NHS Bristol, North Somerset And South Gloucestershire CCG¬01275841630¬¬http://www.pmg.org.uk¬01275 817516
15637¬L81007¬GP¬UNKNOWN¬Visible¬True¬True¬Bridge View Medical¬67 Coronation Road¬Bedminster¬¬Bristol¬Avon¬BS3 1AS¬51.445343017578125¬-2.5994696617126465¬15C¬NHS Bristol, North Somerset And South Gloucestershire CCG¬01179669724¬brccg.bridgeviewmedical@nhs.net¬http://bridgeviewmedical.nhs.uk¬0117 9341629
15638¬L81008001¬GP¬UNKNOWN¬Visible¬True¬True¬Shirehampton Group Practice Branch Surgery¬46 Capel Road¬Lawrence Weston¬¬Bristol¬Avon¬BS11 0RE¬51.50091552734375¬-2.6558659076690674¬15C¬NHS Bristol, North Somerset And South Gloucestershire CCG¬01179822131¬¬www.shirehamptongrouppractice.co.uk¬0117 9162202
15639¬L81008¬GP¬UNKNOWN¬Visible¬True¬True¬Shirehampton Group Practice¬Pembroke Road¬Shirehampton¬¬Bristol¬Avon¬BS11 9SB¬51.489097595214844¬-2.6766958236694336¬15C¬NHS Bristol, North Somerset And South Gloucestershire CCG¬01179162226¬¬www.shirehamptongrouppractice.co.uk¬0117 9162202
15640¬L81009¬GP¬UNKNOWN¬Visible¬True¬True¬Stockwood Medical Centre¬Hollway Road¬Stockwood¬¬Bristol¬Avon¬BS14 8PT¬51.411567687988281¬-2.5441303253173828¬15C¬NHS Bristol, North Somerset And South Gloucestershire CCG¬01275833103¬¬http://www.stockwoodmedicalcentre.co.uk¬
15641¬L81010¬GP¬UNKNOWN¬Visible¬True¬True¬Hope House Surgery¬The Street¬Bath¬¬Radstock¬Avon¬BA3 3PL¬51.291900634765625¬-2.4477620124816895¬92G¬NHS Bath And North East Somerset, Swindon And Wiltshire CCG¬01761432121¬¬http://www.hopehousesurgery.co.uk¬01761 420193
15642¬L81012¬GP¬UNKNOWN¬Visible¬True¬True¬Montpelier Health Centre¬Bath Buildings¬Montpelier¬¬Bristol¬Avon¬BS6 5PT¬51.466533660888672¬-2.589439868927002¬15C¬NHS Bristol, North Somerset And South Gloucestershire CCG¬01179426811¬¬http://montpelierhealthcentre@nhs.net¬
15643¬L81013¬GP¬UNKNOWN¬Visible¬True¬True¬Fishponds Family Practice¬Beechwood Road¬Fishponds¬¬Bristol¬Avon¬BS16 3TD¬51.479690551757813¬-2.5265524387359619¬15C¬NHS Bristol, North Somerset And South Gloucestershire CCG¬01179082365¬brccg.fishponds-enquiries@nhs.net¬http://www.thefishpondsfamilypractice.nhs.uk¬
15644¬L81014¬GP¬UNKNOWN¬Visible¬True¬True¬Frome Valley Medical Centre¬2 Court Road¬Frampton Cotterell¬¬Bristol¬Avon¬BS36 2DE¬51.533237457275391¬-2.4947469234466553¬15C¬NHS Bristol, North Somerset And South Gloucestershire CCG¬01454772153¬¬http://www.fromevalley.nhs.uk¬
15645¬L81015¬GP¬UNKNOWN¬Visible¬True¬True¬Charlotte Keel Medical Practice¬Charlotte Keel Health Centre¬Seymour Road¬Easton¬Bristol¬Avon¬BS5 0UA¬51.465469360351563¬-2.5717053413391113¬15C¬NHS Bristol, North Somerset And South Gloucestershire CCG¬01179027145¬¬http://www.charlottekeelmedical.co.uk¬
15646¬L81016¬GP¬UNKNOWN¬Visible¬True¬True¬Graham Road Surgery¬22 Graham Road¬¬¬Weston Super Mare¬Somerset¬BS23 1YA¬51.344676971435547¬-2.9743697643280029¬15C¬NHS Bristol, North Somerset And South Gloucestershire CCG¬01934628111¬¬www.grahamroadsurgery.nhs.uk¬01934 645842
15647¬L81017¬GP¬UNKNOWN¬Visible¬True¬True¬Westbury-On-Trym Primary Care Centre¬Westbury Hill¬¬¬Bristol¬Avon¬BS9 3AA¬51.493011474609375¬-2.6176679134368896¬15C¬NHS Bristol, North Somerset And South Gloucestershire CCG¬01179623406¬¬http://www.westburysurgery.co.uk¬
15648¬L81018¬GP¬UNKNOWN¬Visible¬True¬True¬Severn View Family Practice¬Eastland Road¬Thornbury¬¬Bristol¬Avon¬BS35 1DP¬51.612865447998047¬-2.5177087783813477¬15C¬NHS Bristol, North Somerset And South Gloucestershire CCG¬01454 412599¬¬http://www.drfoubisterandpartners.nhs.uk/¬01454 416090
15650¬L81019¬GP¬UNKNOWN¬Visible¬True¬True¬Concord Medical Centre ¬Braydon Avenue¬Little Stoke¬¬Bristol¬Avon¬BS34 6BQ¬51.529426574707031¬-2.5548617839813232¬15C¬NHS Bristol, North Somerset And South Gloucestershire CCG¬01454616767¬concordmedicalcentre@nhs.net¬http://www.concordmedicalcentre.co.uk¬
15651¬L81020¬GP¬UNKNOWN¬Visible¬True¬True¬Widcombe Surgery¬3-4 Widcombe Parade¬Widcombe¬¬Bath¬Somerset¬BA2 4JT¬51.376373291015625¬-2.3543071746826172¬92G¬NHS Bath And North East Somerset, Swindon And Wiltshire CCG¬01225310883¬¬http://www.widcombesurgery.nhs.uk¬01225 421600
15652¬L81021¬GP¬UNKNOWN¬Visible¬True¬True¬Winscombe and Banwell Family Practice¬Hillyfields Way¬¬¬Winscombe¬Somerset¬BS25 1AF¬51.315055847167969¬-2.8305320739746094¬15C¬NHS Bristol, North Somerset And South Gloucestershire CCG¬01934842211¬¬http://www.winscombebanwellsurgery.nhs.uk¬
15653¬L81021001¬GP¬UNKNOWN¬Visible¬True¬True¬Winscombe and Banwell Family Practice¬Westfield Road¬Banwell¬¬Banwell¬Avon¬BS29 6AF¬51.326644897460938¬-2.8699054718017578¬15C¬NHS Bristol, North Somerset And South Gloucestershire CCG¬01934820113¬¬http://www.winscombebanwellsurgery.nhs.uk¬
15654¬L81022¬GP¬UNKNOWN¬Visible¬True¬True¬Horfield Health Centre¬Lockleaze Road¬Horfield¬¬Bristol¬Avon¬BS7 9RR¬51.490001678466797¬-2.5762612819671631¬15C¬NHS Bristol, North Somerset And South Gloucestershire CCG¬01179695391¬horfield.health@nhs.net¬http://www.horfieldhealthcentre.nhs.uk¬
15655¬L81023¬GP¬UNKNOWN¬Visible¬True¬True¬East Trees Health Centre¬East Trees Health Centre¬100A Fishponds Road¬Eastville¬Bristol¬Avon¬BS5 6SA¬51.470550537109375¬-2.5621950626373291¬15C¬NHS Bristol, North Somerset And South Gloucestershire CCG¬01172444123¬¬http://www.eastvillemedicalpractice.co.uk¬0117 9512052
15656¬L81024¬GP¬UNKNOWN¬Visible¬True¬True¬Dr C.P.C. Paxton & Partners¬Kennedy Way¬Yate¬¬Bristol¬Avon¬BS37 4DQ¬51.54046630859375¬-2.4161982536315918¬15C¬NHS Bristol, North Somerset And South Gloucestershire CCG¬01454313874¬courtside.surgery@nhs.net¬http://www.courtside.nhs.uk¬01454 327110
15657¬L81025¬GP¬UNKNOWN¬Visible¬True¬True¬St Chads Surgery¬Gullock Tyning¬Midsomer Norton¬¬Radstock¬Avon¬BA3 2UH¬51.287837982177734¬-2.4768321514129639¬92G¬NHS Bath And North East Somerset, Swindon And Wiltshire CCG¬01761413334¬¬¬01761 411176
15658¬L81025001¬GP¬UNKNOWN¬Visible¬True¬True¬Chilcompton Branch Surgery¬Carters Way¬Chilcompton¬¬Radstock¬Avon¬BA3 4XH¬51.260017395019531¬-2.5053348541259766¬92G¬NHS Bath And North East Somerset, Swindon And Wiltshire CCG¬01761232231¬¬¬
15659¬L81026¬GP¬UNKNOWN¬Visible¬True¬True¬Downend Health Group¬North Street¬Downend¬¬Bristol¬Avon¬BS16 5SG¬51.485115051269531¬-2.5052862167358398¬15C¬NHS Bristol, North Somerset And South Gloucestershire CCG¬01179709500¬¬http://downendhealthgroup.com¬
15660¬L81027¬GP¬UNKNOWN¬Visible¬True¬True¬Drs Prees, Weldon & Hogg¬Coalpit Road¬Batheaston¬¬Bath¬Somerset¬BA1 7NP¬51.406036376953125¬-2.3173727989196777¬92G¬NHS Bath And North East Somerset, Swindon And Wiltshire CCG¬01225858686¬¬http://batheastonmedicalcentre.com¬01225 852521
15662¬L81029003¬GP¬UNKNOWN¬Visible¬True¬False¬Three Shires Medical Practice - Pucklechurch¬12 Becket Court¬Pucklechurch¬¬Bristol¬Avon¬BS16 9QG¬51.483791351318359¬-2.436347484588623¬15C¬NHS Bristol, North Somerset And South Gloucestershire CCG¬01179372350¬¬http://www.threeshiresmedical.co.uk¬01225 9374950
15663¬L81029006¬GP¬UNKNOWN¬Visible¬True¬False¬The Three Shires Medical Practice - Marshfield¬2 Back Lane¬Marshfield¬¬Chippenham¬Wiltshire¬SN14 8NQ¬51.463130950927734¬-2.318589448928833¬15C¬NHS Bristol, North Somerset And South Gloucestershire CCG¬01225891265¬¬http://www.threeshiresmedical.co.uk¬01225 892149
15664¬L81029¬GP¬UNKNOWN¬Visible¬True¬False¬Three Shires Medical Practice, Wick Surgery¬111 High Street¬Wick¬¬Bristol¬Avon¬BS30 5QQ¬51.452316284179688¬-2.4223325252532959¬15C¬NHS Bristol, North Somerset And South Gloucestershire CCG¬01179372214¬¬http://www.threeshiresmedical.co.uk¬0117 9374692
15665¬L81029002¬GP¬UNKNOWN¬Visible¬True¬False¬The Three Shires Medical Practice - Colerne¬35 High Street, Colerne¬¬¬Chippenham¬Wiltshire¬SN14 8DD¬51.438560485839844¬-2.262108325958252¬15C¬NHS Bristol, North Somerset And South Gloucestershire CCG¬01225742028¬¬http://www.threeshiresmedical.co.uk¬01225 743694
15666¬L81030¬GP¬UNKNOWN¬Visible¬True¬False¬Harptree Surgery¬Bristol Road¬West Harptree¬¬Bristol¬Avon¬BS40 6HF¬51.310329437255859¬-2.632183313369751¬92G¬NHS Bath And North East Somerset, Swindon And Wiltshire CCG¬01761221406¬¬¬
15667¬L81030001¬GP¬UNKNOWN¬Visible¬True¬False¬Cameley Surgery¬Wells Road¬Temple Cloud¬¬Bristol¬Avon¬BS39 5BW¬51.316913604736328¬-2.5423779487609863¬92G¬NHS Bath And North East Somerset, Swindon And Wiltshire CCG¬01761452205¬¬¬
15668¬L81031¬GP¬UNKNOWN¬Visible¬True¬True¬The Armada Family Practice¬Whitchurch Health Centre¬Armada Road Whitchurch¬¬Bristol¬Avon¬BS14 0SU¬51.413440704345703¬-2.5718467235565186¬15C¬NHS Bristol, North Somerset And South Gloucestershire CCG¬01275832285¬¬http://www.armadapractice.co.uk/¬01275 540035
15670¬L81033¬GP¬UNKNOWN¬Visible¬True¬True¬Nightingale Valley Practice¬Wick Road¬Brislington¬¬Bristol¬Avon¬BS4 4HU¬51.446250915527344¬-2.547924280166626¬15C¬NHS Bristol, North Somerset And South Gloucestershire CCG¬01173304300¬¬http://www.nightingalevalleypractice.co.uk¬01173 304301
15671¬L81033001¬GP¬UNKNOWN¬Visible¬True¬True¬Riverside Surgery¬Wyatts View¬St Anne's Park¬¬Bristol¬Avon¬BS4 4WW¬51.454635620117188¬-2.5449304580688477¬15C¬NHS Bristol, North Somerset And South Gloucestershire CCG¬01173304300¬¬http://www.nightingalevalleypractice.co.uk¬01179 720386
15672¬L81034¬GP¬UNKNOWN¬Visible¬True¬True¬Tower House Medical Centre¬Stockway South¬¬¬Nailsea¬Avon¬BS48 2XX¬51.432666778564453¬-2.7600438594818115¬15C¬NHS Bristol, North Somerset And South Gloucestershire CCG¬01275866700¬¬http://www.tyntesfield.nhs.uk¬
15673¬L81007001¬GP¬UNKNOWN¬Visible¬True¬True¬The Malago Surgery¬40 St Johns Road¬Bedminster¬¬Bristol¬¬BS3 4JE¬51.439800262451172¬-2.5998430252075195¬15C¬NHS Bristol, North Somerset And South Gloucestershire CCG¬01179663587¬¬http://www.malagosurgery.nhs.uk¬
15674¬L81007003¬GP¬UNKNOWN¬Visible¬True¬True¬BS1 Surgery¬Queen Charlotte Street¬¬¬Bristol¬Avon¬BS1 4ES¬51.452484130859375¬-2.5932166576385498¬15C¬NHS Bristol, North Somerset And South Gloucestershire CCG¬1179663587¬¬http://www.malagosurgery.nhs.uk¬
15675¬L81036¬GP¬UNKNOWN¬Visible¬True¬True¬Coniston Medical Practice¬The Parade¬Coniston Road¬¬Bristol¬Avon¬BS34 5TF¬51.53857421875¬-2.5840263366699219¬15C¬NHS Bristol, North Somerset And South Gloucestershire CCG¬01179692508¬¬¬
15676¬L81037¬GP¬UNKNOWN¬Visible¬True¬True¬Pioneer Bradgate¬Ardenton Walk¬Brentry¬¬Bristol¬Avon¬BS10 6SP¬51.510311126708984¬-2.6176137924194336¬15C¬NHS Bristol, North Somerset And South Gloucestershire CCG¬01179591919¬pioneermedicalgroup@nhs.net¬http://www.pioneermedicalgroup.co.uk¬0117 9822734
15677¬L81038¬GP¬UNKNOWN¬Visible¬True¬True¬Air Balloon Surgery¬Kenn Road¬St George¬¬Bristol¬Avon¬BS5 7PD¬51.459003448486328¬-2.531423807144165¬15C¬NHS Bristol, North Somerset And South Gloucestershire CCG¬01179099912¬¬https://www.airballoonsurgery.co.uk¬
15678¬L81039¬GP¬UNKNOWN¬Visible¬True¬True¬Oldfield Surgery¬45 Upper Oldfield Park¬¬¬Bath¬Somerset¬BA2 3HT¬51.376369476318359¬-2.3739330768585205¬92G¬NHS Bath And North East Somerset, Swindon And Wiltshire CCG¬01225421137¬oldfieldsurgery@nhs.net¬http://www.oldfieldsurgery.org.uk¬01225 337808
15679¬L81040¬GP¬UNKNOWN¬Visible¬True¬True¬Clevedon Medical Centre¬Old Street¬¬¬Clevedon¬Somerset¬BS21 6DG¬51.437232971191406¬-2.8457062244415283¬15C¬NHS Bristol, North Somerset And South Gloucestershire CCG¬01275335666¬¬http://www.clevedonmc.nhs.uk¬
15680¬L81041¬GP¬UNKNOWN¬Visible¬True¬True¬Hillview Family Practice¬Hartcliffe Health Centre¬Hareclive Road¬¬Bristol¬Avon¬BS13 0JP¬51.407630920410156¬-2.6013195514678955¬15C¬NHS Bristol, North Somerset And South Gloucestershire CCG¬01173015240¬¬http://www.hillviewfamilypractice.nhs.uk/¬0117 9649055
15682¬L81042¬GP¬UNKNOWN¬Visible¬True¬True¬Kennedy Way Surgery¬Kennedy Way¬Yate¬¬Bristol¬Avon¬BS37 4AA¬51.539623260498047¬-2.4151237010955811¬15C¬NHS Bristol, North Somerset And South Gloucestershire CCG¬01454313849¬¬http://www.kennedywaysurgery.co.uk¬01454 329039
15683¬L81043001¬GP¬UNKNOWN¬Visible¬True¬True¬Locking Village Surgery¬The Village Hall¬Grenville Avenue¬Locking¬Weston-Super-Mare¬Avon¬BS24 8AR¬51.333232879638672¬-2.9151740074157715¬15C¬NHS Bristol, North Somerset And South Gloucestershire CCG¬01934823204¬¬¬
15684¬L81043¬GP¬UNKNOWN¬Visible¬True¬True¬Longton Grove Surgery¬168 Medical Group¬168 Locking Road¬¬Weston Super Mare¬Avon¬BS23 3HQ¬51.345802307128906¬-2.9580395221710205¬15C¬NHS Bristol, North Somerset And South Gloucestershire CCG¬01934628118¬¬http://www.168medicalgroup.co.uk¬
15685¬L81044¬GP¬UNKNOWN¬Visible¬True¬True¬Tudor Lodge Surgery¬3 Nithsdale Road¬¬¬Weston Super Mare¬Somerset¬BS23 4JP¬51.332405090332031¬-2.975358247756958¬15C¬NHS Bristol, North Somerset And South Gloucestershire CCG¬01934622665¬nsoccg.tlsenquiries@nhs.net¬http://www.tudorlodgesurgery.nhs.uk¬01934 428163
15686¬L81045¬GP¬UNKNOWN¬Visible¬True¬True¬St Augustines Medical Practice¬The Chocolate Factory, Block C, The Chocolate Quarter¬Keynsham¬¬Bristol¬Avon¬BS31 2GN¬51.422882080078125¬-2.4947187900543213¬92G¬NHS Bath And North East Somerset, Swindon And Wiltshire CCG¬01179862343¬¬¬
15687¬L81045001¬GP¬UNKNOWN¬Visible¬True¬True¬Dr Garrett T & Partners¬495 Bath Road¬Saltford¬¬Bristol¬Avon¬BS31 3HQ¬51.401790618896484¬-2.4562957286834717¬92G¬NHS Bath And North East Somerset, Swindon And Wiltshire CCG¬01225873245¬bsccg.staugustines@nhs.net¬http://www.st-augustinessurgery.co.uk¬
15688¬L81046001¬GP¬UNKNOWN¬Visible¬True¬True¬42 Abbotswood, Yate¬42 Abbotswood¬¬¬Bristol¬Avon¬BS37 4NG¬51.529552459716797¬-2.4243545532226562¬15C¬NHS Bristol, North Somerset And South Gloucestershire CCG¬01454313577¬¬http://www.abbotswoodsurgery.co.uk/¬01454 329799
15689¬L81046¬GP¬UNKNOWN¬Visible¬True¬True¬Leap Valley Medical Centre¬Beaufort Road¬Downend¬¬Bristol¬Avon¬BS16 6UG¬51.496051788330078¬-2.4896411895751953¬15C¬NHS Bristol, North Somerset And South Gloucestershire CCG¬01179562979¬¬http://www.leapvalleysurgery.co.uk/¬0117 9564885
15690¬L81047001¬GP¬UNKNOWN¬Visible¬True¬True¬Coalpit Heath Surgery¬3 Church Lane¬Coalpit Heath¬¬Bristol¬Avon¬BS36 2SR¬51.526008605957031¬-2.4702215194702148¬15C¬NHS Bristol, North Somerset And South Gloucestershire CCG¬01454772150¬¬https://www.westwalksurgery.co.uk¬
15691¬L81047¬GP¬UNKNOWN¬Visible¬True¬True¬West Walk Surgery¬Yate West Gate Centre¬21 West Walk¬¬Bristol¬Avon¬BS37 4AX¬51.540012359619141¬-2.4139080047607422¬15C¬NHS Bristol, North Somerset And South Gloucestershire CCG¬01454272200¬¬http://www.westwalksurgery.co.uk¬
15693¬L81050¬GP¬UNKNOWN¬Visible¬True¬True¬Close Farm Surgery¬47 Victoria Road¬North Common¬¬Bristol¬Avon¬BS30 5JZ¬51.449886322021484¬-2.4682011604309082¬15C¬NHS Bristol, North Somerset And South Gloucestershire CCG¬01179322108¬close.farm@nhs.net¬www.closefarmsurgery.co.uk¬0117 9873977
15694¬L81051¬GP¬UNKNOWN¬Visible¬True¬True¬168 Medical Group¬168 Locking Road¬¬¬Weston Super Mare¬Avon¬BS23 3HQ¬51.345802307128906¬-2.9580395221710205¬15C¬NHS Bristol, North Somerset And South Gloucestershire CCG¬01934624242¬¬http://www.newcourtsurgery.nhs.uk¬
15695¬L81026002¬GP¬UNKNOWN¬Visible¬True¬True¬The Willow Surgery ( part of Downend Health Group )¬Hill House Road¬Downend¬¬Bristol¬Avon¬BS16 5FJ¬51.485095977783203¬-2.4974081516265869¬15C¬NHS Bristol, North Somerset And South Gloucestershire CCG¬01179709500¬¬¬
15696¬L81053¬GP¬UNKNOWN¬Visible¬True¬True¬The Lennard Surgery¬1 Lewis Road¬Bedminster Down¬¬Bristol¬Avon¬BS13 7JD¬51.425880432128906¬-2.6131060123443604¬15C¬NHS Bristol, North Somerset And South Gloucestershire CCG¬01179642211¬¬http://www.thelennardsurgery.co.uk¬0117 9873227
15697¬L81054¬GP¬UNKNOWN¬Visible¬True¬True¬Grange Road Surgery¬Bishopsworth¬¬¬Bristol¬Avon¬BS13 8LD¬51.413055419921875¬-2.619436502456665¬15C¬NHS Bristol, North Somerset And South Gloucestershire CCG¬01179644343¬¬http://www.grangeroadsurgery.co.uk¬
15698¬L81055¬GP¬UNKNOWN¬Visible¬True¬True¬The Orchard Medical Centre¬Macdonald Walk¬Kingswood¬¬Bristol¬Avon¬BS15 8NJ¬51.462089538574219¬-2.5106453895568848¬15C¬NHS Bristol, North Somerset And South Gloucestershire CCG¬01179805100¬¬http://www.orchardmedicalcentre.co.uk¬
15699¬L81034004¬GP¬UNKNOWN¬Visible¬True¬True¬Long Ashton Surgery¬55 Rayens Cross Road¬¬¬Long Ashton¬¬BS41 9DY¬51.429496765136719¬-2.6670618057250977¬15C¬NHS Bristol, North Somerset And South Gloucestershire CCG¬01275392134¬¬http://www.tyntesfield.nhs.uk¬
15700¬L81007002¬GP¬UNKNOWN¬Visible¬True¬True¬Gaywood House Surgery¬North Street¬Bedminster¬¬Bristol¬Avon¬BS3 3AZ¬51.439876556396484¬-2.6059441566467285¬15C¬NHS Bristol, North Somerset And South Gloucestershire CCG¬1179661412¬gaywoodhousesurgery@nhs.net¬http://www.bridgeviewmedical.nhs.uk¬0117 953 1250
15701¬L81058¬GP¬UNKNOWN¬Visible¬True¬True¬The Milton Surgery¬232-234 Milton Road¬¬¬Weston Super Mare¬Somerset¬BS22 8AG¬51.352710723876953¬-2.9488065242767334¬15C¬NHS Bristol, North Somerset And South Gloucestershire CCG¬01934249554¬milton.contacts@nhs.net¬http://www.themiltonsurgery.co.uk/¬
15702¬L81059¬GP¬UNKNOWN¬Visible¬True¬True¬Elm Hayes Surgery¬Elm Hayes Surgery¬Clandown Road¬Paulton¬Bristol¬Avon¬BS39 7SF¬51.300548553466797¬-2.4927420616149902¬92G¬NHS Bath And North East Somerset, Swindon And Wiltshire CCG¬01761413155¬bsccg.elmhayes@nhs.net¬http://www.elmhayessurgery.co.uk¬01761 410573
15703¬L81034002¬GP¬UNKNOWN¬Visible¬True¬True¬Backwell Medical Centre¬15 West Town Road¬Backwell¬¬Bristol¬Avon¬BS48 3HA¬51.413192749023438¬-2.7403087615966797¬15C¬NHS Bristol, North Somerset And South Gloucestershire CCG¬01275465100¬¬http://www.tyntesfield.nhs.uk¬
15704¬L81034001¬GP¬UNKNOWN¬Visible¬True¬True¬Brockway Medical Centre¬8 Brockway, Nailsea¬¬¬Nailsea¬Avon¬BS48 1BZ¬51.433067321777344¬-2.7553462982177734¬15C¬NHS Bristol, North Somerset And South Gloucestershire CCG¬01275850600¬¬http://www.tyntesfield.nhs.uk¬
15705¬L81061¬GP¬UNKNOWN¬Visible¬True¬True¬The Wellspring Surgery¬Beam Street¬¬¬Bristol¬Avon¬BS5 9QY¬51.455581665039063¬-2.5614128112792969¬15C¬NHS Bristol, North Somerset And South Gloucestershire CCG¬01179557711¬wellspring.surgery@nhs.net¬http://www.wellspringsurgerybristol.nhs.uk¬0117 955 5402
15706¬L81062¬GP¬UNKNOWN¬Visible¬True¬True¬Fireclay Health¬¬Bellevue Road¬St George¬Bristol¬Avon¬BS5 7PH¬51.460582733154297¬-2.5286929607391357¬15C¬NHS Bristol, North Somerset And South Gloucestershire CCG¬01179612161¬¬http://www.fireclayhealth.nhs.uk¬
15707¬L81063¬GP¬UNKNOWN¬Visible¬True¬True¬Kingswood Health Centre¬Alma Road¬Kingswood¬¬Bristol¬Avon¬BS15 4EJ¬51.462902069091797¬-2.4999594688415527¬15C¬NHS Bristol, North Somerset And South Gloucestershire CCG¬01173012080¬kingswoodhealthcentre@nhs.net¬http://www.kingswoodhealthcentre.co.uk¬
15708¬L81064¬GP¬UNKNOWN¬Visible¬True¬True¬Temple House Practice¬Keynsham Health Centre, St Clements Road¬Keynsham¬¬Bristol¬Avon¬BS31 1AF¬51.409839630126953¬-2.4982154369354248¬92G¬NHS Bath And North East Somerset, Swindon And Wiltshire CCG¬01179862406¬¬¬
15709¬L81065001¬GP¬UNKNOWN¬Visible¬True¬True¬Combe Down Branch Surgery¬Sulis Meadows¬Sulis Manor Road¬¬Bath¬Avon¬BA2 2AL¬51.353534698486328¬-2.3750824928283691¬92G¬NHS Bath And North East Somerset, Swindon And Wiltshire CCG¬01225832226¬¬http://www.combedownsurgery.co.uk¬
15710¬L81065¬GP¬UNKNOWN¬Visible¬True¬True¬Combe Down Surgery¬The Avenue¬Combe Down¬¬Bath¬Somerset¬BA2 5EG¬51.361007690429687¬-2.3455853462219238¬92G¬NHS Bath And North East Somerset, Swindon And Wiltshire CCG¬01225832226¬¬http://www.combedownsurgery.co.uk¬
15711¬L81066¬GP¬UNKNOWN¬Visible¬True¬True¬Stafford Medical Group¬Highlands Lane¬Locking Castle¬¬Weston Super Mare¬Avon¬BS24 7DX¬51.352596282958984¬-2.9147415161132813¬15C¬NHS Bristol, North Somerset And South Gloucestershire CCG¬01934524260¬¬http://www.lockingcastlemedical.co.uk¬
15713¬L81067001¬GP¬UNKNOWN¬Visible¬True¬True¬Willow Tree Surgery¬1 Trevelyan Walk¬¬¬Bristol¬Avon¬BS10 7NY¬51.510066986083984¬-2.6277835369110107¬15C¬NHS Bristol, North Somerset And South Gloucestershire CCG¬01179507150¬admin.shfp@nhs.net¬http://www.southmeadhealth.nhs.uk¬
15714¬L81067¬GP¬UNKNOWN¬Visible¬True¬True¬Southmead And Henbury Family Practice¬The Southmead And Henbury¬Family Practice¬Southmead Health Centre¬Bristol¬Avon¬BS10 6DF¬51.504776000976563¬-2.6016037464141846¬15C¬NHS Bristol, North Somerset And South Gloucestershire CCG¬01179507150¬¬http://www.southmeadhealth.nhs.uk¬
15715¬L81068¬GP¬UNKNOWN¬Visible¬True¬True¬The Pulteney Practice¬¬35 Great Pulteney Street¬¬Bath¬Somerset¬BA2 4BY¬51.385337829589844¬-2.3525371551513672¬92G¬NHS Bath And North East Somerset, Swindon And Wiltshire CCG¬01225464187¬¬http://www.pulteney.co.uk¬
15716¬L81068001¬GP¬UNKNOWN¬Visible¬True¬True¬The Pulteney Practice¬Holcombe Lane¬¬¬Bath¬Avon¬BA2 6UL¬51.393280029296875¬-2.3224155902862549¬92G¬NHS Bath And North East Somerset, Swindon And Wiltshire CCG¬01225464187¬¬¬
15717¬L81069001¬GP¬UNKNOWN¬Visible¬False¬True¬Beehive Surgery¬Mount Road¬Southdown¬¬Bath¬Avon¬BA2 1NH¬51.372966766357422¬-2.3963167667388916¬92G¬NHS Bath And North East Somerset, Swindon And Wiltshire CCG¬01225445004¬¬¬
15718¬L81069¬GP¬UNKNOWN¬Visible¬True¬True¬St Michaels Surgery¬Walwyn Close¬Twerton-On-Avon¬¬Bath¬Avon¬BA2 1ER¬51.381858825683594¬-2.3994686603546143¬92G¬NHS Bath And North East Somerset, Swindon And Wiltshire CCG¬01225428277¬¬¬01225 338484
15719¬L81070¬GP¬UNKNOWN¬Visible¬True¬True¬Newbridge Surgery¬129 Newbridge Hill¬¬¬Bath¬Somerset¬BA1 3PT¬51.387641906738281¬-2.3939862251281738¬92G¬NHS Bath And North East Somerset, Swindon And Wiltshire CCG¬01225425807¬bsccg.newbridge@nhs.net¬https://www.newbridgesurgerybath.co.uk¬01225 447776
15721¬L81071¬GP¬UNKNOWN¬Visible¬True¬True¬Fairfield Park Health Centre¬Tyning Lane¬Camden Road¬¬Bath¬Somerset¬BA1 6EA¬51.394973754882813¬-2.3525824546813965¬92G¬NHS Bath And North East Somerset, Swindon And Wiltshire CCG¬01225331616¬bsccg.fairfieldpark@nhs.net¬http://www.fairfieldparkhc.co.uk/¬
15722¬L81072¬GP¬UNKNOWN¬Visible¬True¬False¬Chew Medical Practice¬Chew Lane¬Chew Stoke¬¬Bristol¬Avon¬BS40 8UE¬51.355655670166016¬-2.6304187774658203¬92G¬NHS Bath And North East Somerset, Swindon And Wiltshire CCG¬01275332420¬bsccg.receptionchew@nhs.net¬http://www.chewmedicalpractice.co.uk¬01275 331355
15723¬L81073001¬GP¬UNKNOWN¬Visible¬True¬True¬Severn Way Surgery¬Severn Way¬Keynsham¬¬Bristol¬Avon¬BS31 2NU¬51.409286499023438¬-2.5101141929626465¬92G¬NHS Bath And North East Somerset, Swindon And Wiltshire CCG¬01179376835¬¬http://www.westviewsurgery.com/¬
15724¬L81073¬GP¬UNKNOWN¬Visible¬True¬True¬West View Surgery¬9 Park Road¬Keynsham¬¬Bristol¬Avon¬BS31 1BX¬51.41192626953125¬-2.5021059513092041¬92G¬NHS Bath And North East Somerset, Swindon And Wiltshire CCG¬01179376835¬¬http://www.westviewsurgery.com/¬01179865061
15727¬L81075¬GP¬UNKNOWN¬Visible¬True¬True¬The Old School Surgery¬Manor Road¬Fishponds¬¬Bristol¬Avon¬BS16 2JD¬51.481910705566406¬-2.5286948680877686¬15C¬NHS Bristol, North Somerset And South Gloucestershire CCG¬01179653102¬¬www.oldschoolsurgery.org.uk¬0117 9584876
15728¬L81077¬GP¬UNKNOWN¬Visible¬True¬True¬Sea Mills Surgery¬2 Riverleaze¬Sea Mills¬¬Bristol¬Avon¬BS9 2HL¬51.484592437744141¬-2.6499142646789551¬15C¬NHS Bristol, North Somerset And South Gloucestershire CCG¬01179681182¬¬http://www.seamillssurgery.nhs.uk/¬0117 9083377
15729¬L81078¬GP¬UNKNOWN¬Visible¬True¬True¬Gloucester Road Medical Centre¬Tramway House¬1A Church Road¬¬Bristol¬Avon¬BS7 8SA¬51.484954833984375¬-2.587632417678833¬15C¬NHS Bristol, North Somerset And South Gloucestershire CCG¬01179497774¬¬http://www.grmc.nhs.uk¬
15730¬L81079¬GP¬UNKNOWN¬Visible¬True¬True¬Hanham Health¬33 Whittucks Road¬Hanham¬¬Bristol¬Avon¬BS15 3HY¬51.443588256835937¬-2.5119929313659668¬15C¬NHS Bristol, North Somerset And South Gloucestershire CCG¬01179352318¬¬http://www.hanhamhealth.co.uk¬0117 947 7749
15731¬L81079001¬GP¬UNKNOWN¬Visible¬True¬True¬Oldland Surgery¬192 High Street¬Oldland Common¬¬Bristol¬Avon¬BS30 9QQ¬51.440444946289062¬-2.4702916145324707¬15C¬NHS Bristol, North Somerset And South Gloucestershire CCG¬01179352318¬¬www.hanhamhealth.co.uk¬0117 932 4101
15732¬L81039001¬GP¬UNKNOWN¬Visible¬True¬True¬St.James's Surgery¬Northampton Buildings¬¬¬Bath¬Somerset¬BA1 2SR¬51.389453887939453¬-2.3668539524078369¬92G¬NHS Bath And North East Somerset, Swindon And Wiltshire CCG¬01225422911¬¬http://www.stjamessurgery.org.uk/¬01225 428398
15733¬L81039002¬GP¬UNKNOWN¬Visible¬True¬True¬Junction Road Surgery¬8 Junction Road¬Oldfield Park¬¬Bath¬Avon¬BA2 3NQ¬51.375255584716797¬-2.3726882934570313¬92G¬NHS Bath And North East Somerset, Swindon And Wiltshire CCG¬01225422012¬¬¬01225 480045
15735¬L81081¬GP¬UNKNOWN¬Visible¬True¬True¬Pembroke Road Surgery¬111 Pembroke Road¬Clifton¬¬Bristol¬Avon¬BS8 3EU¬51.464340209960938¬-2.6185042858123779¬15C¬NHS Bristol, North Somerset And South Gloucestershire CCG¬01179733790¬¬https://www.pembrokeroadsurgery.co.uk¬
15736¬L81082¬GP¬UNKNOWN¬Visible¬True¬True¬Bedminster Family Practice¬Regent Road¬Bedminster¬¬Bristol¬Avon¬BS3 4AT¬51.444164276123047¬-2.5942022800445557¬15C¬NHS Bristol, North Somerset And South Gloucestershire CCG¬01179663149¬¬http://www.bedminsterfamilypractice.co.uk/index.aspx¬0117 9530699
15737¬L81083¬GP¬UNKNOWN¬Visible¬False¬True¬Hartwood Healthcare¬Hartcliffe Health Centre¬Hareclive Road¬¬Bristol¬Avon¬BS13 0JP¬51.407630920410156¬-2.6013195514678955¬15C¬NHS Bristol, North Somerset And South Gloucestershire CCG¬01173015226¬¬¬
15738¬L81084¬GP¬UNKNOWN¬Visible¬True¬True¬Priory Surgery¬326 Wells Road¬Knowle¬¬Bristol¬Avon¬BS4 2QJ¬51.434223175048828¬-2.5659923553466797¬15C¬NHS Bristol, North Somerset And South Gloucestershire CCG¬01179493988¬¬www.priorysurgerybristol.co.uk¬0117 987 2905
15739¬L81085¬GP¬UNKNOWN¬Visible¬True¬True¬Heywood Family Practice¬Lodway Gardens¬Pill¬¬Bristol¬¬BS20 0DL¬51.480609893798828¬-2.6891415119171143¬15C¬NHS Bristol, North Somerset And South Gloucestershire CCG¬01275372105¬¬http://www.heywoodfamilypractice.nhs.uk/¬
15741¬L81086¬GP¬UNKNOWN¬Visible¬True¬True¬Mendip Vale Medical Practice (Langford)¬Pudding Pie Lane¬¬¬Langford¬¬BS40 5EL¬51.341541290283203¬-2.7848365306854248¬15C¬NHS Bristol, North Somerset And South Gloucestershire CCG¬01934 839820¬mendipvale.scanners@nhs.net¬http://www.mendipvale.nhs.uk¬
15742¬L81087¬GP¬UNKNOWN¬Visible¬True¬True¬Beechwood Medical Practice¬Beechwood Road¬Fishponds¬¬Bristol¬Avon¬BS16 3TD¬51.479690551757813¬-2.5265524387359619¬15C¬NHS Bristol, North Somerset And South Gloucestershire CCG¬01179082360¬¬http://www.beechwoodmedicalpractice.co.uk¬0117 9082354
15744¬L81089¬GP¬UNKNOWN¬Visible¬True¬True¬Lawrence Hill Health Centre¬Lawrence Hill Health Centre¬Hassell Drive¬Easton¬Bristol¬Avon¬BS2 0AN¬51.457550048828125¬-2.57267165184021¬15C¬NHS Bristol, North Somerset And South Gloucestershire CCG¬01179543060¬¬https://www.lawrencehillhealthcentre.co.uk¬0117 9557750
15745¬L81090¬GP¬UNKNOWN¬Visible¬True¬True¬The Family Practice¬Western College¬Cotham Road¬¬Bristol¬Avon¬BS6 6DF¬51.462711334228516¬-2.6033535003662109¬15C¬NHS Bristol, North Somerset And South Gloucestershire CCG¬01179466455¬bnssg.thefamilypractice@nhs.net¬https://www.thefamilypracticewesterncollege.nhs.uk/¬0117 9466210
15746¬L81091¬GP¬UNKNOWN¬Visible¬True¬True¬Whiteladies Medical Group¬Whatley Road¬Clifton¬¬Bristol¬Avon¬BS8 2PU¬51.465103149414063¬-2.6123676300048828¬15C¬NHS Bristol, North Somerset And South Gloucestershire CCG¬01179731201¬¬http://www.whiteladiesmedical.nhs.uk¬
15749¬L81094¬GP¬UNKNOWN¬Visible¬True¬True¬The Merrywood Practice¬William Budd Health Centre¬Downton Road¬¬Bristol¬¬BS4 1WH¬51.428749084472656¬-2.5962605476379395¬15C¬NHS Bristol, North Somerset And South Gloucestershire CCG¬0117 944 9750¬merrywoodpractice@nhs.net¬http://www.merrywoodpractice.nhs.uk/¬0117 944 9764
15750¬L81007005¬GP¬UNKNOWN¬Visible¬True¬True¬Marksbury Road Surgery¬Marksbury Road¬¬¬Bristol¬Avon¬BS3 5JL¬51.434200286865234¬-2.5904476642608643¬15C¬NHS Bristol, North Somerset And South Gloucestershire CCG¬0117 953 6666¬¬¬
15751¬L81095¬GP¬UNKNOWN¬Visible¬True¬True¬The Crest Family Practice¬William Budd Health Centre¬Knowle West Health Park¬Downton Road¬Bristol¬¬BS4 1WH¬51.427928924560547¬-2.596304178237915¬15C¬NHS Bristol, North Somerset And South Gloucestershire CCG¬01179449700¬¬http://www.crestfamilypractice.co.uk¬0117 9449799
15752¬L81098¬GP¬UNKNOWN¬Visible¬True¬True¬Greenway Community Practice¬Greystoke Avenue¬Southmead¬¬Bristol¬Avon¬BS10 6AF¬51.499599456787109¬-2.6112596988677979¬15C¬NHS Bristol, North Somerset And South Gloucestershire CCG¬01179598939¬greenwaypractice@nhs.net¬http://www.greenwaycommunitypractice.nhs.uk¬0117 959 8920
15754¬L81101¬GP¬UNKNOWN¬Visible¬True¬True¬Somerton House Surgery¬79A North Road¬Midsomer Norton¬¬Radstock¬Somerset¬BA3 2QE¬51.288009643554688¬-2.4838173389434814¬92G¬NHS Bath And North East Somerset, Swindon And Wiltshire CCG¬01761412141¬¬¬01761 410944
15755¬L81086007¬GP¬UNKNOWN¬Visible¬True¬True¬Mendip Vale Medical Practice (Sunnyside)¬4 Sunnyside Road¬¬¬Clevedon¬¬BS21 7TA¬51.437911987304688¬-2.8585374355316162¬15C¬NHS Bristol, North Somerset And South Gloucestershire CCG¬01275873588¬mendipvale.scanners@nhs.net¬http://www.mendipvale.nhs.uk¬
15756¬L81103¬GP¬UNKNOWN¬Visible¬True¬True¬St Mary Street Surgery¬St Mary Street¬Thornbury¬¬Bristol¬Avon¬BS35 2AT¬51.606643676757813¬-2.5254499912261963¬15C¬NHS Bristol, North Somerset And South Gloucestershire CCG¬01454413691¬¬http://www.stmarystreetsurgery.nhs.uk/¬
15757¬L81106¬GP¬UNKNOWN¬Visible¬True¬True¬Streamside Surgery ¬Eastland Road¬Thornbury¬¬Bristol¬Avon¬BS35 1DP¬51.612865447998047¬-2.5177087783813477¬15C¬NHS Bristol, North Somerset And South Gloucestershire CCG¬01454412167¬¬¬01454 419522
15763¬L81117¬GP¬UNKNOWN¬Visible¬True¬True¬Pilning Surgery¬Northwick Road¬¬¬Pilning¬Bristol¬BS35 4JF¬51.563999176025391¬-2.6412506103515625¬15C¬NHS Bristol, North Somerset And South Gloucestershire CCG¬01454632393¬¬http://www.pilningsurgery.co.uk¬
15764¬L81118002¬GP¬UNKNOWN¬Visible¬True¬True¬Conygre Medical Centre¬3 Conygre Road¬Filton¬¬Bristol¬Avon¬BS34 7DA¬51.511116027832031¬-2.5705475807189941¬15C¬NHS Bristol, North Somerset And South Gloucestershire CCG¬01179799430¬¬http://www.stokegiffordmedical.co.uk¬
15765¬L81118¬GP¬UNKNOWN¬Visible¬True¬True¬Stoke Gifford Medical Centre¬Ratcliffe Drive¬Stoke Gifford¬¬Bristol¬Avon¬BS34 8UE¬51.517730712890625¬-2.5464761257171631¬15C¬NHS Bristol, North Somerset And South Gloucestershire CCG¬01179799430¬¬http://www.stokegiffordmedical.co.uk¬
15768¬L81120¬GP¬UNKNOWN¬Visible¬True¬True¬Birchwood Medical Practice¬Brooklea Health Centre¬Wick Road¬¬Bristol¬Avon¬BS4 4HU¬51.446250915527344¬-2.547924280166626¬15C¬NHS Bristol, North Somerset And South Gloucestershire CCG¬01173304225¬¬http://www.birchwoodbristol.nhs.uk/home,28790.htm¬
15769¬L81122¬GP¬UNKNOWN¬Visible¬True¬False¬St. Mary's Surgery¬St Mary's Close¬Timsbury¬¬Bath¬Somerset¬BA2 0HX¬51.326087951660156¬-2.4798552989959717¬92G¬NHS Bath And North East Somerset, Swindon And Wiltshire CCG¬01761470880¬¬¬01761 472492
15770¬L81123¬GP¬UNKNOWN¬Visible¬True¬True¬Hillcrest Surgery¬Wellow Lane¬Peasedown St John¬¬Bath¬Somerset¬BA2 8JQ¬51.311985015869141¬-2.4316732883453369¬92G¬NHS Bath And North East Somerset, Swindon And Wiltshire CCG¬01761434469¬¬http://www.hillcrestsurgery.co.uk/¬01761432499
15772¬L81086006¬GP¬UNKNOWN¬Visible¬True¬True¬Mendip Vale Medical Practice (Riverbank)¬Walford Avenue¬¬¬Worle¬¬BS22 7YZ¬51.370414733886719¬-2.9082870483398438¬15C¬NHS Bristol, North Somerset And South Gloucestershire CCG¬01934839820¬mendipvale.scanners@nhs.net¬http://www.mendipvale.nhs.uk¬
15773¬L81125¬GP¬UNKNOWN¬Visible¬True¬True¬Wells Road Surgery¬233 Wells Road¬Knowle¬¬Bristol¬Avon¬BS4 2DF¬51.4385986328125¬-2.5726501941680908¬15C¬NHS Bristol, North Somerset And South Gloucestershire CCG¬01179770018¬¬¬
15774¬L81127¬GP¬UNKNOWN¬Visible¬True¬True¬Almondsbury Surgery¬Sundays Hill¬Almondsbury¬¬Bristol¬Avon¬BS32 4DS¬51.553550720214844¬-2.5735161304473877¬15C¬NHS Bristol, North Somerset And South Gloucestershire CCG¬01454613161¬¬http://www.almondsburysurgery.nhs.uk¬
15777¬L81130¬GP¬UNKNOWN¬Visible¬True¬True¬Cadbury Heath Healthcare¬Parkwall Road¬Cadbury Heath¬¬Bristol¬Avon¬BS30 8HS¬51.447311401367187¬-2.4886369705200195¬15C¬NHS Bristol, North Somerset And South Gloucestershire CCG¬01179805700¬cadburyheath.healthcare@nhs.net¬http://www.cadburyheathhealthcare.co.uk¬
15778¬L81131¬GP¬UNKNOWN¬Visible¬True¬True¬Fallodon Way Medical Centre¬13 Fallodon Way¬Henleaze¬¬Bristol¬¬BS9 4HT¬51.483074188232422¬-2.6095266342163086¬15C¬NHS Bristol, North Somerset And South Gloucestershire CCG¬01179624692¬¬http://fwmc.org.uk/¬
15779¬L81132¬GP¬UNKNOWN¬Visible¬True¬True¬Westfield Surgery¬Waterford Park¬¬¬Radstock¬Avon¬BA3 3UJ¬51.284961700439453¬-2.4589791297912598¬92G¬NHS Bath And North East Somerset, Swindon And Wiltshire CCG¬01761436333¬westfield.surgery@gp-l81132.nhs.uk¬www.westfieldsurgery.co.uk¬
15780¬L81133¬GP¬UNKNOWN¬Visible¬True¬True¬Student Health Service¬Hampton House Health Centre¬St. Michael's Hill¬¬Bristol¬Avon¬BS6 6AU¬51.462348937988281¬-2.6040682792663574¬15C¬NHS Bristol, North Somerset And South Gloucestershire CCG¬01173302720¬l81133.admin@nhs.net¬http://www.bris.ac.uk/depts/studenthealthservice/¬0117 3302698
15782¬L81600¬GP¬UNKNOWN¬Visible¬True¬True¬Harbourside Family Practice¬Marina Healthcare Centre¬2, Haven View¬Portishead¬Bristol¬Avon¬BS20 7QA¬51.484481811523438¬-2.7582552433013916¬15C¬NHS Bristol, North Somerset And South Gloucestershire CCG¬01275 868500¬¬https://www.harboursidefmp.nhs.uk¬01275 847123
15783¬L81617¬GP¬UNKNOWN¬Visible¬True¬True¬University Medical Centre¬Quarry House¬North Road¬¬Bath¬Avon¬BA2 7AY¬51.379329681396484¬-2.3271450996398926¬92G¬NHS Bath And North East Somerset, Swindon And Wiltshire CCG¬01225789100¬bsccg.bathumc@nhs.net¬http://www.umcbath.co.uk¬01225 789123
15784¬L81622¬GP¬UNKNOWN¬Visible¬True¬True¬Helios Medical Centre¬17 Stoke Hill¬Stoke Bishop¬¬Bristol¬Avon¬BS9 1JN¬51.475532531738281¬-2.631009578704834¬15C¬NHS Bristol, North Somerset And South Gloucestershire CCG¬01179626060¬reception@gp-l81622.nhs.uk¬www.heliosbristol.co.uk¬0117 962 6663
15785¬L81632¬GP¬UNKNOWN¬Visible¬True¬True¬Emersons Green Medical Centre¬St Lukes Close¬¬¬Bristol¬Avon¬BS16 7AL¬51.492767333984375¬-2.4770092964172363¬15C¬NHS Bristol, North Somerset And South Gloucestershire CCG¬01179576000¬¬http://www.emersonsgreenmedicalcentre.nhs.uk¬
15788¬L81637¬GP¬UNKNOWN¬Visible¬True¬True¬Grosvenor Place Surgery¬26 Grosvenor Place¬¬¬Bath¬Somerset¬BA1 6BA¬51.394775390625¬-2.3444457054138184¬92G¬NHS Bath And North East Somerset, Swindon And Wiltshire CCG¬01225484748¬¬¬01225 789022
15790¬L81642¬GP¬UNKNOWN¬Visible¬True¬True¬Wellington Road Surgery¬Wellington Road¬Yate¬¬Bristol¬Avon¬BS37 5UY¬51.548912048339844¬-2.4177465438842773¬15C¬NHS Bristol, North Somerset And South Gloucestershire CCG¬01454323366¬¬www.wellingtonroadfamilypractice.co.uk¬01454 315077
15791¬L81643¬GP¬UNKNOWN¬Visible¬True¬True¬The Cedars Surgery¬87 New Bristol Road¬Worle¬¬Weston Super Mare¬Avon¬BS22 6AJ¬51.357761383056641¬-2.9256589412689209¬15C¬NHS Bristol, North Somerset And South Gloucestershire CCG¬01934515878¬¬https://www.cedarssurgerywsm.com¬01934 000000
15792¬L81644¬GP¬UNKNOWN¬Visible¬True¬True¬Rush Hill Surgery¬20 Rush Hill¬¬¬Bath¬Avon¬BA2 2QH¬51.365386962890625¬-2.3939385414123535¬92G¬NHS Bath And North East Somerset, Swindon And Wiltshire CCG¬01225446087¬¬http://www.rushhillandwestonsurgery.co.uk¬
15794¬L81649¬GP¬UNKNOWN¬Visible¬True¬True¬Bradley Stoke Surgery¬Brook Way¬Bradley Stoke¬¬Bristol¬Avon¬BS32 9DS¬51.540214538574219¬-2.5606307983398437¬15C¬NHS Bristol, North Somerset And South Gloucestershire CCG¬01454616262¬¬https://www.bradleystokesurgery.nhs.uk/¬
15795¬L81655¬GP¬UNKNOWN¬Visible¬True¬True¬Dr Vera Austin¬8 Monmouth Place¬¬¬Bath¬Somerset¬BA1 2AU¬51.383193969726563¬-2.367565393447876¬92G¬NHS Bath And North East Somerset, Swindon And Wiltshire CCG¬01225334618¬¬http://www.monmouthsurgery.co.uk/¬01225 443732
15801¬L81669¬GP¬UNKNOWN¬Visible¬True¬True¬Monks Park Surgery¬24 Monks Park Avenue¬Horfield¬¬Bristol¬Avon¬BS7 0UE¬51.497539520263672¬-2.5827667713165283¬15C¬NHS Bristol, North Somerset And South Gloucestershire CCG¬01179693106¬¬http://www.monksparksurgery.nhs.uk¬
15802¬L81670¬GP¬UNKNOWN¬Visible¬True¬True¬The Locality Health Centre¬68 Lonsdale Avenue¬¬¬Weston-Super-Mare¬Somerset¬BS23 3SJ¬51.331302642822266¬-2.9651007652282715¬15C¬NHS Bristol, North Somerset And South Gloucestershire CCG¬03453503973¬¬¬01934 427316
15803¬L82001001¬GP¬UNKNOWN¬Visible¬True¬True¬Threemilestone Surgery¬Threemilestone¬¬¬Truro¬Cornwall¬TR3 6DP¬50.261566162109375¬-5.115382194519043¬11N¬NHS Kernow CCG¬01872272266¬¬¬01872 223328
15804¬L82001¬GP¬UNKNOWN¬Visible¬True¬True¬The Lander Medical Practice¬Truro Health Park¬Infirmary Hill¬¬Truro¬Cornwall¬TR1 2JA¬50.259990692138672¬-5.055851936340332¬11N¬NHS Kernow CCG¬01872243700¬¬http://www.landermedicalpractice.co.uk¬
15807¬L82003002¬GP¬UNKNOWN¬Visible¬True¬False¬Port Isaac Practice¬St Kew Highway¬¬¬Bodmin¬Cornwall¬PL30 3ED¬50.545612335205078¬-4.7794322967529297¬11N¬NHS Kernow CCG¬01208880222¬¬¬01208 841438
15808¬L82003005¬GP¬UNKNOWN¬Visible¬True¬False¬Dr LUNNY & partners¬The Stables¬¬¬St Teath¬Cornwall¬PL30 3JF¬50.592594146728516¬-4.7354702949523926¬11N¬NHS Kernow CCG¬01208880222¬¬¬
15809¬L82003006¬GP¬UNKNOWN¬Visible¬True¬False¬Dr LUNNY & partners¬71 High Street¬Delabole¬Cornwall¬Delabole¬Cornwall¬PL33 9AN¬50.622787475585938¬-4.7308459281921387¬11N¬NHS Kernow CCG¬01208880222¬¬¬01840 213938
15810¬L82003¬GP¬UNKNOWN¬Visible¬True¬False¬Port Isaac Practice¬Hillson Close¬¬¬Port Isaac¬Cornwall¬PL29 3TR¬50.589817047119141¬-4.8245811462402344¬11N¬NHS Kernow CCG¬01208880222¬¬¬01208 880633
15811¬L82003003¬GP¬UNKNOWN¬Visible¬True¬False¬Blisland Village Hall¬Village Hall¬¬¬Blisland¬Cornwall¬PL30 4JR¬50.529392242431641¬-4.6818842887878418¬11N¬NHS Kernow CCG¬01208880222¬¬¬
15812¬L82003001¬GP¬UNKNOWN¬Visible¬True¬False¬Port Isaac Practice¬Bridge Medical Centre¬Harbour Road¬¬Wadebridge¬Cornwall¬PL27 7AH¬50.517219543457031¬-4.8359026908874512¬11N¬NHS Kernow CCG¬01208812342¬¬http://www.portisaacpractice.co.uk/¬01208 812718
15813¬L82003004¬GP¬UNKNOWN¬Visible¬True¬False¬Dr LUNNY & partners¬Tregawn¬¬¬Polzeath¬Cornwall¬PL27 6TJ¬50.569908142089844¬-4.916226863861084¬11N¬NHS Kernow CCG¬01208880222¬¬¬
15814¬L82004001¬GP¬UNKNOWN¬Visible¬True¬True¬Rock Surgery¬Rock¬¬¬Wadebridge¬Cornwall¬PL27 6PW¬50.551742553710937¬-4.8987274169921875¬11N¬NHS Kernow CCG¬01208862545¬¬http://www.wadebridgedoctors.co.uk/¬
15815¬L82004¬GP¬UNKNOWN¬Visible¬True¬True¬Wadebridge and Camel Estuary Practice¬Brooklyn¬¬¬Wadebridge¬Cornwall¬PL27 7BS¬50.514823913574219¬-4.835716724395752¬11N¬NHS Kernow CCG¬01208812222¬¬http://www.wadebridgedoctors.co.uk/¬01208 815907
15816¬L82006002¬GP¬UNKNOWN¬Visible¬True¬True¬The Penryn Surgery¬The Square¬Mawnan Smith¬¬Falmouth¬Cornwall¬TR11 5EP¬50.11700439453125¬-5.109283447265625¬11N¬NHS Kernow CCG¬01326250861¬¬http://www.penrynsurgery.co.uk¬
15817¬L82006¬GP¬UNKNOWN¬Visible¬True¬True¬The Penryn Surgery¬Saracen Way¬Saracen Way¬¬Penryn¬Cornwall¬TR10 8HX¬50.167514801025391¬-5.1033473014831543¬11N¬NHS Kernow CCG¬01326372502¬docs@penryn.co.uk¬https://www.penrynsurgery.co.uk/¬
15818¬L82006001¬GP¬UNKNOWN¬Visible¬True¬True¬The Penryn Surgery¬Rosas¬Crellow Lane¬Stithians¬Truro¬Cornwall¬TR3 7BA¬50.188743591308594¬-5.1745867729187012¬11N¬NHS Kernow CCG¬01209860170¬¬http://www.penrynsurgery.co.uk¬
15819¬L82007¬GP¬UNKNOWN¬Visible¬True¬True¬Medical Centre Camelford (Dr Nash)¬Church Field¬¬¬Camelford¬Cornwall¬PL32 9YT¬50.624034881591797¬-4.6767764091491699¬11N¬NHS Kernow CCG¬01840213894¬¬¬01840 212276
15820¬L82007001¬GP¬UNKNOWN¬Visible¬True¬True¬Dr NASH & partner¬Brookside¬St Breward¬¬Bodmin¬Cornwall¬PL30 4LN¬50.558414459228516¬-4.6898722648620605¬11N¬NHS Kernow CCG¬01840213894¬¬¬01840 212276
15821¬L82007002¬GP¬UNKNOWN¬Visible¬True¬True¬Dr NASH & partner¬71 High Street¬¬¬Delabole¬Cornwall¬PL33 9AN¬50.622787475585938¬-4.7308459281921387¬11N¬NHS Kernow CCG¬01840213894¬¬¬01840 212276
15822¬L82008¬GP¬UNKNOWN¬Visible¬True¬True¬The Medical Centre¬Hospital Road¬Stratton¬¬Bude¬Cornwall¬EX23 9BP¬50.830234527587891¬-4.5161919593811035¬11N¬NHS Kernow CCG¬01288352133¬¬http://www.rubycountrymedicalgroup.co.uk¬
15823¬L82009001¬GP¬UNKNOWN¬Visible¬True¬True¬Carnewater Practice - Lewannick¬Landry Cottage¬¬¬Lewannick¬Cornwall¬PL15 7QD¬50.600757598876953¬-4.4388895034790039¬11N¬NHS Kernow CCG¬01208269988¬carnewater.practice@carnewater.cornwall.nhs.uk¬www.carnewaterpractice.co.uk¬01208 78408
15824¬L82009¬GP¬UNKNOWN¬Visible¬True¬True¬Carnewater Practice¬Dennison Road¬¬¬Bodmin¬Cornwall¬PL31 2LB¬50.472866058349609¬-4.7225875854492187¬11N¬NHS Kernow CCG¬01208269988¬carnewater.practice@carnewater.cornwall.nhs.uk¬www.carnewaterpractice.co.uk¬01208 256229
15825¬L82010¬GP¬UNKNOWN¬Visible¬True¬True¬Stillmoor House Medical Practice¬Stillmoor House¬Bell Lane¬¬Bodmin¬Cornwall¬PL31 2JJ¬50.471935272216797¬-4.7200250625610352¬11N¬NHS Kernow CCG¬0120872488¬letters.stillmoor@nhs.net¬http://www.stillmoorhousemedicalpractice.co.uk/¬01208 78694
15826¬L82011¬GP¬UNKNOWN¬Visible¬True¬True¬Brannel Surgery¬58 Rectory Road¬St.Stephen¬¬St Austell¬Cornwall¬PL26 7RL¬50.340278625488281¬-4.8909282684326172¬11N¬NHS Kernow CCG¬01726822254¬contacts.brannel@nhs.net¬http://www.brannelsurgery.co.uk/¬01726 824450
15827¬L82012001¬GP¬UNKNOWN¬Visible¬True¬True¬Gunnislake Health Centre¬The Orchard¬¬¬Gunnislake¬Cornwall¬PL18 9JZ¬50.524703979492188¬-4.2147316932678223¬11N¬NHS Kernow CCG¬01822832641¬¬http://www.tamarvalleyhealth.org.uk/¬01822 833757
15828¬L82012¬GP¬UNKNOWN¬Visible¬True¬True¬Callington Health Centre¬Haye Road¬¬¬Callington¬Cornwall¬PL17 7AW¬50.503482818603516¬-4.3200602531433105¬11N¬NHS Kernow CCG¬01579382666¬¬http://www.tamarvalleyhealth.org.uk¬01579 383345
15829¬L82013¬GP¬UNKNOWN¬Visible¬True¬True¬Perranporth Surgery¬3 Beach Road¬¬¬Perranporth¬Cornwall¬TR6 0PS¬50.345279693603516¬-5.1547408103942871¬11N¬NHS Kernow CCG¬01872572255¬perranporth.surgery@nhs.net¬http://www.perranporthsurgery.co.uk¬01872 573022
15830¬L82041003¬GP¬UNKNOWN¬Visible¬True¬True¬Carn to Coast Health Centres - Trevithick Surgery¬Basset Road¬¬¬Camborne¬Cornwall¬TR14 8TT¬50.212863922119141¬-5.3008179664611816¬11N¬NHS Kernow CCG¬01209716721¬¬http://www.carntocoast.co.uk¬
15831¬L82015¬GP¬UNKNOWN¬Visible¬True¬True¬Chacewater Health Centre¬Chacewater¬¬¬Truro¬Cornwall¬TR4 8QS¬50.255970001220703¬-5.155764102935791¬11N¬NHS Kernow CCG¬01872560346¬¬www.chacewatersurgery.co.uk¬01872 562203
15832¬L82015001¬GP¬UNKNOWN¬Visible¬True¬True¬Devoran Surgery ¬Quay Road¬¬¬Devoran¬Cornwall¬TR3 6PW¬50.209758758544922¬-5.0911464691162109¬11N¬NHS Kernow CCG¬01872562200¬¬www.chacewatersurgery.co.uk¬01872 864790
15833¬L82016¬GP¬UNKNOWN¬Visible¬True¬False¬Oak Tree Surgery¬Clemo Road¬Clemo Road¬¬Liskeard¬Cornwall¬PL14 3XA¬50.460140228271484¬-4.4509220123291016¬11N¬NHS Kernow CCG¬01579324252¬¬http://www.theoaktreesurgery.co.uk/¬01579 324240
15834¬L82017003¬GP¬UNKNOWN¬Visible¬True¬True¬Dr L A Davies & Partners¬Tresco Reading Room¬Tresco¬Isles Of Scilly¬Tresco¬Isles Of Scilly¬TR24 0PW¬49.960041046142578¬-6.3334784507751465¬11N¬NHS Kernow CCG¬01720422628¬¬¬01720 423160
15835¬L82017¬GP¬UNKNOWN¬Visible¬True¬True¬St Mary's Health Centre¬St. Marys¬¬¬Isles Of Scilly¬Cornwall¬TR21 0HE¬49.912616729736328¬-6.3089027404785156¬11N¬NHS Kernow CCG¬01720422628¬¬http://www.scillyhealth.co.uk¬01720 423160
15836¬L82017001¬GP¬UNKNOWN¬Visible¬True¬True¬Dr L A Davies & Partners¬The Reading Room¬¬¬St Agnes¬Isles Of Scilly¬TR22 0PL¬57.413352966308594¬-7.1921095848083496¬11N¬NHS Kernow CCG¬01720422628¬¬¬
15837¬L82017002¬GP¬UNKNOWN¬Visible¬True¬True¬Dr L A Davies & Partners¬Bryher¬Isles Of Scilly¬¬Bryher¬Isles Of Scilly¬TR23 0PR¬49.953617095947266¬-6.3526349067687988¬11N¬NHS Kernow CCG¬01720422628¬¬¬01720 422628
15838¬L82017004¬GP¬UNKNOWN¬Visible¬True¬True¬Dr L A Davies & Partners¬St Martins Reading Room¬Highertown¬St Martins¬St. Martin's¬Isles Of Scilly¬TR25 0QL¬49.961017608642578¬-6.2832541465759277¬11N¬NHS Kernow CCG¬01720422628¬¬¬01720 422628
15839¬L82018001¬GP¬UNKNOWN¬Visible¬True¬True¬Porthleven Surgery¬Sunset Gardens¬¬¬Porthleven¬Cornwall¬TR13 9BT¬50.086578369140625¬-5.3089332580566406¬11N¬NHS Kernow CCG¬01326562204¬¬http://www.helstonmedicalcentre.co.uk/¬01326 569222
15840¬L82018¬GP¬UNKNOWN¬Visible¬True¬True¬Helston Medical Centre¬Trelawney Road¬¬¬Helston¬Cornwall¬TR13 8AU¬50.099601745605469¬-5.2700691223144531¬11N¬NHS Kernow CCG¬01326572637¬enquiries.helstonmc@nhs.net¬http://www.helstonmedicalcentre.co.uk/¬01326 565525
15843¬L82021¬GP¬UNKNOWN¬Visible¬True¬True¬The Alverton Practice¬Alverton Practice¬St Clare Medical Centre¬St Clare Street¬Penzance¬Cornwall¬TR18 3DX¬50.122413635253906¬-5.5450749397277832¬11N¬NHS Kernow CCG¬01736 363741¬prescription.alverton@nhs.net¬http://www.thealvertonpractice.nhs.uk¬
15844¬L82021001¬GP¬UNKNOWN¬Visible¬True¬True¬Newlyn Surgery¬3 New Road¬¬Newlyn¬Penzance¬Cornwall¬TR18 5PZ¬50.107486724853516¬-5.5496368408203125¬11N¬NHS Kernow CCG¬01736 363741¬prescriptions.alverton@nhs.net¬¬
15845¬L82022¬GP¬UNKNOWN¬Visible¬True¬True¬Old Bridge Surgery¬Station Road¬East Looe¬¬Looe¬Cornwall¬PL13 1HA¬50.356819152832031¬-4.4552950859069824¬11N¬NHS Kernow CCG¬01503 266960¬oldbridgesurgery.looe@nhs.net¬http://www.oldbridgesurgery.co.uk¬01503 266964
15846¬L82023¬GP¬UNKNOWN¬Visible¬True¬False¬Petroc Group Practice¬Trekenning Road¬St.Columb Major¬¬St Columb¬Cornwall¬TR9 6RR¬50.430747985839844¬-4.943150520324707¬11N¬NHS Kernow CCG¬01637880359¬¬¬01637 881482
15847¬L82023002¬GP¬UNKNOWN¬Visible¬True¬False¬St Columb Road Surgery¬Parka Road, St Columb Road¬¬¬St Columb¬Cornwall¬TR9 6PG¬50.394859313964844¬-4.9398703575134277¬11N¬NHS Kernow CCG¬01726860236¬¬¬01726 860236
15848¬L82023001¬GP¬UNKNOWN¬Visible¬True¬False¬Petroc Group Practice¬The Medical Centre¬Boyd Avenue¬¬Padstow¬Cornwall¬PL28 8ER¬50.537929534912109¬-4.944429874420166¬11N¬NHS Kernow CCG¬01841532346¬¬¬01841 532602
15849¬L82023005¬GP¬UNKNOWN¬Visible¬True¬False¬St Merryn Surgery¬Higher Towan¬St Merryn¬¬Padstow¬Cornwall¬PL28 8NP¬50.523529052734375¬-4.9962072372436523¬11N¬NHS Kernow CCG¬01841520394¬¬¬01841 520394
15850¬L82024¬GP¬UNKNOWN¬Visible¬True¬True¬Clinton Road Surgery¬19 Clinton Road¬¬¬Redruth¬Cornwall¬TR15 2LL¬50.230949401855469¬-5.2249054908752441¬11N¬NHS Kernow CCG¬01209216507¬¬¬01209 218262
15851¬L82025¬GP¬UNKNOWN¬Visible¬True¬True¬Mevagissey Surgery¬River Street¬Mevagissey¬¬St Austell¬Cornwall¬PL26 6UE¬50.270668029785156¬-4.788546085357666¬11N¬NHS Kernow CCG¬01726843701¬¬¬01726 842565
15852¬L82026¬GP¬UNKNOWN¬Visible¬True¬True¬Middleway Surgery¬St.Blazey¬¬¬Par¬Cornwall¬PL24 2JL¬50.356449127197266¬-4.7132043838500977¬11N¬NHS Kernow CCG¬01726812019¬letters.middleway@nhs.net¬http://www.middlewaysurgery.co.uk¬01726 817168
15853¬L82028¬GP¬UNKNOWN¬Visible¬True¬True¬The Three Spires Medical Practice¬Truro Health Park¬Infirmary Hill¬¬Truro¬Cornwall¬TR1 2JA¬50.259990692138672¬-5.055851936340332¬11N¬NHS Kernow CCG¬01872272272¬¬https://www.threespiresmedical.co.uk¬01872 243720
15854¬L82029¬GP¬UNKNOWN¬Visible¬True¬True¬Narrowcliff Surgery¬Narrowcliff¬¬¬Newquay¬Cornwall¬TR7 2QF¬50.418277740478516¬-5.0703692436218262¬11N¬NHS Kernow CCG¬01637854433¬¬¬01637 850735
15855¬L82030¬GP¬UNKNOWN¬Visible¬True¬False¬Launceston Medical Centre¬Landlake Road¬¬¬Launceston¬Cornwall¬PL15 9HH¬50.627674102783203¬-4.3599939346313477¬11N¬NHS Kernow CCG¬01566772131¬kccg.letterslaunceston@nhs.net¬http://www.launcestonmedicalcentre.co.uk¬01566 772223
15856¬L82035001¬GP¬UNKNOWN¬Visible¬True¬True¬Par Health Centre¬Eastcliffe Road¬¬¬Par¬Cornwall¬PL24 2AJ¬50.355636596679687¬-4.7020645141601562¬11N¬NHS Kernow CCG¬01726829272¬¬http://www.foweyriverpractice.co.uk¬01726 815783
15857¬L82035002¬GP¬UNKNOWN¬Visible¬True¬True¬Polruan Surgery¬The Quay¬The Quay¬¬Polruan¬Cornwall¬PL23 1PA¬50.329067230224609¬-4.6346526145935059¬11N¬NHS Kernow CCG¬1726829272¬¬http://www.foweyriverpractice.co.uk¬
15858¬L82035¬GP¬UNKNOWN¬Visible¬True¬True¬Fowey River Practice¬Rawlings Lane¬¬¬Fowey¬Cornwall¬PL23 1DT¬50.337936401367188¬-4.635340690612793¬11N¬NHS Kernow CCG¬01726829272¬¬http://www.foweyriverpractice.co.uk¬01726 833129
15859¬L82036¬GP¬UNKNOWN¬Visible¬True¬True¬Bodriggy Health Centre¬Bodriggy Health Centre¬60 Queensway¬¬Hayle¬Cornwall¬TR27 4PB¬50.187080383300781¬-5.4128279685974121¬11N¬NHS Kernow CCG¬01736753136¬enquiries.bodriggy@nhs.net¬http://www.bodriggysurgery.co.uk¬
15860¬L82016001¬GP¬UNKNOWN¬Visible¬True¬False¬Pensilva Health Centre¬School Road¬Pensilva¬¬Liskeard¬Cornwall¬PL14 5RP¬50.503753662109375¬-4.4103479385375977¬11N¬NHS Kernow CCG¬01579362249¬¬www.pensilvahealthcentre.co.uk¬01579 363323
15862¬L82038¬GP¬UNKNOWN¬Visible¬True¬True¬Cape Cornwall Surgery¬St.Just-In-Penwith¬¬¬Penzance¬Cornwall¬TR19 7HX¬50.124153137207031¬-5.6810016632080078¬11N¬NHS Kernow CCG¬01736788306¬¬http://www.capecornwallsurgery.co.uk/home¬01736 786288
15863¬L82039¬GP¬UNKNOWN¬Visible¬True¬True¬Lostwithiel Surgery¬North Street¬¬¬Lostwithiel¬Cornwall¬PL22 0EF¬50.407913208007812¬-4.6687102317810059¬11N¬NHS Kernow CCG¬01208872589¬kccg.lostenq@nhs.net¬http://www.lostwithielmedicalpractice.nhs.uk/¬01208 873710
15865¬L82041¬GP¬UNKNOWN¬Visible¬True¬True¬Carn To Coast Health Centres - Pool Health Centre¬Station Road¬Pool¬¬Redruth¬Cornwall¬TR15 3DU¬50.226230621337891¬-5.2681422233581543¬11N¬NHS Kernow CCG¬01209717471¬carntocoast@nhs.net¬http://www.carntocoast.co.uk/¬01209 612160
15866¬L82042¬GP¬UNKNOWN¬Visible¬True¬True¬Manor Surgery¬Forth Noweth¬Off Chapel street¬¬Redruth¬Cornwall¬TR15 1AU¬50.234367370605469¬-5.2324008941650391¬11N¬NHS Kernow CCG¬01209313313¬¬http://www.manorsurgery.co.uk¬
15867¬L82043001¬GP¬UNKNOWN¬Visible¬True¬False¬The Surgery¬¬Broads Yard¬Downderry¬Torpoint¬Cornwall¬PL11 3LD¬50.362049102783203¬-4.3693280220031738¬11N¬NHS Kernow CCG¬01503230088¬quaylane.surgery@nhs.uk¬http://www.quaylanesurgery.co.uk/¬01503 230713
15868¬L82043¬GP¬UNKNOWN¬Visible¬True¬False¬Quay Lane Surgery¬Old Quay Lane¬St.Germans¬¬Saltash¬Cornwall¬PL12 5LH¬50.395359039306641¬-4.3056859970092773¬11N¬NHS Kernow CCG¬01503230088¬quaylane.surgery@nhs.uk¬http://www.quaylanesurgery.co.uk/¬01503 230713
15869¬L82044¬GP¬UNKNOWN¬Visible¬True¬True¬Dr Norris & Partners¬South Terrace¬¬¬Camborne¬Cornwall¬TR14 8SN¬50.209976196289063¬-5.2995529174804687¬11N¬NHS Kernow CCG¬01209611199¬letters.veorsurgery@nhs.net¬http://www.veorsurgery.co.uk¬01209611198
15870¬L82045001¬GP¬UNKNOWN¬Visible¬True¬True¬Mill Lane Surgery¬Mill Lane¬Grampound¬¬Truro¬Cornwall¬TR2 4RU¬50.300815582275391¬-4.9018192291259766¬11N¬NHS Kernow CCG¬01726882521¬enquiries.probussurgery@nhs.net¬http://www.probussurgery.co.uk¬01726 883536
15871¬L82045¬GP¬UNKNOWN¬Visible¬True¬True¬Probus Surgery¬Tregony Road¬Probus¬¬Truro¬Cornwall¬TR2 4JZ¬50.290130615234375¬-4.9485292434692383¬11N¬NHS Kernow CCG¬01726882745¬enquiries.probussurgery@nhs.net¬https://www.probussurgery.co.uk¬
15872¬L82046¬GP¬UNKNOWN¬Visible¬True¬True¬Saltash Health Centre¬Callington Road¬Callington Road¬¬Saltash¬Cornwall¬PL12 6DL¬50.409736633300781¬-4.2208781242370605¬11N¬NHS Kernow CCG¬01752842281¬¬https://www.saltashhealth.co.uk/¬
15873¬L82047¬GP¬UNKNOWN¬Visible¬True¬True¬Marazion Surgery¬Gwallon Lane¬¬¬Marazion¬Cornwall¬TR17 0HW¬50.126834869384766¬-5.4643735885620117¬11N¬NHS Kernow CCG¬01736710505¬¬http://www.marazionsurgery.com¬01736 711205
15874¬L82048002¬GP¬UNKNOWN¬Visible¬True¬True¬Tregony Surgery¬Well Street¬¬¬Tregony¬Cornwall¬TR2 5RT¬50.266307830810547¬-4.9147920608520508¬11N¬NHS Kernow CCG¬01872580345¬¬http://www.roselandsurgeries.co.uk/¬01872 580788
15875¬L82048¬GP¬UNKNOWN¬Visible¬True¬True¬The Roseland Surgeries¬Gerrans Hill¬Portscatho¬¬Truro¬Cornwall¬TR2 5EE¬50.17803955078125¬-4.9786972999572754¬11N¬NHS Kernow CCG¬01872580345¬¬http://www.roselandsurgeries.co.uk/¬01872 580788
15876¬L82048001¬GP¬UNKNOWN¬Visible¬True¬True¬St Mawes Surgery¬Hillhead¬Hillhead¬¬St Mawes¬Cornwall¬TR2 5AL¬50.160232543945312¬-5.0126533508300781¬11N¬NHS Kernow CCG¬01326270241¬¬http://www.roselandsurgeries.co.uk/¬
15877¬L82049¬GP¬UNKNOWN¬Visible¬True¬True¬Falmouth Health Centre¬Trevaylor Road¬¬¬Falmouth¬Cornwall¬TR11 2LH¬50.156406402587891¬-5.0860071182250977¬11N¬NHS Kernow CCG¬01326210090¬falmouth.healthcentre@nhs.net¬http://www.faldoc.co.uk¬
15878¬L82050¬GP¬UNKNOWN¬Visible¬True¬False¬Rosedean Surgery¬8 Dean Street¬¬¬Liskeard¬Cornwall¬PL14 4AQ¬50.453693389892578¬-4.465972900390625¬11N¬NHS Kernow CCG¬01579343133¬¬https://www.rosedeansurgery.co.uk¬
15879¬L82051002¬GP¬UNKNOWN¬Visible¬True¬True¬The Clays Practice¬Roche Road¬¬¬Bugle¬Cornwall¬PL26 8PP¬50.399105072021484¬-4.798121452331543¬11N¬NHS Kernow CCG¬01726890370¬enquiries.theclays@nhs.net¬http://www.theclayspractice.co.uk¬01726 890402
15880¬L82051¬GP¬UNKNOWN¬Visible¬True¬True¬Clays Practice¬The Clay Area Health Centre¬Victoria Road¬¬Roche¬Cornwall¬PL26 8JF¬50.409000396728516¬-4.8328638076782227¬11N¬NHS Kernow CCG¬01726890370¬enquiries.theclays@nhs.net¬http://www.theclayspractice.co.uk¬01726 890402
15881¬L82051001¬GP¬UNKNOWN¬Visible¬True¬True¬The Clays Practice¬Fore Street,St.Dennis¬St.Austell¬¬St Dennis¬Cornwall¬PL26 8AD¬50.382637023925781¬-4.8840227127075195¬11N¬NHS Kernow CCG¬01726890370¬enquiries.theclays@nhs.net¬http://www.theclayspractice.co.uk¬01726 890402
15882¬L82052¬GP¬UNKNOWN¬Visible¬True¬True¬Trescobeas Surgery¬Trescobeas Road¬¬¬Falmouth¬Cornwall¬TR11 2UN¬50.155319213867188¬-5.0853209495544434¬11N¬NHS Kernow CCG¬01326315615¬trescobeas.surgery@nhs.com¬¬01326 213264
15883¬L82052002¬GP¬UNKNOWN¬Visible¬True¬True¬Mylor Surgery¬Lemon Hill¬¬¬Mylor Bridge¬Cornwall¬TR11 5ND¬50.184597015380859¬-5.0769248008728027¬11N¬NHS Kernow CCG¬01326315615¬¬¬01326 434889
15884¬Y01051002¬GP¬UNKNOWN¬Visible¬True¬True¬Pendeen Surgery¬Boscaswell Downs¬Penzance¬¬Pendeen¬Cornwall¬TR19 7DN¬50.151473999023438¬-5.6657528877258301¬11N¬NHS Kernow CCG¬01736363866¬morrabenquiries@nhs.net¬¬01736367809
15885¬Y01051001¬GP¬UNKNOWN¬Visible¬True¬True¬NOW MORRAB SURGERY¬Morrab Surgery¬2 Morrab Road¬¬Penzance¬Cornwall¬TR18 4EL¬50.116931915283203¬-5.5389752388000488¬11N¬NHS Kernow CCG¬01736363866¬¬https://www.morrabsurgery.co.uk¬
15886¬L82054001¬GP¬UNKNOWN¬Visible¬True¬True¬Mount Hawke Surgery¬Short Cross Road¬Mount Hawke¬¬Truro¬Cornwall¬TR4 8UE¬50.280735015869141¬-5.2098665237426758¬11N¬NHS Kernow CCG¬01209890999¬¬http://www.stagnessurgery.co.uk/¬01209 891721
15887¬L82054¬GP¬UNKNOWN¬Visible¬True¬True¬St Agnes Surgery¬Pengarth Road¬St.Agnes¬¬St Agnes¬Cornwall¬TR5 0TN¬50.310775756835938¬-5.2025771141052246¬11N¬NHS Kernow CCG¬01872553881¬st.agnes@nhs.net¬http://www.stagnessurgery.co.uk¬01872 553885
15889¬L82056002¬GP¬UNKNOWN¬Visible¬True¬True¬Dr Dorrell & partners¬Glebe Place¬¬¬Ruan Minor¬Cornwall¬TR12 7JW¬49.994609832763672¬-5.1826505661010742¬11N¬NHS Kernow CCG¬01326290852¬¬http://www.mullionhealthcentre.co.uk¬
15890¬L82056¬GP¬UNKNOWN¬Visible¬True¬True¬Mullion Health Centre¬Mullion¬¬¬Helston¬Cornwall¬TR12 7DQ¬50.025474548339844¬-5.2443466186523437¬11N¬NHS Kernow CCG¬01326240212¬¬¬01326 242102
15891¬L82056001¬GP¬UNKNOWN¬Visible¬True¬True¬Dr Dorrell & partners¬The Lizard¬Cornwall¬¬The Lizard¬Cornwall¬TR12 7NZ¬49.970138549804688¬-5.2039928436279297¬11N¬NHS Kernow CCG¬01326290415¬¬http://www.mullionhealthcentre.co.uk¬
15892¬L82057¬GP¬UNKNOWN¬Visible¬True¬True¬ST KEVERNE HEALTH CENTRE¬Polventon Parc¬St Keverne¬¬Helston¬Cornwall¬TR12 6PB¬50.048454284667969¬-5.0911846160888672¬11N¬NHS Kernow CCG¬01326280205¬letters.stkeverne@nhs.net¬http://www.stkevernehealthcentre.co.uk¬
15893¬L82058001¬GP¬UNKNOWN¬Visible¬True¬False¬Tintagel Medical Centre¬Bossinney Road¬¬¬Tintagel¬Cornwall¬PL34 0AE¬50.66278076171875¬-4.7468233108520508¬11N¬NHS Kernow CCG¬01840770214¬¬http://www.bottreauxsurgery.co.uk/¬01840 770198
15894¬L82058¬GP¬UNKNOWN¬Visible¬True¬False¬Bottreaux Surgery¬¬Nr Doctors Hill¬¬Boscastle¬Cornwall¬PL35 0BG¬50.684009552001953¬-4.6917567253112793¬11N¬NHS Kernow CCG¬01840250209¬¬¬01840 250666
15895¬L82059¬GP¬UNKNOWN¬Visible¬True¬True¬Meneage Street Surgery¬100 Meneage Street¬¬¬Helston¬Cornwall¬TR13 8RF¬50.098403930664063¬-5.271399974822998¬11N¬NHS Kernow CCG¬01326558714¬¬http://www.meneagesurgery.com¬
15896¬L82061¬GP¬UNKNOWN¬Visible¬True¬False¬Carnon Downs Surgery¬Bissoe Road¬Carnon Downs¬¬Truro¬Cornwall¬TR3 6JD¬50.223457336425781¬-5.0918922424316406¬11N¬NHS Kernow CCG¬01872863221¬¬https://www.carnondownssurgery.co.uk¬
15897¬L82066¬GP¬UNKNOWN¬Visible¬True¬True¬Port View Surgery¬Higher Port View¬¬¬Saltash¬Cornwall¬PL12 4BU¬50.407371520996094¬-4.2143073081970215¬11N¬NHS Kernow CCG¬01752840115¬portview.surgery@nhs.net¬http://www.portviewsurgery.co.uk¬
15898¬L82068¬GP¬UNKNOWN¬Visible¬True¬True¬Praze-An-Beeble Surgery¬School Road¬Praze¬¬Camborne¬Cornwall¬TR14 0LB¬50.173942565917969¬-5.3089509010314941¬11N¬NHS Kernow CCG¬01209831386¬¬http://www.prazesurgery.co.uk/¬01209 831885
15899¬L82068001¬GP¬UNKNOWN¬Visible¬True¬True¬Connor Downs Surgery¬Turnpike Road¬Connor Downs¬¬Hayle¬Cornwall¬TR27 5DT¬50.203769683837891¬-5.3715486526489258¬11N¬NHS Kernow CCG¬01209831386¬¬¬01209 831885
15901¬L82070¬GP¬UNKNOWN¬Visible¬True¬True¬Sunnyside Surgery¬St Clare Medical Centre¬St Clare Street¬¬Penzance¬Cornwall¬TR18 3DX¬50.122413635253906¬-5.5450749397277832¬11N¬NHS Kernow CCG¬01736363340¬kccg.sunnysideletters@nhs.net¬https://www.sunnysidesurgerypenzance.co.uk¬
15902¬Y04957¬GP¬UNKNOWN¬Visible¬True¬True¬St Austell Health Group¬1 Wheal Northey¬¬¬St Austell¬Cornwall¬PL25 3EF¬50.344318389892578¬-4.7603611946105957¬11N¬NHS Kernow CCG¬0172675555¬info.sahc@nhs.net¬http://www.staustellhealthcare.co.uk/¬01726 626848
15904¬L82618002¬GP¬UNKNOWN¬Visible¬True¬True¬Drs Richardson J.P.S & Garrod A.C¬46 High Street¬¬¬Delabole¬Cornwall¬PL33 9AE¬50.626007080078125¬-4.7293639183044434¬11N¬NHS Kernow CCG¬01840213893¬¬¬01840 212896
15905¬L82618¬GP¬UNKNOWN¬Visible¬True¬True¬Medical Centre Camelford (Dr Garrod)¬Church Field¬¬¬Camelford¬Cornwall¬PL32 9YT¬50.624034881591797¬-4.6767764091491699¬11N¬NHS Kernow CCG¬01840213893¬¬¬01840 212986
15906¬L82618001¬GP¬UNKNOWN¬Visible¬True¬True¬Dr A Garrod¬Rowe¬¬¬St Breward¬Cornwall¬PL30 4LN¬50.558414459228516¬-4.6898722648620605¬11N¬NHS Kernow CCG¬01208851194¬¬http://www.churchfieldpractice.co.uk/¬
15907¬L82620001¬GP¬UNKNOWN¬Visible¬True¬True¬Lanner Surgery¬Lanner Moor Estate¬Lanner¬¬Redruth¬Cornwall¬TR16 6HT¬50.215396881103516¬-5.1943159103393555¬11N¬NHS Kernow CCG¬01209218882¬¬http://www.harrismemorialsurgery.co.uk/¬
15908¬L82620¬GP¬UNKNOWN¬Visible¬True¬True¬Harris Memorial Surgery¬Robartes Terrace¬Illogan¬¬Redruth¬Cornwall¬TR16 4RX¬50.246654510498047¬-5.267085075378418¬11N¬NHS Kernow CCG¬01209842449¬letters.harrismemorial@nhs.net¬http://www.harrismemorialsurgery.co.uk/¬01209 842380
15911¬L82622¬GP¬UNKNOWN¬Visible¬True¬True¬The Westover Surgery¬Western Terrace¬¬¬Falmouth¬Cornwall¬TR11 4QJ¬50.148937225341797¬-5.0749979019165039¬11N¬NHS Kernow CCG¬01326212120¬¬http://www.westoversurgery.co.uk¬01326 212080
15912¬L82622002¬GP¬UNKNOWN¬Visible¬True¬True¬Woodlane Surgery¬Trelawney Road¬¬¬Falmouth¬Cornwall¬TR11 3GP¬50.150447845458984¬-5.0699286460876465¬11N¬NHS Kernow CCG¬01326212120¬¬¬01326 311260
15913¬L83002¬GP¬UNKNOWN¬Visible¬True¬True¬Honiton Surgery¬Marlpits Lane¬¬¬Honiton¬Devon¬EX14 2NY¬50.794582366943359¬-3.1880297660827637¬15N¬NHS Devon CCG¬01404548544¬d-ccg.informationhonitonsurgery@nhs.net¬http://www.honitonsurgery.nhs.uk¬01404 46621
15914¬L83003¬GP¬UNKNOWN¬Visible¬True¬True¬Queen's Medical Centre¬6-7 Queen Street¬¬¬Barnstaple¬Devon¬EX32 8HY¬51.080169677734375¬-4.057182788848877¬15N¬NHS Devon CCG¬01271 372672¬d-ccg.queensmc@nhs.net¬http://queensmc.com¬
15915¬L83004¬GP¬UNKNOWN¬Visible¬True¬True¬Kingsteignton Medical Practice¬Whiteway Road¬¬¬Newton Abbot¬Devon¬TQ12 3HN¬50.548988342285156¬-3.5973818302154541¬15N¬NHS Devon CCG¬01626357080¬enquiries.kingsteigntonmedicalpractice@nhs.net¬http://www.kingsteigntonmedicalpractice.co.uk¬01626 357099
15916¬L83005¬GP¬UNKNOWN¬Visible¬True¬True¬Dawlish Medical Group¬Barton Terrace¬¬¬Dawlish¬Devon¬EX7 9QH¬50.579853057861328¬-3.4738049507141113¬15N¬NHS Devon CCG¬01626888877¬enquiries.bartondawlish2@nhs.net¬http://www.bartonsurgery.co.uk/¬01626 888360
15917¬L83005001¬GP¬UNKNOWN¬Visible¬True¬True¬The Warren Surgery¬Warren Road¬¬¬Dawlish¬Devon¬EX7 0PQ¬50.598472595214844¬-3.4449396133422852¬15N¬NHS Devon CCG¬01626 888 877¬enquiries.bartondawlish2@nhs.net¬¬01626 888360
15918¬L83006001¬GP¬UNKNOWN¬Visible¬True¬True¬Trelawny Surgery¬Trelawny Surgery¬Ham Drive¬¬Plymouth¬Devon¬PL2 2NL¬50.395046234130859¬-4.1661324501037598¬15N¬NHS Devon CCG¬01752982200¬d-ccg.mayflower@nhs.net¬https://mayflowermedicalgroup.co.uk¬01752 973907
15919¬L83006003¬GP¬UNKNOWN¬Visible¬True¬True¬Mount Gould Primary Care Centre¬Mount Gould Medical Centre¬200 Mount Gould Road¬Mount Gould¬Plymouth¬Devon¬PL4 7PY¬50.37884521484375¬-4.1166000366210938¬15N¬NHS Devon CCG¬01752 982200¬d-ccg.mayflower@nhs.net¬https://mayflowermedicalgroup.co.uk¬
15920¬L83006007¬GP¬UNKNOWN¬Visible¬True¬True¬Ernesettle Medical Centre¬Ernesettle Medical Centre¬21 Ernesettle Green¬Ernesettle¬Plymouth¬Devon¬PL5 2ST¬50.420475006103516¬-4.17669677734375¬15N¬NHS Devon CCG¬01752 982200¬d-ccg.mayflower@nhs.net¬https://www.mayflowermedicalgroup.co.uk¬
15921¬L83007001¬GP¬UNKNOWN¬Visible¬True¬True¬The Colyton Health Centre¬Grove Hill¬¬¬Colyton¬Devon¬EX24 6ET¬50.738712310791016¬-3.0691020488739014¬15N¬NHS Devon CCG¬01297552728¬seatonandcolytonmedicalpractice@nhs.net¬www.seatonandcolytonmedicalpractice.nhs.uk¬01297 551509
15922¬L83007¬GP¬UNKNOWN¬Visible¬True¬True¬Seaton & Colyton Medical Practice¬148 Harepath Road¬¬¬Seaton¬Devon¬EX12 2DU¬50.713081359863281¬-3.0740993022918701¬15N¬NHS Devon CCG¬0129720877¬seatonandcolytonmedicalpractice@nhs.net¬www.seatonandcolytonmedicalpractice.nhs.uk¬01297 23031
15923¬L83008001¬GP¬UNKNOWN¬Visible¬True¬True¬Laira Surgery¬95 Pike Road¬¬¬Plymouth¬Devon¬PL3 6HG¬50.387706756591797¬-4.1029548645019531¬15N¬NHS Devon CCG¬01752663473¬¬¬
15924¬L83008¬GP¬UNKNOWN¬Visible¬True¬True¬Pathfields Medical Group¬Mudge Way¬¬¬Plymouth¬Devon¬PL7 1AD¬50.386268615722656¬-4.0526127815246582¬15N¬NHS Devon CCG¬01752341474¬pathfields.practice@nhs.net¬https://www.pathfields.co.uk¬01752 345757
15925¬L83085003¬GP¬UNKNOWN¬Visible¬True¬True¬Amicus Health - Bampton Surgery¬Barnhay¬Bampton¬¬Tiverton¬Devon¬EX16 9NB¬50.988765716552734¬-3.4872627258300781¬15N¬NHS Devon CCG¬01398 331304¬d-ccg.bamptonsurgeryreception@nhs.net¬https://www.amicushealth.nhs.uk/¬01398 332309
15926¬L83010¬GP¬UNKNOWN¬Visible¬True¬True¬Ashburton Surgery¬1 Eastern Road¬Ashburton¬¬Newton Abbot¬Devon¬TQ13 7AP¬50.519058227539063¬-3.7485814094543457¬15N¬NHS Devon CCG¬01364652731¬ashburton.surgery@nhs.net¬http://www.ashburtonsurgery.co.uk/index.aspx¬01364 654273
15927¬L83011¬GP¬UNKNOWN¬Visible¬True¬True¬Budleigh Salterton Medical Practice¬1 The Lawn¬¬¬Budleigh Salterton¬Devon¬EX9 6LS¬50.630104064941406¬-3.3276467323303223¬15N¬NHS Devon CCG¬01395441212¬¬https://www.budleighsaltertonmedicalcentre.co.uk/¬
15928¬L83012¬GP¬UNKNOWN¬Visible¬True¬False¬Bradworthy Surgery¬The Square¬Bradworthy¬¬Holsworthy¬Devon¬EX22 7SY¬50.901798248291016¬-4.3852972984313965¬15N¬NHS Devon CCG¬01409241215¬¬http://www.bradworthysurgery.nhs.uk¬
15929¬L83013¬GP¬UNKNOWN¬Visible¬True¬True¬Brunel Medical Practice¬St Albans Road¬Babbacombe¬¬Torquay¬Devon¬TQ1 3SL¬50.479354858398437¬-3.5169346332550049¬15N¬NHS Devon CCG¬01803312233¬brunel.torquay@nhs.net¬www.brunelmedicalpractice.co.uk¬01803 313411
15930¬L83013002¬GP¬UNKNOWN¬Visible¬True¬True¬Brunel Medical Practice (St Marychurch)¬Fore Street¬St. Marychurch¬¬Torquay¬Devon¬TQ1 4QX¬50.48394775390625¬-3.5253982543945313¬15N¬NHS Devon CCG¬01803312233¬¬http://www.brunelmedicalpractice.co.uk¬01803 322136
15931¬L83013001¬GP¬UNKNOWN¬Visible¬True¬True¬Brunel Medical Practice (Shiphay)¬13 Collaton Road¬¬¬Torquay¬Devon¬TQ2 7HH¬50.481117248535156¬-3.5632228851318359¬15N¬NHS Devon CCG¬01803312233¬brunel.torquay@nhs.net¬http://www.brunelmedicalpractice.co.uk¬01803 615233
15933¬L83014¬GP¬UNKNOWN¬Visible¬True¬True¬Mayfield Medical Centre¬37 Totnes Road¬¬¬Paignton¬Devon¬TQ4 5LA¬50.433578491210937¬-3.5690910816192627¬15N¬NHS Devon CCG¬01803 495400¬¬http://www.mayfieldmedicalcentre.co.uk/¬
15934¬L83015¬GP¬UNKNOWN¬Visible¬True¬True¬Oakside Surgery¬Honicknowle Green Medical Centre¬Guy Miles Way¬Honicknowle¬Plymouth¬Devon¬PL5 3PY¬50.412101745605469¬-4.1602134704589844¬15N¬NHS Devon CCG¬01752766000¬¬https://oaksidesurgery.co.uk¬01752 789130
15935¬L83016¬GP¬UNKNOWN¬Visible¬True¬True¬St Thomas Medical Group ¬Cowick Street¬¬¬Exeter¬Devon¬EX4 1HJ¬50.7144775390625¬-3.5451662540435791¬15N¬NHS Devon CCG¬01392 676676¬stthomas@nhs.net¬https://www.stthomasmedicalgroup.co.uk¬01392 676677
15936¬L83016001¬GP¬UNKNOWN¬Visible¬True¬True¬Exwick Health Centre¬New Valley Road¬Exwick¬¬Exeter¬Devon¬EX4 2AD¬50.728939056396484¬-3.5478665828704834¬15N¬NHS Devon CCG¬01392676600¬stthomas@nhs.net.uk¬www.stthomasmedicalgroup.co.uk¬01392 676601
15937¬L83016002¬GP¬UNKNOWN¬Visible¬True¬True¬Student Health Centre¬Reed Mews¬Streatham Drive¬¬Exeter¬Devon¬EX4 4QP¬50.735336303710938¬-3.5375199317932129¬15N¬NHS Devon CCG¬01392676606¬studenthealth@exeter.ac.uk¬www.stthomasmedicalgroup.co.uk¬01392 264424
15938¬L83016003¬GP¬UNKNOWN¬Visible¬True¬True¬Pathfinder Surgery¬Brookside¬Pathfinder Village¬¬Exeter¬Devon¬EX6 6BT¬50.727424621582031¬-3.6452853679656982¬15N¬NHS Devon CCG¬0164761685¬¬http://www.stthomasmedicalgroup.co.uk¬
15941¬L83018002¬GP¬UNKNOWN¬Visible¬True¬True¬University Medical Centre (Beaumont)¬27 Endsleigh Place¬¬¬Plymouth¬Devon¬PL4 6BA¬50.378974914550781¬-4.1402926445007324¬15N¬NHS Devon CCG¬01752222341¬¬¬01752 261520
15942¬L83018¬GP¬UNKNOWN¬Visible¬True¬True¬Beaumont Villa Surgery¬23 Beaumont Road¬¬¬Plymouth¬Devon¬PL4 9BL¬50.373203277587891¬-4.1278953552246094¬15N¬NHS Devon CCG¬01752663776¬¬http://www.beaumont-villa.co.uk¬01752 261520
15943¬L83019¬GP¬UNKNOWN¬Visible¬True¬True¬Elm Surgery¬123 Leypark Walk¬¬¬Plymouth¬Devon¬PL6 8UF¬50.40838623046875¬-4.0959324836730957¬15N¬NHS Devon CCG¬01752776772¬¬https://www.elmsurgery.co.uk¬01752 785108
15944¬L83020¬GP¬UNKNOWN¬Visible¬True¬True¬Axminster Medical Practice¬St Thomas Court¬Church Street¬¬Axminster¬Devon¬EX13 5AG¬50.780902862548828¬-2.9992125034332275¬15N¬NHS Devon CCG¬0129732126¬¬¬01297 35759
15945¬L83021¬GP¬UNKNOWN¬Visible¬True¬True¬Dean Cross Surgery¬21 Radford Park Road¬¬¬Plymouth¬Devon¬PL9 9DL¬50.35894775390625¬-4.0953421592712402¬15N¬NHS Devon CCG¬01752404743¬¬¬01752 480212
15946¬L83022001¬GP¬UNKNOWN¬Visible¬True¬True¬The Teignmouth Medical Practice (Kingsdown)¬Mill Lane¬¬¬Teignmouth¬Devon¬TQ14 9BQ¬50.548374176025391¬-3.5111455917358398¬15N¬NHS Devon CCG¬01626773222¬teignmouth.practice@nhs.net¬¬01626 777331
15947¬L83022¬GP¬UNKNOWN¬Visible¬True¬True¬Teignmouth Medical Practice¬2 Den Crescent¬¬¬Teignmouth¬Devon¬TQ14 8BG¬50.545783996582031¬-3.4951136112213135¬15N¬NHS Devon CCG¬01626770297¬teignmouth.practice@nhs.net¬¬01626 777331
15948¬L83023¬GP¬UNKNOWN¬Visible¬True¬False¬Mid Devon Medical Practice¬Cannington Road¬Witheridge¬¬Tiverton¬Devon¬EX16 8EZ¬50.915084838867188¬-3.7061543464660645¬15N¬NHS Devon CCG¬01884860205¬¬http://www.middevonmedicalpractice.co.uk/index.php¬01884 860887
15949¬L83023001¬GP¬UNKNOWN¬Visible¬True¬False¬Cheriton Fitzpaine Surgery¬Barton Close¬¬¬Cheriton Fitzpaine¬Devon¬EX17 4JB¬50.843963623046875¬-3.610973596572876¬15N¬NHS Devon CCG¬01363866322¬d-ccg.cheritonfitzpaine@nhs.net¬http://www.middevonmedicalpractice.co.uk¬01363 866642
15950¬L83023002¬GP¬UNKNOWN¬Visible¬True¬False¬Morchard Bishop Surgery¬Chulmleigh Road¬¬¬Morchard Bishop¬Devon¬EX17 6NZ¬50.856044769287109¬-3.7529451847076416¬15N¬NHS Devon CCG¬01363877208¬d-ccg.morchardbishop@nhs.net¬http://www.middevonmedicalpractice.co.uk¬01363 877242
15952¬L83024¬GP¬UNKNOWN¬Visible¬True¬True¬BARNFIELD HILL SURGERY¬12 Barnfield Hill¬St Leonards¬¬Exeter¬Devon¬EX1 1SR¬50.723522186279297¬-3.5199759006500244¬15N¬NHS Devon CCG¬01392432761¬¬http://www.barnfieldhillsurgery.co.uk¬01392 422406
15953¬L83025¬GP¬UNKNOWN¬Visible¬True¬True¬Wallingbrook Health Group¬Back Lane¬¬¬Chulmleigh¬Devon¬EX18 7DL¬50.914394378662109¬-3.8750202655792236¬15N¬NHS Devon CCG¬01769580295¬¬http://www.wallingbrook.co.uk¬
15954¬L83025001¬GP¬UNKNOWN¬Visible¬True¬True¬Winkleigh Surgery¬15 Southernhay¬¬¬Winkleigh¬Devon¬EX19 8JH¬50.854366302490234¬-3.9460806846618652¬15N¬NHS Devon CCG¬01769580295¬¬http://www.wallingbrook.co.uk¬
15955¬L83026¬GP¬UNKNOWN¬Visible¬True¬True¬TORRINGTON HEALTH CENTRE¬New Road¬¬¬Torrington¬Devon¬EX38 8EL¬50.952068328857422¬-4.1400375366210938¬15N¬NHS Devon CCG¬01805622247¬¬http://www.torringtonhc.co.uk¬01805 625083
15956¬L83026001¬GP¬UNKNOWN¬Visible¬True¬True¬Old Stable Surgery¬High Bickington¬¬¬High Bickington¬Devon¬EX37 9AX¬50.967079162597656¬-3.9947550296783447¬15N¬NHS Devon CCG¬01805622247¬¬http://www.torringtonhc.co.uk¬
15957¬L83027¬GP¬UNKNOWN¬Visible¬True¬True¬Croft Hall Medical Practice¬19 Croft Road¬¬¬Torquay¬Devon¬TQ2 5UA¬50.466678619384766¬-3.5358190536499023¬15N¬NHS Devon CCG¬01803298441¬enquiries.crofthall@nhs.net¬http://www.crofthallmedicalpractice.co.uk¬01803 296104
15958¬L83028¬GP¬UNKNOWN¬Visible¬True¬True¬St Neots Surgery¬1 North Prospect Road¬Milehouse¬Devon¬Plymouth¬Devon¬PL2 3HY¬50.387985229492188¬-4.160886287689209¬15N¬NHS Devon CCG¬01752561305¬¬¬01752 605565
15959¬L83029¬GP¬UNKNOWN¬Visible¬True¬True¬Southover Medical Practice¬Bronshill Road¬¬¬Torquay¬Devon¬TQ1 3HD¬50.474739074707031¬-3.5280613899230957¬15N¬NHS Devon CCG¬01803327100¬¬¬01803 316295
15960¬L83030¬GP¬UNKNOWN¬Visible¬True¬True¬North Road West Medical Centre¬167 North Road West¬¬¬Plymouth¬Devon¬PL1 5BZ¬50.376068115234375¬-4.1462516784667969¬15N¬NHS Devon CCG¬01752662780¬nrw.general@nhs.net¬http://www.northroadwest.co.uk¬01752 254541
15961¬L83031¬GP¬UNKNOWN¬Visible¬True¬True¬Kingskerswell & Ipplepen Med Practice¬School Road¬Kingskerswell¬¬Newton Abbot¬Devon¬TQ12 5DJ¬50.500175476074219¬-3.5831279754638672¬15N¬NHS Devon CCG¬01803874455¬¬www.kkipp.gpsurgery.net¬01803 875774
15962¬L83031001¬GP¬UNKNOWN¬Visible¬True¬True¬St. Andrews Medical Centre¬Silver Street¬Ipplepen¬¬Newton Abbot¬Devon¬TQ12 5QA¬50.486793518066406¬-3.6446506977081299¬15N¬NHS Devon CCG¬01803874455¬¬www.kkipp.gpsurgery.net¬01803 813180
15965¬L83034¬GP¬UNKNOWN¬Visible¬True¬True¬Albany Surgery¬Grace House¬¬¬Newton Abbot¬Devon¬TQ12 1GJ¬50.528743743896484¬-3.6085364818572998¬15N¬NHS Devon CCG¬01626334411¬enquiriesatalbany.l83034@nht.net¬http://www.albanysurgery.co.uk¬
15966¬L83035¬GP¬UNKNOWN¬Visible¬True¬True¬Litchdon Medical Centre¬Landkey Road¬¬¬Barnstaple¬Devon¬EX32 9LL¬51.069595336914063¬-4.0416975021362305¬15N¬NHS Devon CCG¬01271323443¬¬http://www.litchdonmedicalcentre.co.uk¬01271 325979
15967¬L83036¬GP¬UNKNOWN¬Visible¬True¬True¬TOPSHAM SURGERY¬Holman Way¬Topsham¬¬Exeter¬Devon¬EX3 0EN¬50.683830261230469¬-3.4620840549468994¬15N¬NHS Devon CCG¬01392874646¬topshamadmin@nhs.net¬www.topshamsurgery.gpsurgery.net¬01392 875261
15968¬L83036001¬GP¬UNKNOWN¬Visible¬True¬True¬Glasshouse Medical Centre¬Glasshouse Lane¬Countess Wear¬¬Exeter¬Devon¬EX2 7BT¬50.696235656738281¬-3.4909162521362305¬15N¬NHS Devon CCG¬01392874646¬topshamadmin@nhs.net¬http://www.topshamsurgery.gpsurgery.net¬01392 873536
15970¬L83038¬GP¬UNKNOWN¬Visible¬True¬True¬Tavyside Health Centre¬Tavyside Health Centre¬Abbey Rise¬¬Tavistock¬Devon¬PL19 9FD¬50.547882080078125¬-4.1445493698120117¬15N¬NHS Devon CCG¬01822613517¬d-ccg.tavyside@nhs.net¬https://www.tavyside.org/¬
15971¬L83039¬GP¬UNKNOWN¬Visible¬True¬True¬Southway Surgery¬Southway Surgery¬33 Rockfield Avenue¬Southway¬Plymouth¬Devon¬PL6 6DX¬50.427684783935547¬-4.1332240104675293¬15N¬NHS Devon CCG¬01752776650¬¬http://www.southwaysurgery.com¬01752 779575
15972¬L83040¬GP¬UNKNOWN¬Visible¬True¬True¬Pinhoe Surgery¬Pinn Lane¬Pinhoe¬¬Exeter¬Devon¬EX1 3SY¬50.737567901611328¬-3.4698343276977539¬15N¬NHS Devon CCG¬01392469666¬pinhoe.surgery@nhs.net¬¬01392 464178
15973¬L83040001¬GP¬UNKNOWN¬Visible¬True¬True¬Broadclyst Surgery¬The Hellings¬Town Hill¬Broadclyst¬Exeter¬Devon¬EX5 3EJ¬50.765918731689453¬-3.4421942234039307¬15N¬NHS Devon CCG¬01392469666¬¬¬
15974¬L83041¬GP¬UNKNOWN¬Visible¬True¬True¬Westbank Practice - Starcross Surgery¬Church Street¬¬¬Exeter¬Devon¬EX6 8PZ¬50.625659942626953¬-3.4478087425231934¬15N¬NHS Devon CCG¬01626890368¬¬http://www.westbankpractice.com¬
15975¬L83041001¬GP¬UNKNOWN¬Visible¬True¬True¬Westbank Practice - Exminster Surgery¬Church Stile¬Exminster¬¬Exeter¬Devon¬EX6 8DF¬50.679149627685547¬-3.4937431812286377¬15N¬NHS Devon CCG¬01392833230¬¬http://www.westbankpractice.com/¬
15976¬L83042¬GP¬UNKNOWN¬Visible¬True¬True¬St Leonards Practice¬Athelstan Road¬¬¬Exeter¬Devon¬EX1 1SB¬50.723747253417969¬-3.5227177143096924¬15N¬NHS Devon CCG¬01392201790¬d-ccg.stleonardspractice@nhs.net¬http://www.stleonardssurgery.co.uk¬01392 201 796
15977¬L83043¬GP¬UNKNOWN¬Visible¬True¬True¬Leatside Surgery¬Babbage Road¬¬¬Totnes¬Devon¬TQ9 5JA¬50.434970855712891¬-3.6836903095245361¬15N¬NHS Devon CCG¬01803862671¬leatside.surgery@nhs.net¬http://www.leatside.co.uk¬01803 860309
15978¬L83044¬GP¬UNKNOWN¬Visible¬True¬False¬The Blackdown Practice¬Station Road¬Hemyock¬¬Cullompton¬Devon¬EX15 3SF¬50.913116455078125¬-3.2291116714477539¬15N¬NHS Devon CCG¬01823680206¬¬www.theblackdownpractice.co.uk¬01823 680680
15979¬L83044001¬GP¬UNKNOWN¬Visible¬True¬False¬The Blackdown Practice¬Culme Way¬¬¬Dunkeswell¬Devon¬EX14 4JP¬50.854290008544922¬-3.2233450412750244¬15N¬NHS Devon CCG¬01823681720¬¬www.theblackdownpractice.co.uk¬01404 891871
15980¬L83044002¬GP¬UNKNOWN¬Visible¬True¬False¬The Blackdown Practice¬Fairfield Green¬Churchinford¬¬Taunton¬Somerset¬TA3 7RR¬50.906726837158203¬-3.1224281787872314¬15N¬NHS Devon CCG¬01823681700¬¬www.theblackdownpractice.co.uk¬01823 601348
15981¬L83045¬GP¬UNKNOWN¬Visible¬True¬True¬Bovey Tracey & Chudleigh Practice¬Le Molay Littry Way¬Bovey Tracey¬¬Newton Abbot¬Devon¬TQ13 9QP¬50.592128753662109¬-3.6737082004547119¬15N¬NHS Devon CCG¬01626832666¬¬https://www.riverside-surgery.co.uk¬
15982¬L83045001¬GP¬UNKNOWN¬Visible¬True¬True¬Tower House Surgery¬Market Way¬¬¬Chudleigh¬Devon¬TQ13 0HL¬50.606132507324219¬-3.6012387275695801¬15N¬NHS Devon CCG¬01626852379¬¬https://www.towerhousesurgery.co.uk¬
15983¬L83046¬GP¬UNKNOWN¬Visible¬True¬True¬Devon Square Surgery¬44 Devon Square¬¬¬Newton Abbot¬Devon¬TQ12 2HH¬50.530002593994141¬-3.6050512790679932¬15N¬NHS Devon CCG¬01626332182¬devon.square@nhs.net¬¬
15985¬L83048¬GP¬UNKNOWN¬Visible¬True¬True¬Roborough Surgery¬1 Eastcote Close¬Roborough¬¬Plymouth¬Devon¬PL6 6PH¬50.427478790283203¬-4.1150655746459961¬15N¬NHS Devon CCG¬01752701659¬¬¬
15986¬L83049¬GP¬UNKNOWN¬Visible¬True¬True¬Moretonhampstead Health Centre¬Embleford Crescent¬Moretonhampstead¬¬Newton Abbot¬Devon¬TQ13 8LW¬50.663444519042969¬-3.7659251689910889¬15N¬NHS Devon CCG¬01647440591¬moretonhampsteadhealthcentre@nhs.net¬www.moretonhampsteadhealthcentre.co.uk¬01647 440089
15987¬L83050¬GP¬UNKNOWN¬Visible¬True¬True¬Northam Surgery¬Bay View Road¬Northam¬¬Bideford¬Devon¬EX39 1AZ¬51.038089752197266¬-4.2154512405395508¬15N¬NHS Devon CCG¬01237474994¬¬¬01237 428380
15988¬L83051¬GP¬UNKNOWN¬Visible¬True¬True¬Cricketfield Surgery¬Cricketfield Road¬¬¬Newton Abbot¬Devon¬TQ12 2AS¬50.531917572021484¬-3.6077265739440918¬15N¬NHS Devon CCG¬01626208020¬cricketfield.admin@nhs.net¬http://www.cricketfieldsurgery.co.uk¬01626 333356
15989¬L83052¬GP¬UNKNOWN¬Visible¬True¬True¬Castle Place Practice¬Kennedy Way¬¬¬Tiverton¬Devon¬EX16 6NP¬50.908832550048828¬-3.4930682182312012¬15N¬NHS Devon CCG¬01884252333¬castleplacepractice@nhs.net¬https://castleplacepractice.nhs.uk¬
15990¬L83053¬GP¬UNKNOWN¬Visible¬True¬True¬Rolle Medical Partnership¬Exmouth Health Centre¬Claremont Grove¬¬Exmouth¬Devon¬EX8 2JF¬50.621147155761719¬-3.4014852046966553¬15N¬NHS Devon CCG¬01395226540¬¬http://www.rollemedicalpartnership.co.uk/¬01395 226546
15991¬L83053001¬GP¬UNKNOWN¬Visible¬True¬True¬Treetops Surgery¬Prince Of Wales Drive¬¬¬Exmouth¬Devon¬EX8 4SW¬50.631458282470703¬-3.3836503028869629¬15N¬NHS Devon CCG¬01395226540¬¬¬
15992¬L83054001¬GP¬UNKNOWN¬Visible¬True¬True¬Walrond Medical Centre¬Fore Street¬¬¬Beer¬Devon¬EX12 3EE¬50.697429656982422¬-3.0916249752044678¬15N¬NHS Devon CCG¬0129720616¬d-ccg.townsendenquiries@nhs.net¬http://www.townsendhousesurgery.co.uk¬
15993¬L83054¬GP¬UNKNOWN¬Visible¬True¬True¬Townsend House Medical Centre¬49 Harepath Road¬¬¬Seaton¬Devon¬EX12 2RY¬50.708511352539062¬-3.0732159614562988¬15N¬NHS Devon CCG¬0129720616¬d-ccg.townsendenquiries@nhs.net¬http://www.townsendhousesurgery.co.uk¬01297 20810
15994¬L83055001¬GP¬UNKNOWN¬Visible¬True¬True¬Compass House Medical Centres¬2 Langdon Lane¬¬¬Galmpton¬Devon¬TQ5 0PG¬50.400093078613281¬-3.5672953128814697¬15N¬NHS Devon CCG¬01803855897¬¬https://www.compasshousemedical.com¬
15995¬L83055¬GP¬UNKNOWN¬Visible¬True¬True¬Compass House Medical Centres¬King Street¬¬¬Brixham¬Devon¬TQ5 9TF¬50.395866394042969¬-3.5121712684631348¬15N¬NHS Devon CCG¬01803855897¬¬https://www.compasshousemedical.com¬
15996¬L83056001¬GP¬UNKNOWN¬Visible¬True¬True¬Underhill Surgery¬Lympstone¬Lympstone¬¬Exmouth¬Devon¬EX8 5HH¬50.646686553955078¬-3.430194616317749¬15N¬NHS Devon CCG¬01395265797¬¬http://www.claremontmedicalpractice.co.uk¬01395 275677
15997¬L83056¬GP¬UNKNOWN¬Visible¬True¬True¬Claremont Medical Practice¬Exmouth Health Centre¬Claremont Grove¬¬Exmouth¬Devon¬EX8 2JF¬50.621147155761719¬-3.4014852046966553¬15N¬NHS Devon CCG¬01395273666¬debbie.sargeant@nhs.net¬http://www.claremontmedicalpractice.co.uk¬01395 223301
15998¬L83057¬GP¬UNKNOWN¬Visible¬True¬True¬Fremington Medical Centre¬11-13 Beards Road¬Fremington¬¬Barnstaple¬Devon¬EX31 2PG¬51.069915771484375¬-4.1221323013305664¬15N¬NHS Devon CCG¬01271 376655¬d-ccg.fremington@nhs.net¬http://www.fremington.org¬
15999¬L83058001¬GP¬UNKNOWN¬Visible¬True¬True¬Whipton Branch Surgery¬The Branch Surgery¬10 Whipton Village Road¬¬Exeter¬Devon¬EX4 8AR¬50.732486724853516¬-3.4958930015563965¬15N¬NHS Devon CCG¬01392211266¬¬http://www.southernhayhousesurgery.co.uk¬
16000¬L83058¬GP¬UNKNOWN¬Visible¬True¬True¬Southernhay House Surgery ¬30 Barnfield Road¬¬¬Exeter¬Devon¬EX1 1RX¬50.723037719726563¬-3.5233321189880371¬15N¬NHS Devon CCG¬01392211266¬¬http://www.southernhayhousesurgery.co.uk¬01392 204407
16001¬L83059¬GP¬UNKNOWN¬Visible¬True¬True¬Norton Brook Medical Centre¬Cookworthy Road¬¬¬Kingsbridge¬Devon¬TQ7 1AE¬50.288764953613281¬-3.7820851802825928¬15N¬NHS Devon CCG¬01548853551¬l83059.communications@nhs.net¬http://www.nortonbrookmedicalcentre.co.uk¬01548 857741
16002¬L83061¬GP¬UNKNOWN¬Visible¬True¬True¬The Mannamead Surgery¬22 Eggbuckland Road¬Mannamead¬¬Plymouth¬Devon¬PL3 5HE¬50.389278411865234¬-4.1298251152038574¬15N¬NHS Devon CCG¬01752223652¬¬http://www.mannameadsurgery.co.uk/¬01752 253875
16003¬L83064¬GP¬UNKNOWN¬Visible¬True¬True¬Church View Surgery¬30 Holland Road¬Plymstock¬¬Plymouth¬Devon¬PL9 9BN¬50.356830596923828¬-4.0859699249267578¬15N¬NHS Devon CCG¬01752403206¬¬¬01752 482293
16004¬L83065¬GP¬UNKNOWN¬Visible¬True¬True¬Chiddenbrook Surgery¬Threshers¬¬¬Crediton¬Devon¬EX17 3JJ¬50.791252136230469¬-3.674412727355957¬15N¬NHS Devon CCG¬01363772227¬chiddenbrook.enquiries@nhs.net¬http://www.chiddenbrook-surgery.nhs.uk/¬
16005¬L83066¬GP¬UNKNOWN¬Visible¬True¬True¬Mount Pleasant Health Centre¬Mount Pleasant Road¬¬¬Exeter¬Devon¬EX4 7BW¬50.732830047607422¬-3.5159268379211426¬15N¬NHS Devon CCG¬01392255722¬¬http://www.mountpleasanthealthcentre.co.uk/¬01392 270497
16006¬L83067¬GP¬UNKNOWN¬Visible¬True¬True¬Sid Valley Practice¬Beacon Medical Centre¬Sedemuda Road¬¬Sidmouth¬Devon¬EX10 9YA¬50.699508666992188¬-3.2477173805236816¬15N¬NHS Devon CCG¬01395512601¬sidvalleyenquiries@nhs.net¬http://www.sidvalleypractice.nhs.uk¬
16008¬L83068¬GP¬UNKNOWN¬Visible¬True¬True¬Lynton Health Centre¬Burvill Street¬¬¬Lynton¬Devon¬EX35 6HA¬51.229213714599609¬-3.8371880054473877¬15N¬NHS Devon CCG¬01598753226¬¬www.lyntonhealthcentre.co.uk¬01598 752433
16009¬L83069¬GP¬UNKNOWN¬Visible¬True¬True¬Holsworthy Medical Centre¬Dobles Lane¬¬¬Holsworthy¬Devon¬EX22 6GH¬50.818840026855469¬-4.3501567840576172¬15N¬NHS Devon CCG¬01409253692¬d-ccg.holsworthymc-reception@nhs.net¬http://www.rubycountrymedicalgroup.co.uk¬
16010¬L83070¬GP¬UNKNOWN¬Visible¬True¬True¬Buckfastleigh Medical Centre¬Bossell Road¬¬¬Buckfastleigh¬Devon¬TQ11 0DE¬50.480941772460937¬-3.781975269317627¬15N¬NHS Devon CCG¬01364642534¬l83070.communications@nhs.net¬http://www.buckfastleigh-medical.co.uk/index.php¬01364 644057
16011¬L83071¬GP¬UNKNOWN¬Visible¬True¬True¬Stoke Surgery¬Belmont Villas¬Stoke¬¬Plymouth¬Devon¬PL3 4DP¬50.379009246826172¬-4.1667656898498535¬15N¬NHS Devon CCG¬01752562569¬admin.stokesurgery@nhs.net¬http://www.stokesurgeryplymouth.nhs.uk/¬01752 607299
16012¬L83072¬GP¬UNKNOWN¬Visible¬True¬True¬Friary House Surgery¬2A Beaumont Road¬¬¬Plymouth¬Devon¬PL4 9BH¬50.372669219970703¬-4.1282792091369629¬15N¬NHS Devon CCG¬01752663138¬¬http://www.friaryhousesurgery.nhs.uk¬
16013¬L83073¬GP¬UNKNOWN¬Visible¬True¬True¬Brannam Medical Centre¬Kiln Lane¬Brannam Square¬¬Barnstaple¬Devon¬EX32 8GP¬51.077587127685547¬-4.0562257766723633¬15N¬NHS Devon CCG¬01271329004¬d-ccg.enquiriesbrannam@nhs.net¬http://www.brannammedicalcentre.com¬01271 314240
16014¬L83006¬GP¬UNKNOWN¬Visible¬True¬True¬Mayflower Medical Group - Stirling Road Surgery¬Stirling Road Medical Centre¬Stirling Road¬¬Plymouth¬Devon¬PL5 1PL¬50.404953002929687¬-4.1885385513305664¬15N¬NHS Devon CCG¬01752982200¬d-ccg.mayflower@nhs.net¬https://mayflowermedicalgroup.co.uk¬
16015¬L83075¬GP¬UNKNOWN¬Visible¬True¬True¬South Brent Health Centre¬Plymouth Road¬¬¬South Brent¬Devon¬TQ10 9HT¬50.423576354980469¬-3.8334596157073975¬15N¬NHS Devon CCG¬0136472394¬communications.l83075@nhs.net¬http://www.southbrenthealth.co.uk/¬
16016¬L83076¬GP¬UNKNOWN¬Visible¬True¬True¬Wycliffe Surgery¬Cattedown Primary Care Centre¬8 Cattedown Road¬Cattedown¬Plymouth¬Devon¬PL4 0BZ¬50.368656158447266¬-4.122840404510498¬15N¬NHS Devon CCG¬01752229902¬wycliffesurgery.office@nhs.net¬http://www.wycliffesurgery.co.uk¬01752 314072
16017¬L83077¬GP¬UNKNOWN¬Visible¬True¬True¬The Heavitree Practice¬Heavitree Health Centre¬South Lawn Terrace¬Heavitree¬Exeter¬Devon¬EX1 2RX¬50.723239898681641¬-3.5055851936340332¬15N¬NHS Devon CCG¬01392 222099¬¬http://www.theheavitreepractice.co.uk¬01392 499451
16019¬L83079¬GP¬UNKNOWN¬Visible¬True¬True¬Ide Lane Surgery¬Ide Lane¬Alphington¬¬Exeter¬Devon¬EX2 8UP¬50.699478149414063¬-3.5349588394165039¬15N¬NHS Devon CCG¬01392439868¬idelane.surgery@nhs.net¬http://www.idelanesurgery.nhs.uk¬01392 428913
16021¬L83081¬GP¬UNKNOWN¬Visible¬True¬False¬Yealm Medical Centre¬Market Street¬Yealmpton¬¬Plymouth¬Devon¬PL8 2EA¬50.348575592041016¬-3.9977548122406006¬15N¬NHS Devon CCG¬01752880567¬e.yealmmedicalcentre@nhs.net¬http://www.yealmmedical.co.uk/¬01752 880582
16023¬L83082¬GP¬UNKNOWN¬Visible¬True¬True¬Chagford Health Centre¬Dartmoor National Park¬¬¬Newton Abbot¬Devon¬TQ13 8BW¬50.671459197998047¬-3.8367335796356201¬15N¬NHS Devon CCG¬01647433320¬¬http://www.chagfordhealthcentre.co.uk/¬
16024¬L83083¬GP¬UNKNOWN¬Visible¬True¬True¬Bideford Medical Centre¬Abbotsham Road¬¬¬Bideford¬Devon¬EX39 3AF¬51.017204284667969¬-4.2117462158203125¬15N¬NHS Devon CCG¬01237476363¬¬¬01237 423351
16025¬L83084¬GP¬UNKNOWN¬Visible¬True¬True¬The South Lawn Medical Practice¬The South Lawn Medical Practice¬Heavitree Health Centre¬South Lawn Terrace¬Exeter¬Devon¬EX1 2RX¬50.723209381103516¬-3.5055289268493652¬15N¬NHS Devon CCG¬01392 281100¬slmp@nhs.net¬http://www.slmp.co.uk¬
16026¬L83085¬GP¬UNKNOWN¬Visible¬True¬True¬Amicus Health - Clare House Surgery¬Clare House Surgery¬Newport Street¬¬Tiverton¬Devon¬EX16 6NJ¬50.904991149902344¬-3.4876346588134766¬15N¬NHS Devon CCG¬01884252337¬d-ccg.amicushealth@nhs.net¬http://amicushealth.nhs.uk/¬01884 254401
16027¬L83086¬GP¬UNKNOWN¬Visible¬True¬False¬Modbury Health Centre¬Poundwell Meadow¬Modbury¬¬Ivybridge¬Devon¬PL21 0QL¬50.348438262939453¬-3.8881516456604004¬15N¬NHS Devon CCG¬01548830666¬¬¬01548 831085
16028¬L83087¬GP¬UNKNOWN¬Visible¬True¬True¬OKEHAMPTON MEDICAL CENTRE¬East Street¬¬¬Okehampton¬Devon¬EX20 1AY¬50.738800048828125¬-3.9975800514221191¬15N¬NHS Devon CCG¬0183752233¬¬http://www.okehamptonmedicalcentre.co.uk/¬
16029¬L83088¬GP¬UNKNOWN¬Visible¬True¬True¬Drs Bloomer, Devlin And Baxter¬Shadycombe Road¬¬¬Salcombe¬Devon¬TQ8 8DJ¬50.239093780517578¬-3.7709808349609375¬15N¬NHS Devon CCG¬01548842284¬d-ccg.enquiriessalcombe@nhs.net¬https://www.salcombehealthcentre.co.uk¬01548 844259
16030¬L83089001¬GP¬UNKNOWN¬Visible¬True¬True¬Knowle House Surgery¬Harwood Avenue¬Tamerton Foloit¬¬Plymouth¬Devon¬PL5 4NU¬50.4298095703125¬-4.1532015800476074¬15N¬NHS Devon CCG¬01752775470¬¬¬
16031¬L83089¬GP¬UNKNOWN¬Visible¬True¬True¬Dr Hall, Hillman, Macartney, Mr Smith-Avery, Dr Garstang, Dr Mair & Dr Lindsay¬4 Meavy Way¬Crownhill¬¬Plymouth¬Devon¬PL5 3JB¬50.408638000488281¬-4.1340851783752441¬15N¬NHS Devon CCG¬01752428347¬¬¬01752 766510
16032¬L83092¬GP¬UNKNOWN¬Visible¬True¬False¬College Surgery Partnership¬Culm Valley Integrated Centre For Health¬Willand Road¬¬Cullompton¬Devon¬EX15 1FE¬50.864192962646484¬-3.3925478458404541¬15N¬NHS Devon CCG¬01884831300¬¬http://www.collegesurgery.org.uk¬01884 831313
16033¬L83092001¬GP¬UNKNOWN¬Visible¬True¬False¬Grantlands Surgery Uffculme¬Commercial Road¬¬¬Uffculme¬Devon¬EX15 3EB¬50.904788970947266¬-3.3307390213012695¬15N¬NHS Devon CCG¬01884840743¬¬¬
16034¬L83092002¬GP¬UNKNOWN¬Visible¬True¬False¬Willand Surgery¬17 South View Close¬¬¬Willand¬Devon¬EX15 2QP¬50.892375946044922¬-3.3692734241485596¬15N¬NHS Devon CCG¬01884821878¬¬¬
16036¬L83092003¬GP¬UNKNOWN¬Visible¬True¬False¬Bradninch Surgery¬4 Millway¬¬¬Bradninch¬Devon¬EX5 4NL¬50.826122283935547¬-3.4211466312408447¬15N¬NHS Devon CCG¬01392881952¬¬¬
16037¬L83100001¬GP¬UNKNOWN¬Visible¬True¬True¬Plympton Health Centre¬Mudge Way¬Plympton¬¬Plymouth¬Devon¬PL7 1AD¬50.386268615722656¬-4.0526127815246582¬15N¬NHS Devon CCG¬01752346634¬¬http://www.beaconmedicalgroup.nhs.uk/¬
16043¬L83094¬GP¬UNKNOWN¬Visible¬True¬True¬Dartmouth Medical Practice¬35 Victoria Road¬¬¬Dartmouth¬Devon¬TQ6 9RT¬50.351181030273438¬-3.5807809829711914¬15N¬NHS Devon CCG¬01803832212¬info@dartmedical.co.uk¬http://www.dartmedical.co.uk¬01803 837917
16045¬L83095¬GP¬UNKNOWN¬Visible¬True¬True¬Coleridge Medical Centre¬Canaan Way¬Ottery St. Mary¬¬Ottery St Mary¬Devon¬EX11 1EQ¬50.751708984375¬-3.2835526466369629¬15N¬NHS Devon CCG¬01404814447¬¬http://www.coleridgemedicalcentre@nhs.net¬
16046¬L83095001¬GP¬UNKNOWN¬Visible¬True¬True¬Coleridge Medical Centre Sandfords Surgery¬Church Road¬¬Whimple¬Exeter¬Devon¬EX5 2TL¬50.768451690673828¬-3.3552708625793457¬15N¬NHS Devon CCG¬01404814447¬¬¬01404 814447
16047¬L83095002¬GP¬UNKNOWN¬Visible¬True¬True¬Newton Poppleford Surgery¬Roberts Way¬¬¬Newton Poppleford¬Devon¬EX10 0SP¬50.698825836181641¬-3.2960274219512939¬15N¬NHS Devon CCG¬01404814447¬¬¬01404 816716
16048¬L83096¬GP¬UNKNOWN¬Visible¬True¬True¬Combe Coastal Practice¬Medical Centre¬St. Brannocks Road¬¬Ilfracombe¬Devon¬EX34 8EG¬51.203746795654297¬-4.1268339157104492¬15N¬NHS Devon CCG¬01271863119¬¬http://www.combecoastalpractice.co.uk¬
16049¬L83096001¬GP¬UNKNOWN¬Visible¬True¬True¬The Medical Centre Woolacombe¬Beach Road¬¬¬Woolacombe¬Devon¬EX34 7BT¬51.172985076904297¬-4.2034435272216797¬15N¬NHS Devon CCG¬01271870276¬¬¬
16050¬L83097¬GP¬UNKNOWN¬Visible¬True¬True¬Caen Medical Centre¬Caen Street¬¬¬Braunton¬Devon¬EX33 1LR¬51.107433319091797¬-4.1629800796508789¬15N¬NHS Devon CCG¬01271818030¬¬http://www.caenmedicalcentre.nhs.uk¬
16051¬L83098002¬GP¬UNKNOWN¬Visible¬True¬False¬Christow Surgery¬Layne Fields¬¬¬Christow¬Devon¬EX6 7NY¬50.653892517089844¬-3.6517682075500488¬15N¬NHS Devon CCG¬0164724272¬d-ccg.cheritonbishop@nhs.net¬http://cheritonbishoppractice.co.uk¬01647 252960
16052¬L83098¬GP¬UNKNOWN¬Visible¬True¬False¬Cheriton Bishop Surgery¬Yeoford Road¬Cheriton Bishop¬¬Exeter¬Devon¬EX6 6JA¬50.724723815917969¬-3.7420170307159424¬15N¬NHS Devon CCG¬0164724272¬d-ccg.cheritonbishop@nhs.net¬http://cheritonbishoppractice.co.uk¬01647 24914
16054¬L83099¬GP¬UNKNOWN¬Visible¬True¬True¬Isca Medical Practice¬38 Polsloe Road¬¬¬Exeter¬Devon¬EX1 2DW¬50.727767944335937¬-3.5125753879547119¬15N¬NHS Devon CCG¬01392273805¬admin@iscamp.co.uk¬http://www.iscamp.co.uk¬01392 201278
16055¬L83100004¬GP¬UNKNOWN¬Visible¬True¬True¬Ivybridge Medical Practice¬Station Road¬¬¬Ivybridge¬Devon¬PL21 0AJ¬50.392238616943359¬-3.9205906391143799¬15N¬NHS Devon CCG¬01752690777¬beaconmedicalgroup@nhs.net¬http://www.beaconmedicalgroup.nhs.uk/¬01752 690252
16056¬L83101¬GP¬UNKNOWN¬Visible¬True¬True¬Abbey Surgery¬28 Plymouth Road¬¬¬Tavistock¬Devon¬PL19 8BU¬50.546913146972656¬-4.150388240814209¬15N¬NHS Devon CCG¬01822612247¬abbey.surgery@nhs.net¬http://www.abbeysurgery.co.uk/¬01882 618771
16057¬L83101001¬GP¬UNKNOWN¬Visible¬True¬True¬Bere Alston Surgery¬Station Road¬¬¬Yelverton¬Devon¬PL20 7EJ¬50.480525970458984¬-4.1913237571716309¬15N¬NHS Devon CCG¬1822612247¬abbey.surgery@nhs.net¬http://www.berealstonmedicalpractice.co.uk¬
16058¬L83102¬GP¬UNKNOWN¬Visible¬True¬True¬Yelverton Surgery¬Westella Road¬¬¬Yelverton¬Devon¬PL20 6AS¬50.492198944091797¬-4.0839262008666992¬15N¬NHS Devon CCG¬01822852202¬d-ccg.yelvertonsurgery@nhs.net¬http://www.yelvertonsurgery.co.uk¬01822 852260
16059¬L83102001¬GP¬UNKNOWN¬Visible¬True¬True¬Princetown Surgery¬Princetown Community Centre¬¬Princetown¬Yelverton¬Devon¬PL20 6QE¬50.544654846191406¬-3.9915640354156494¬15N¬NHS Devon CCG¬01822852202¬¬¬01822 852260
16060¬L83103¬GP¬UNKNOWN¬Visible¬True¬True¬Corner Place Surgery¬46A Dartmouth Road¬¬¬Paignton¬Devon¬TQ4 5AH¬50.433300018310547¬-3.5669698715209961¬15N¬NHS Devon CCG¬01803557458¬¬http://www.cornerplacesurgery.co.uk/¬01803 524844
16061¬L83105¬GP¬UNKNOWN¬Visible¬True¬True¬Castle Gardens Surgery¬Castle Hill Gardens¬¬¬Torrington¬Devon¬EX38 8EU¬50.951644897460938¬-4.1400322914123535¬15N¬NHS Devon CCG¬01805623222¬¬http://www.castlegardenssurgery.co.uk/¬01805 625069
16062¬L83106¬GP¬UNKNOWN¬Visible¬True¬True¬The Wooda Surgery¬Clarence Wharf¬Barnstaple Street¬¬Bideford¬Devon¬EX39 4AU¬51.017772674560547¬-4.2007231712341309¬15N¬NHS Devon CCG¬01237471071¬¬¬
16067¬L83111001¬GP¬UNKNOWN¬Visible¬True¬True¬Chilcote Surgery¬104 Chatto Road¬¬¬Torquay¬Devon¬TQ1 4HY¬50.480476379394531¬-3.5302479267120361¬15N¬NHS Devon CCG¬01803 316333¬¬http://www.chilcotesurgery.co.uk¬
16068¬L83111¬GP¬UNKNOWN¬Visible¬True¬True¬Chilcote Surgery¬Hampton Avenue¬St. Marychurch¬¬Torquay¬Devon¬TQ1 3LA¬50.482486724853516¬-3.5203330516815186¬15N¬NHS Devon CCG¬01803316333¬chilcote.surgery@nhs.net¬https://www.chilcotesurgery.co.uk/¬01803 316393
16069¬L83112¬GP¬UNKNOWN¬Visible¬True¬True¬West Hoe Surgery¬2 Pier Street¬West Hoe¬¬Plymouth¬Devon¬PL1 3BS¬50.364715576171875¬-4.1492829322814941¬15N¬NHS Devon CCG¬01752660105¬westhoe.surgery@nhs.net¬http://www.westhoesurgery.nhs.uk/¬
16070¬L83113¬GP¬UNKNOWN¬Visible¬True¬True¬Budshead Medical Practice¬433 Budshead Road¬¬¬Plymouth¬Devon¬PL5 4DU¬50.417449951171875¬-4.150275707244873¬15N¬NHS Devon CCG¬01752206002¬ebudsheadhc@nhs.net¬http://www.budsheadmedicalpractice.org.uk/¬01752 206005
16072¬L83115¬GP¬UNKNOWN¬Visible¬True¬True¬Whipton Surgery¬378 Pinhoe Road¬Whipton¬¬Exeter¬Devon¬EX4 8EG¬50.733028411865234¬-3.4880881309509277¬15N¬NHS Devon CCG¬01392 462770¬¬http://thewhiptonsurgery.co.uk/¬
16073¬L83116¬GP¬UNKNOWN¬Visible¬True¬True¬Woodbury Surgery¬Fulford Way¬Woodbury¬¬Exeter¬Devon¬EX5 1NZ¬50.674007415771484¬-3.4001436233520508¬15N¬NHS Devon CCG¬01395232509¬woodbury.reception@nhs.net¬http://www.woodburysurgery.co.uk¬
16075¬L83118¬GP¬UNKNOWN¬Visible¬True¬True¬Chelston Hall Surgery¬Old Mill Road¬¬¬Torquay¬Devon¬TQ2 6HW¬50.463298797607422¬-3.5471224784851074¬15N¬NHS Devon CCG¬01803 605117¬chelston.hall@nhs.net¬https://www.chelstonhall.co.uk¬
16076¬L83120001¬GP¬UNKNOWN¬Visible¬True¬True¬Bishopsteignton Surgery¬Fore Street¬¬¬Teignmouth¬Devon¬TQ14 9QP¬50.553695678710938¬-3.5401420593261719¬15N¬NHS Devon CCG¬01626775256¬enquires.channelview@nhs.net¬https://channelviewmedicalpractice.com¬
16077¬L83120002¬GP¬UNKNOWN¬Visible¬True¬True¬The Health Centre (Chudleigh)¬Market Way¬¬¬Chudleigh¬Devon¬TQ13 0JT¬50.605342864990234¬-3.6004064083099365¬15N¬NHS Devon CCG¬01626852222¬enquiries.chudleigh@nhs.net¬https://channelviewmedicalpractice.com¬
16078¬L83120¬GP¬UNKNOWN¬Visible¬True¬True¬Channel View Medical Practice¬3 Courtenay Place¬¬¬Teignmouth¬Devon¬TQ14 8AY¬50.546142578125¬-3.4940097332000732¬15N¬NHS Devon CCG¬01626774656¬enquires.channelview@nhs.net¬http://www.channelviewmedicalpractice.com¬
16081¬L83018003¬GP¬UNKNOWN¬Visible¬True¬True¬Dr Jonathan Carlson And Dr Amanda Beasley¬10 Tothill Avenue¬St Judes¬¬Plymouth¬Devon¬PL4 8PH¬50.374294281005859¬-4.1292662620544434¬15N¬NHS Devon CCG¬01752315594¬¬http://www.beaumont-villa.co.uk¬
16082¬L83125¬GP¬UNKNOWN¬Visible¬True¬False¬Dr Steven Nimmo¬Horn Lane¬Plymstock¬¬Plymouth¬Devon¬PL9 9BR¬50.359092712402344¬-4.0882344245910645¬15N¬NHS Devon CCG¬01752407129¬¬http://www.bartonsurgery.com/¬01752 482620
16084¬L83127¬GP¬UNKNOWN¬Visible¬True¬True¬New Valley Practice¬Newcombes¬Newcombes¬¬Crediton¬Devon¬EX17 2AR¬50.792400360107422¬-3.6544618606567383¬15N¬NHS Devon CCG¬03333442988¬newvalleypractice@nhs.net¬http://newvalleypractice.co.uk¬01363 775906
16085¬L83128¬GP¬UNKNOWN¬Visible¬True¬True¬Bramblehaies Surgery¬College Road¬¬¬Cullompton¬Devon¬EX15 1TZ¬50.859657287597656¬-3.3913469314575195¬15N¬NHS Devon CCG¬0188433536¬d-ccg.bramblehaies@nhs.net¬http://www.bramblehaiessurgery.co.uk/¬
16086¬L83129¬GP¬UNKNOWN¬Visible¬True¬False¬Hartland Surgery¬66 The Square¬Hartland¬¬Bideford¬Devon¬EX39 6BL¬50.992733001708984¬-4.4825057983398437¬15N¬NHS Devon CCG¬01237441200¬¬¬01237 441838
16087¬L83131003¬GP¬UNKNOWN¬Visible¬True¬True¬Pembroke Medical Group - Parkhill Surgery¬Parkhill Road¬¬¬Torquay¬Devon¬TQ1 2AR¬50.460208892822266¬-3.5229578018188477¬15N¬NHS Devon CCG¬01803212489¬¬http://www.pembrokehousesurgery.co.uk¬
16089¬L83131¬GP¬UNKNOWN¬Visible¬True¬True¬Pembroke House Surgery¬266 Torquay Road¬¬¬Paignton¬Devon¬TQ3 2EZ¬50.445533752441406¬-3.5602331161499023¬15N¬NHS Devon CCG¬01803553558¬enquiries.pembrokehouse@nhs.net¬www.pembrokehousesurgery.co.uk¬01803 546455
16090¬L83006006¬GP¬UNKNOWN¬Visible¬True¬True¬Collings Park Medical Centre¬57 Eggbuckland Road¬¬¬Plymouth¬Devon¬PL3 5JR¬50.392204284667969¬-4.1252570152282715¬15N¬NHS Devon CCG¬01752 982200¬d-ccg.mayflower@nhs.net¬https://mayflowermedicalgroup.co.uk¬
16092¬L83134¬GP¬UNKNOWN¬Visible¬True¬False¬Wyndham House Surgery¬Silverton¬¬¬Exeter¬Devon¬EX5 4HZ¬50.817562103271484¬-3.4831507205963135¬15N¬NHS Devon CCG¬01392860034¬¬¬01392 861165
16094¬L83136¬GP¬UNKNOWN¬Visible¬True¬True¬Haldon House Surgery¬37-41 Imperial Road¬¬¬Exmouth¬Devon¬EX8 1DQ¬50.619770050048828¬-3.4162874221801758¬15N¬NHS Devon CCG¬01395222777¬¬http://www.haldon-house.co.uk/¬01395 269769
16095¬L83137¬GP¬UNKNOWN¬Visible¬True¬True¬South Molton Medical Centre¬East Street¬¬¬South Molton¬Devon¬EX36 3BZ¬51.018283843994141¬-3.8325004577636719¬15N¬NHS Devon CCG¬01769573101¬d-ccg.southmoltonmedicalcentre@nhs.net¬http://www.southmoltonmedicalcentre.co.uk¬
16096¬L83100005¬GP¬UNKNOWN¬Visible¬True¬True¬Glenside Medical Centre¬Glenside Rise¬Plympton¬¬Plymouth¬Devon¬PL7 4DR¬50.392387390136719¬-4.0489516258239746¬15N¬NHS Devon CCG¬1752341340¬¬¬01752 348913
16098¬L83143¬GP¬UNKNOWN¬Visible¬True¬True¬Hill Barton Surgery¬1 Lower Hill Barton Road¬¬¬Exeter¬Devon¬EX1 3EN¬50.723369598388672¬-3.4816758632659912¬15N¬NHS Devon CCG¬01392444242¬¬http://www.hillbartonsurgery.co.uk/¬01392 446240
16100¬L83022002¬GP¬UNKNOWN¬Visible¬True¬True¬Richmond House Surgery¬26 Brunswick Street¬¬¬Teignmouth¬Devon¬TQ14 8AF¬50.545429229736328¬-3.4968523979187012¬15N¬NHS Devon CCG¬01626773339¬¬¬01626 777811
16101¬L83146¬GP¬UNKNOWN¬Visible¬True¬True¬Catherine House Surgery¬Westward House¬New Walk¬¬Totnes¬Devon¬TQ9 5WB¬50.428932189941406¬-3.6832790374755859¬15N¬NHS Devon CCG¬01803862073¬catherinehousesurgery@nhs.net¬http://www.catherinehousesurgery.co.uk¬
16103¬L83147001¬GP¬UNKNOWN¬Visible¬True¬True¬Woolwell Medical Centre¬School Drive¬Woolwell¬¬Plymouth¬Devon¬PL6 7TH¬50.43463134765625¬-4.1005558967590332¬15N¬NHS Devon CCG¬01752 209030¬¬http://www.lissongroveandwoolwellmc.co.uk¬
16104¬L83147¬GP¬UNKNOWN¬Visible¬True¬True¬Lisson Grove And Woolwell Medical Centres¬3-5 Lisson Grove¬Mutley¬¬Plymouth¬Devon¬PL4 7DL¬50.382518768310547¬-4.1315617561340332¬15N¬NHS Devon CCG¬01752205555¬¬http://www.lissongroveandwoolwellmc.co.uk¬01752 205558
16105¬L83148¬GP¬UNKNOWN¬Visible¬True¬False¬Chillington Health Centre¬Orchard Way¬Chillington¬¬Kingsbridge¬Devon¬TQ7 2LB¬50.272628784179688¬-3.6936318874359131¬15N¬NHS Devon CCG¬01548580214¬¬http://www.chillingtonsurgery.co.uk¬01548 581080
16107¬L83607¬GP¬UNKNOWN¬Visible¬True¬True¬Old Farm Surgery¬67 Foxhole Road¬¬¬Paignton¬Devon¬TQ3 3TB¬50.438694000244141¬-3.5850610733032227¬15N¬NHS Devon CCG¬01803 556403¬oldfarm.surgery@nhs.net¬http://www.oldfarmsurgery.co.uk¬01803 665588
16109¬L83127001¬GP¬UNKNOWN¬Visible¬True¬True¬Exe Valley Practice¬The Surgery¬¬Thorverton¬Exeter¬Devon¬EX5 5NT¬50.808856964111328¬-3.5270168781280518¬15N¬NHS Devon CCG¬01392 860273¬exevalleypractice@nhs.net¬http://www.exevalleypractice.co.uk/¬01392 860654
16110¬L83616¬GP¬UNKNOWN¬Visible¬True¬False¬Sampford Peverell Surgery (College Surgery Partnership)¬29 Lower Town¬¬¬Sampford Peverell¬Devon¬EX16 7BJ¬50.919731140136719¬-3.378385066986084¬15N¬NHS Devon CCG¬01884820304¬¬¬01884 821188
16120¬L83624¬GP¬UNKNOWN¬Visible¬True¬True¬Devonport Health Centre¬53 Damerel Close¬Devonport¬¬Plymouth¬Devon¬PL1 4JZ¬50.369731903076172¬-4.1682276725769043¬15N¬NHS Devon CCG¬01752561500¬¬http://www.devonporthealthcentre.co.uk/¬01752 856768
16122¬L83627¬GP¬UNKNOWN¬Visible¬True¬True¬Raleigh Surgery¬33 Pines Road¬Brixington¬¬Exmouth¬Devon¬EX8 5NH¬50.640407562255859¬-3.3939685821533203¬15N¬NHS Devon CCG¬01395222499¬¬http://www.raleighsurgery.co.uk/¬01395 225493
16123¬L83628¬GP¬UNKNOWN¬Visible¬True¬True¬Imperial Surgery¬45-49 Imperial Road¬¬¬Exmouth¬Devon¬EX8 1DQ¬50.619770050048828¬-3.4162874221801758¬15N¬NHS Devon CCG¬01395 224555¬¬https://www.imperialmedicalpractice.co.uk/¬01395 279282
16125¬Y02633001¬GP¬UNKNOWN¬Visible¬True¬False¬North Tawton Medical Practice¬Devonshire House¬Essington¬¬North Tawton¬Devon¬EX20 2EX¬50.800731658935547¬-3.8947618007659912¬15N¬NHS Devon CCG¬0183782204¬d-ccg.bowmedicalpracticeenquiries@nhs.net¬http://www.bowmedicalpractice.co.uk/¬
16127¬L83639¬GP¬UNKNOWN¬Visible¬True¬False¬Wembury Surgery¬51 Hawthorn Drive¬Wembury¬¬Plymouth¬Devon¬PL9 0BE¬50.321865081787109¬-4.0725531578063965¬15N¬NHS Devon CCG¬01752862118¬sarahwilliams3@nhs.net¬www.wemburysurgery.co.uk¬01752 862075
16128¬L83642¬GP¬UNKNOWN¬Visible¬True¬True¬Estover Surgery¬Leypark Walk¬Estover¬¬Plymouth¬Devon¬PL6 8UE¬50.411277770996094¬-4.0951876640319824¬15N¬NHS Devon CCG¬01752789030¬estover.surgery@nhs.net¬http://www.estoversurgery.co.uk¬
16130¬L83100006¬GP¬UNKNOWN¬Visible¬True¬True¬Highlands Health Centre¬Fore Street¬¬¬Ivybridge¬Devon¬PL21 9AE¬50.389225006103516¬-3.9216647148132324¬15N¬NHS Devon CCG¬01752897111¬¬¬01752 691477
16131¬L83646¬GP¬UNKNOWN¬Visible¬True¬True¬St Levan Surgery¬350 St Levan Road¬Keyham¬¬Plymouth¬Devon¬PL2 1JR¬50.383930206298828¬-4.1773152351379395¬15N¬NHS Devon CCG¬01752561973¬¬http://www.stlevansurgery.nhs.uk/¬01752 562046
16132¬L83069001¬GP¬UNKNOWN¬Visible¬True¬True¬Hatherleigh Medical Centre¬The Old Bank¬Bridge Street¬Hatherleigh¬Okehampton¬Devon¬EX20 3HZ¬50.820034027099609¬-4.0727014541625977¬15N¬NHS Devon CCG¬01409 253692¬¬¬
16133¬L83648002¬GP¬UNKNOWN¬Visible¬True¬True¬University Medical Centre (Endsleigh Place)¬23-27 Endsleigh Place¬¬¬Plymouth¬Devon¬PL4 6DN¬50.377246856689453¬-4.1384382247924805¬15N¬NHS Devon CCG¬01752222341 (ext. 1)¬administration.umcpeverell@nhs.net¬http://plymouthstudenthealth.co.uk/¬01752 665906
16134¬L83648¬GP¬UNKNOWN¬Visible¬True¬True¬Peverell Park Surgery¬The Stables¬162 Outland Road¬¬Plymouth¬Devon¬PL2 3PX¬50.393199920654297¬-4.1469831466674805¬15N¬NHS Devon CCG¬01752766644¬administration.peverellpark@nhs.net¬http://www.peverellparksurgery.com/¬
16135¬L83651¬GP¬UNKNOWN¬Visible¬True¬True¬Adelaide Street Surgery¬20 Adelaide Street¬Stonehouse¬¬Plymouth¬Devon¬PL1 3JF¬50.370571136474609¬-4.1557493209838867¬15N¬NHS Devon CCG¬01752667623¬adelaidest.surgery@nhs.net¬¬01752 315553
16137¬L83655¬GP¬UNKNOWN¬Visible¬True¬True¬WONFORD GREEN SURGERY¬Burnthouse Lane¬¬¬Exeter¬Devon¬EX2 6NF¬50.713825225830078¬-3.4994630813598633¬15N¬NHS Devon CCG¬01392250135¬¬http://www.wonfordgreen-surgery.co.uk¬01392 498572
16138¬L83657¬GP¬UNKNOWN¬Visible¬True¬True¬Glendevon Medical Centre¬3 Carlton Place¬¬¬Teignmouth¬Devon¬TQ14 8AB¬50.545604705810547¬-3.4964487552642822¬15N¬NHS Devon CCG¬01626770955¬teignestuary@nhs.net¬http://www.teignestuarymedical.co.uk/¬01626 772107
16139¬L83657001¬GP¬UNKNOWN¬Visible¬True¬True¬Riverside Surgery¬Albion Street¬¬¬Shaldon¬Devon¬TQ14 0DF¬50.541862487792969¬-3.5077555179595947¬15N¬NHS Devon CCG¬01626873331¬¬http://www.teignestuarymedical.co.uk¬01626 873974
16143¬L83663¬GP¬UNKNOWN¬Visible¬True¬False¬Blake House Surgery¬Bowhay Close¬Black Torrington¬¬Beaworthy¬Devon¬EX21 5QE¬50.827919006347656¬-4.179041862487793¬15N¬NHS Devon CCG¬01409231628¬¬http://www.blakehousesurgery.co.uk/¬01409 231029
16145¬L83666¬GP¬UNKNOWN¬Visible¬True¬True¬Buckland Surgery¬1 Raleigh Road¬Buckland¬¬Newton Abbot¬Devon¬TQ12 4HG¬50.530189514160156¬-3.5875473022460937¬15N¬NHS Devon CCG¬01626332813¬¬http://bucklandsurgery.co.uk¬
16147¬L83673¬GP¬UNKNOWN¬Visible¬True¬True¬Clock Tower Surgery¬Wat Tyler House¬3 King William Street¬¬Exeter¬Devon¬EX4 6PD¬50.727554321289063¬-3.5248105525970459¬15N¬NHS Devon CCG¬01392208290¬¬http://www.devondoctors.co.uk/¬01392 208562
16148¬L84001¬GP¬UNKNOWN¬Visible¬True¬True¬Bartongate Surgery¬115 Barton Street¬¬¬Gloucester¬Gloucestershire¬GL1 4HR¬51.861209869384766¬-2.2375500202178955¬11M¬NHS Gloucestershire CCG¬01452422944¬¬http://www.bartongatesurgery.co.uk/¬01452 387871
16149¬L84606002¬GP¬UNKNOWN¬Visible¬True¬True¬The Alney Practice¬16 Cheltenham Road¬¬¬Gloucester¬Gloucestershire¬GL2 0LS¬51.870410919189453¬-2.2230598926544189¬11M¬NHS Gloucestershire CCG¬1452522709¬¬http://www.thealneypractice.co.uk¬01452 304321
16150¬L84003001¬GP¬UNKNOWN¬Visible¬True¬True¬The Park Medical Centre¬Cheltenham¬Glos¬¬Cheltenham¬Gloucestershire¬GL50 3EG¬51.901554107666016¬-2.0876095294952393¬11M¬NHS Gloucestershire CCG¬01242714400¬¬www.underwoodsurgery.co.uk¬
16151¬L84003¬GP¬UNKNOWN¬Visible¬True¬True¬Underwood Surgery¬139 St Georges Road¬¬¬Cheltenham¬Gloucestershire¬GL50 3EQ¬51.901641845703125¬-2.0893537998199463¬11M¬NHS Gloucestershire CCG¬01242580644¬¬www.underwoodsurgery.co.uk¬01242 253519
16152¬L84004¬GP¬UNKNOWN¬Visible¬True¬True¬Winchcombe Medical Centre¬Greet Road¬Winchcombe¬¬Cheltenham¬Gloucestershire¬GL54 5GZ¬51.960559844970703¬-1.9634541273117065¬11M¬NHS Gloucestershire CCG¬01242602307¬¬http://www.winchcombemedical.nhs.uk¬01242 603689
16153¬L84005¬GP¬UNKNOWN¬Visible¬True¬True¬Minchinhampton Surgery¬Bell Lane¬Minchinhampton¬¬Stroud¬Gloucestershire¬GL6 9JF¬51.705924987792969¬-2.1878793239593506¬11M¬NHS Gloucestershire CCG¬01453883793¬¬www.minchsurgery.nhs.uk¬01453 731670
16154¬L84006¬GP¬UNKNOWN¬Visible¬True¬False¬Staunton & Corse Surgery¬Gloucester Road¬Corse¬¬Gloucester¬Gloucestershire¬GL19 3RB¬51.959579467773438¬-2.3031837940216064¬11M¬NHS Gloucestershire CCG¬01452840228¬¬http://www.stauntonsurgery.co.uk/¬01452 840072
16155¬L84007¬GP¬UNKNOWN¬Visible¬True¬True¬Rowcroft Medical Centre¬Rowcroft Retreat¬¬¬Stroud¬Gloucestershire¬GL5 3BE¬51.745731353759766¬-2.2193739414215088¬11M¬NHS Gloucestershire CCG¬01453764471¬janice.anderson4@nhs.net¬http://www.rowcroftmc.nhs.uk/¬01453 755247
16156¬L84008¬GP¬UNKNOWN¬Visible¬True¬True¬St George's Surgery¬St Pauls Medical Centre¬121 Swindon Road¬¬Cheltenham¬Gloucestershire¬GL50 4DP¬51.906711578369141¬-2.0814855098724365¬11M¬NHS Gloucestershire CCG¬01242215015¬¬http://www.st-georgessurgery.co.uk/¬01242 215016
16158¬L84009¬GP¬UNKNOWN¬Visible¬True¬True¬Hadwen Health¬Hadwen Health¬Glevum Way¬Abbeydale¬Gloucester¬Gloucestershire¬GL4 4BL¬51.841484069824219¬-2.2043085098266602¬11M¬NHS Gloucestershire CCG¬01452529933¬¬https://www.hadwenhealth.co.uk/¬01452 523056
16160¬L84010¬GP¬UNKNOWN¬Visible¬True¬True¬Park Surgery(Cv)¬Old Tetbury Road¬¬¬Cirencester¬Gloucestershire¬GL7 1US¬51.713886260986328¬-1.9755041599273682¬11M¬NHS Gloucestershire CCG¬01285654733¬theparksurgery.admin@glos.nhs.uk¬http://www.theparksurgery.com/index.aspx¬01285 641408
16161¬L84011¬GP¬UNKNOWN¬Visible¬True¬True¬Lydney Practice¬The Health Centre¬Albert Street¬¬Lydney¬Gloucestershire¬GL15 5NQ¬51.727916717529297¬-2.5298528671264648¬11M¬NHS Gloucestershire CCG¬01594842167¬¬http://www.lydneypractice.nhs.uk¬01594 845550
16162¬L84012003¬GP¬UNKNOWN¬Visible¬True¬True¬Phoenix Royal Agricultural University¬Royal Agricultural University¬Tetbury Road¬¬Cirencester¬Gloucestershire¬GL7 6JS¬51.709510803222656¬-1.9949017763137817¬11M¬NHS Gloucestershire CCG¬01285652531¬¬https://www.phoenixhealthgroup-rau.co.uk/¬
16163¬L84012¬GP¬UNKNOWN¬Visible¬True¬True¬Phoenix Cirencester¬9 Chesterton Lane¬¬¬Cirencester¬Gloucestershire¬GL7 1XG¬51.709804534912109¬-1.9769411087036133¬11M¬NHS Gloucestershire CCG¬01285652056¬¬https://www.phoenixhealthgroup-cirencester.co.uk/¬01285 641562
16164¬L84012002¬GP¬UNKNOWN¬Visible¬True¬True¬Phoenix Kemble¬Church Road¬Kemble¬¬Cirencester¬Gloucestershire¬GL7 6AE¬51.672100067138672¬-2.0164086818695068¬11M¬NHS Gloucestershire CCG¬01285770640¬¬https://www.phoenixhealthgroup-kemble.co.uk/¬
16165¬L84012001¬GP¬UNKNOWN¬Visible¬True¬True¬Phoenix Cerney Surgery¬Clarks Hay¬South Cerney¬¬Cirencester¬Gloucestershire¬GL7 5UA¬51.673175811767578¬-1.9307276010513306¬11M¬NHS Gloucestershire CCG¬01285862112¬¬https://www.phoenixhealthgroup-southcerney.co.uk/¬
16166¬L84026002¬GP¬UNKNOWN¬Visible¬True¬True¬Aspen Medical Practice - Saintbridge¬Askwith Road¬Saintbridge¬¬Gloucester¬Gloucestershire¬GL4 4SH¬51.848934173583984¬-2.2222857475280762¬11M¬NHS Gloucestershire CCG¬01452 337733¬¬https://www.aspenmedicalpractice.nhs.uk/¬
16167¬L84014¬GP¬UNKNOWN¬Visible¬True¬True¬Hucclecote Surgery¬5A Brookfield Road¬Hucclecote¬¬Gloucester¬Gloucestershire¬GL3 3HB¬51.857250213623047¬-2.193953275680542¬11M¬NHS Gloucestershire CCG¬01452617295¬¬http://www.hucclecotesurgery.co.uk/¬01452 632858
16168¬L84015¬GP¬UNKNOWN¬Visible¬True¬True¬Sixways Clinic¬London Road¬Charlton Kings¬¬Cheltenham¬Gloucestershire¬GL52 6HS¬51.889122009277344¬-2.0534975528717041¬11M¬NHS Gloucestershire CCG¬01242223810¬¬http://www.sixwaysclinic.co.uk/¬01242 253524
16170¬L84016¬GP¬UNKNOWN¬Visible¬True¬True¬Frithwood Surgery¬45 Tanglewood Way¬Bussage¬¬Stroud¬Gloucestershire¬GL6 8DE¬51.729709625244141¬-2.1623644828796387¬11M¬NHS Gloucestershire CCG¬01453882868¬frithwood.enquiries@nhs.net¬http://www.frithwoodsurgery.nhs.uk¬01453 731302
16171¬L84018001¬GP¬UNKNOWN¬Visible¬True¬True¬St Peter's Road Surgery¬1 St Peters Road¬¬¬Cirencester¬Gloucestershire¬GL7 1RF¬51.714118957519531¬-1.9680663347244263¬11M¬NHS Gloucestershire CCG¬01285653184¬¬www.stpetersroadsurgery.nhs.uk¬01285 655795
16172¬L84018¬GP¬UNKNOWN¬Visible¬True¬True¬Avenue Surgery¬1 The Avenue¬¬¬Cirencester¬Gloucestershire¬GL7 1EH¬51.713462829589844¬-1.9641587734222412¬11M¬NHS Gloucestershire CCG¬01285653122¬¬http://www.theavenuesurgery.co.uk/¬01285 650098
16173¬L84060002¬GP¬UNKNOWN¬Visible¬True¬True¬Cam & Uley Family Practice¬The Cam Surgery¬Fairmead¬Cam¬Dursley¬Gloucestershire¬GL11 5NE¬51.700386047363281¬-2.3636484146118164¬11M¬NHS Gloucestershire CCG¬01453540066¬¬http://www.cam-and-uley@nhs.uk¬01453 548124
16174¬L84012004¬GP¬UNKNOWN¬Visible¬True¬True¬Phoenix Tetbury¬Phoenix Tetbury¬41-43 Long Street¬¬Tetbury¬Gloucestershire¬GL8 8AA¬51.637973785400391¬-2.1607356071472168¬11M¬NHS Gloucestershire CCG¬01666502303¬romneyhouse.tetbury@nhs.net¬https://phoenixhealthgroup-tetbury.co.uk/¬01666 504549
16175¬L84021¬GP¬UNKNOWN¬Visible¬True¬True¬Yorkley Health Centre(Wg)¬Yorkley Health Centre¬¬¬Yorkley¬Gloucestershire¬GL15 4RS¬51.760414123535156¬-2.5253360271453857¬11M¬NHS Gloucestershire CCG¬01594562437¬reception.yorkleyhealthcentre@nhs.net¬http://www.yorkleyhealthcentre.nhs.uk/¬
16176¬L84021001¬GP¬UNKNOWN¬Visible¬True¬True¬Bream Surgery¬Beech Way¬Bream¬¬Lydney¬Gloucestershire¬GL15 6NB¬51.749309539794922¬-2.5715606212615967¬11M¬NHS Gloucestershire CCG¬01594562437¬¬¬
16177¬L84022¬GP¬UNKNOWN¬Visible¬True¬True¬Yorkleigh Surgery - Ct¬93 St Georges Road¬¬¬Cheltenham¬Gloucestershire¬GL50 3ED¬51.900135040283203¬-2.0846855640411377¬11M¬NHS Gloucestershire CCG¬01242519049¬¬www.yorkleighsurgery.co.uk¬01242 253556
16179¬L84023¬GP¬UNKNOWN¬Visible¬True¬True¬Church Street Medical¬The Devereux Centre¬Barton Rd¬¬Tewkesbury¬Gloucestershire¬GL20 5GJ¬51.992282867431641¬-2.1534252166748047¬11M¬NHS Gloucestershire CCG¬01684 217333¬church.street@nhs.net¬http://www.churchstreetdoctors.com/¬
16180¬L84024¬GP¬UNKNOWN¬Visible¬True¬True¬Drybrook Surgery¬Drybrook Road¬¬¬Drybrook¬Gloucestershire¬GL17 9JE¬51.853862762451172¬-2.5183513164520264¬11M¬NHS Gloucestershire CCG¬01594542239¬drybrook.surgery@nhs.net¬http://www.drybrooksurgery.nhs.uk¬01594 544501
16181¬L84025¬GP¬UNKNOWN¬Visible¬True¬True¬Hoyland House¬Gyde Road¬Painswick¬¬Stroud¬Gloucestershire¬GL6 6RD¬51.791000366210938¬-2.1941628456115723¬11M¬NHS Gloucestershire CCG¬01452812545¬¬www.painswicksurgery.nhs.uk¬01452 814185
16182¬L84026¬GP¬UNKNOWN¬Visible¬True¬True¬Aspen Medical Practice¬Aspen Centre¬Horton Road¬¬Gloucester¬Gloucestershire¬GL1 3PX¬51.865970611572266¬-2.2257826328277588¬11M¬NHS Gloucestershire CCG¬01452337733¬¬https://www.aspenmedicalpractice.nhs.uk¬01452 337734
16186¬L84027¬GP¬UNKNOWN¬Visible¬True¬True¬Culverhay Surgery¬Culverhay¬Wotton-Under-Edge¬¬Wotton Under Edge¬Gloucestershire¬GL12 7LS¬51.638927459716797¬-2.3486344814300537¬11M¬NHS Gloucestershire CCG¬01453 843893¬¬http://www.culverhaysurgery.com¬01453 521557
16187¬L84028001¬GP¬UNKNOWN¬Visible¬True¬True¬Ruardean Surgery¬High Street¬¬¬Ruardean¬Gloucestershire¬GL17 9US¬51.856243133544922¬-2.5521228313446045¬11M¬NHS Gloucestershire CCG¬01594542225¬¬www.foresthealthcentre.nhs.uk¬
16188¬L84028¬GP¬UNKNOWN¬Visible¬True¬True¬Forest Health Care¬Cinderford Medical Centre¬Valley Road¬¬Cinderford¬Gloucestershire¬GL14 2NX¬51.823795318603516¬-2.5086328983306885¬11M¬NHS Gloucestershire CCG¬01594 820820¬fhc.reception@nhs.net¬https://www.foresthealthcentre.nhs.uk/¬01594 824089
16189¬L84029¬GP¬UNKNOWN¬Visible¬True¬True¬Blakeney Surgery¬Millend¬¬¬Blakeney¬Gloucestershire¬GL15 4ED¬51.759120941162109¬-2.4763493537902832¬11M¬NHS Gloucestershire CCG¬01594510225¬¬www.blakeneysurgery.nhs.uk.¬01594 516074
16190¬L84030¬GP¬UNKNOWN¬Visible¬True¬True¬Berkeley Place Surgery¬11 High Street¬¬¬Cheltenham¬Gloucestershire¬GL52 6DA¬51.897205352783203¬-2.0687363147735596¬11M¬NHS Gloucestershire CCG¬01242513975¬berkeleypl.reception@nhs.net¬http://www.berkeleyplacesurgery.nhs.uk¬01242 263787
16191¬L84031¬GP¬UNKNOWN¬Visible¬True¬True¬Stow Surgery¬¬Maugersbury Road¬¬Stow-on-the-Wold¬Gloucestershire¬GL54 1AX¬51.927452087402344¬-1.7156310081481934¬11M¬NHS Gloucestershire CCG¬01451 830625¬l84031.gp@nhs.net¬http://www.stowsurgery.co.uk/¬
16193¬L84032¬GP¬UNKNOWN¬Visible¬True¬True¬Locking Hill Surgery¬Locking Hill¬¬¬Stroud¬Gloucestershire¬GL5 1UY¬51.747200012207031¬-2.216078519821167¬11M¬NHS Gloucestershire CCG¬01453764222¬¬http://www.lockinghillsurgery.co.uk/¬01453 756278
16194¬L84033¬GP¬UNKNOWN¬Visible¬True¬True¬The Portland Practice¬St Pauls Medical Centre¬121 Swindon Road¬¬Cheltenham¬Gloucestershire¬GL50 4DP¬51.906711578369141¬-2.0814855098724365¬11M¬NHS Gloucestershire CCG¬01242215020¬¬http://portlandpractice.co.uk¬01242 695775
16195¬L84033002¬GP¬UNKNOWN¬Visible¬True¬True¬The Up Hatherley Surgery¬Glebe Farm Court Road¬Up Hatherley¬¬Cheltenham¬Gloucestershire¬GL51 3EB¬51.881992340087891¬-2.107125997543335¬11M¬NHS Gloucestershire CCG¬01242864890¬¬http://www.portlandpractice.co.uk/¬01242 864899
16196¬L84034001¬GP¬UNKNOWN¬Visible¬True¬True¬St James Family Doctors¬Quedgeley Health Campus¬St James Quedgeley¬¬Gloucester¬Gloucestershire¬GL2 4WD¬51.827030181884766¬-2.2808282375335693¬11M¬NHS Gloucestershire CCG¬01452385555¬¬http://www.partnersinhealthgloucester.nhs.uk¬01452 723603
16197¬L84034¬GP¬UNKNOWN¬Visible¬True¬True¬Pavilion Family Doctors¬153A Stroud Road¬¬¬Gloucester¬Gloucestershire¬GL1 5JJ¬51.853397369384766¬-2.2425758838653564¬11M¬NHS Gloucestershire CCG¬01452 385555¬¬http://www.partnersinhealthgloucester.nhs.uk¬01452 531555
16199¬L84036¬GP¬UNKNOWN¬Visible¬True¬True¬Cleevelands Medical Centre ¬Sapphire Road¬¬¬Bishops Cleeve¬Gloucestershire¬GL52 7YU¬51.954269409179688¬-2.0704984664916992¬11M¬NHS Gloucestershire CCG¬01242 672669¬¬https://www.sevenposts-greyholme.nhs.uk/index.aspx¬
16200¬L84037¬GP¬UNKNOWN¬Visible¬True¬True¬Holts Health Centre¬The Holts Health Centre¬Watery Lane¬¬Newent¬Gloucestershire¬GL18 1BA¬51.931560516357422¬-2.406951904296875¬11M¬NHS Gloucestershire CCG¬01531820689¬¬¬01531 822503
16201¬L84038¬GP¬UNKNOWN¬Visible¬True¬True¬Cotswold Medical Practice¬Moore Health Centre¬Moore Road¬Bourton-On-The-Water¬Cheltenham¬Gloucestershire¬GL54 2AZ¬51.886310577392578¬-1.7567760944366455¬11M¬NHS Gloucestershire CCG¬01451820242¬¬www.bourtonandnorthleachsurgeries.nhs.uk¬01451 860718
16202¬L84038001¬GP¬UNKNOWN¬Visible¬True¬True¬Westwoods Surgery¬Bassett Road¬Northleach¬¬Cheltenham¬Gloucestershire¬GL54 3QJ¬51.826808929443359¬-1.8283268213272095¬11M¬NHS Gloucestershire CCG¬01451860247¬¬www.bourtonandnorthleachsurgeries.nhs.uk¬01451 860718
16203¬L84039¬GP¬UNKNOWN¬Visible¬True¬True¬Beeches Green Surgery¬Health Centre¬Beeches Green¬¬Stroud¬Gloucestershire¬GL5 4BH¬51.747299194335938¬-2.2171797752380371¬11M¬NHS Gloucestershire CCG¬01453763980¬¬http://www.beechesgreensurgery.co.uk/staff1.aspx¬01453 756892
16204¬L84040¬GP¬UNKNOWN¬Visible¬True¬True¬The Leckhampton Surgery¬17 Moorend Park Road¬¬¬Cheltenham¬Gloucestershire¬GL53 0LA¬51.883907318115234¬-2.0862095355987549¬11M¬NHS Gloucestershire CCG¬01242539080¬leckhampton.reception@nhs.net¬http://www.leckhamptonsurgery.co.uk¬01242 524494
16205¬L84041¬GP¬UNKNOWN¬Visible¬True¬True¬Dr S Nelson & Partners¬Overton Park Road¬¬¬Cheltenham¬Gloucestershire¬GL50 3BP¬51.899345397949219¬-2.0852799415588379¬11M¬NHS Gloucestershire CCG¬01242580511¬¬www.overtonparksurgery.com¬01242 253542
16207¬L84043¬GP¬UNKNOWN¬Visible¬True¬True¬Chipping Campden Surgery¬Back Ends¬¬¬Chipping Campden¬Gloucestershire¬GL55 6AU¬52.051506042480469¬-1.78281569480896¬11M¬NHS Gloucestershire CCG¬01386841894¬¬http://www.chippingcampdensurgery.co.uk¬
16208¬L84044¬GP¬UNKNOWN¬Visible¬True¬True¬Marybrook Medical Centre¬Marybrook Street¬¬¬Berkeley¬Gloucestershire¬GL13 9BL¬51.692359924316406¬-2.4583017826080322¬11M¬NHS Gloucestershire CCG¬01453810228¬¬http://www.marybrookmedicalcentre.co.uk¬01453 511778
16209¬L84045¬GP¬UNKNOWN¬Visible¬True¬True¬Mitcheldean Surgery¬Brook Street¬¬¬Mitcheldean¬Gloucestershire¬GL17 0AU¬51.865940093994141¬-2.4883551597595215¬11M¬NHS Gloucestershire CCG¬01594542270¬¬http://www.mitcheldeansurgery.co.uk¬01594 544897
16210¬L84046¬GP¬UNKNOWN¬Visible¬True¬True¬Dockham Surgery¬Cinderford Medical Centre¬Valley Road¬¬Cinderford¬Gloucestershire¬GL14 2NX¬51.823795318603516¬-2.5086328983306885¬11M¬NHS Gloucestershire CCG¬01594820010¬dockhamsurgery@nhs.net¬https://dockhamsurgery.nhs.uk/¬
16211¬L84047¬GP¬UNKNOWN¬Visible¬True¬True¬Churchdown Surgery¬Churchdown Surgery¬Parton Road¬Churchdown¬Gloucester¬Gloucestershire¬GL3 2JH¬51.882492065429687¬-2.1715447902679443¬11M¬NHS Gloucestershire CCG¬01452899762¬¬http://www.churchdownsurgery.co.uk/¬01452 714726
16212¬L84048¬GP¬UNKNOWN¬Visible¬True¬True¬The Stoke Road Surgery,¬4 Stoke Road¬Bishops Cleeve¬¬Cheltenham¬Gloucestershire¬GL52 8RP¬51.946674346923828¬-2.0681586265563965¬11M¬NHS Gloucestershire CCG¬01242672007¬¬¬01242 678857
16213¬L84049¬GP¬UNKNOWN¬Visible¬True¬True¬The Royal Well Surgery¬St Pauls Medical Centre¬121 Swindon Road¬¬Cheltenham¬Gloucestershire¬GL50 4DP¬51.906711578369141¬-2.0814855098724365¬11M¬NHS Gloucestershire CCG¬01242215010¬royalwell.cc@nhs.net¬https://www.royalwell.co.uk/¬
16214¬L84050¬GP¬UNKNOWN¬Visible¬True¬True¬Rosebank Health¬153B Stroud Road¬¬¬Gloucester¬Gloucestershire¬GL1 5JQ¬51.852615356445312¬-2.2421796321868896¬11M¬NHS Gloucestershire CCG¬01452543000¬¬http://www.rosebankhealth.nhs.uk/¬01452 387807
16215¬L84050001¬GP¬UNKNOWN¬Visible¬True¬True¬Severnvale Surgery¬St. James¬Quedgeley¬¬Gloucester¬Gloucestershire¬GL2 4WD¬51.827030181884766¬-2.2808282375335693¬11M¬NHS Gloucestershire CCG¬01452720011¬¬http://www.rosebankhealth.nhs.uk/¬
16216¬L84051¬GP¬UNKNOWN¬Visible¬True¬True¬Chipping Surgery¬Symn Lane¬¬¬Wotton Under Edge¬Gloucestershire¬GL12 7BD¬51.636058807373047¬-2.3538286685943604¬11M¬NHS Gloucestershire CCG¬01453842214¬¬www.thechippingsurgery.co.uk¬01453 521558
16217¬L84052¬GP¬UNKNOWN¬Visible¬True¬True¬Gloucester City Health Centre¬The Park¬¬¬Gloucester¬Gloucestershire¬GL1 1XR¬51.860359191894531¬-2.245314359664917¬11M¬NHS Gloucestershire CCG¬01452891110¬¬http://www.gloucesterhealthcentre.co.uk¬
16218¬L84053¬GP¬UNKNOWN¬Visible¬True¬True¬Hilary Cottage Surgery¬Keble Lawns¬¬¬Fairford¬Gloucestershire¬GL7 4BQ¬51.707729339599609¬-1.774014949798584¬11M¬NHS Gloucestershire CCG¬01285712377¬¬http://www.fairfordsurgery.co.uk¬01285 712064
16219¬L84054¬GP¬UNKNOWN¬Visible¬True¬True¬Mythe Medical Practice¬1st Floor, The Devereux Centre¬Barton Road¬¬Tewkesbury¬Gloucestershire¬GL20 5GJ¬51.992282867431641¬-2.1534252166748047¬11M¬NHS Gloucestershire CCG¬01684293278¬¬http://www.mythemedical.co.uk¬01684 274911
16221¬L84056¬GP¬UNKNOWN¬Visible¬True¬True¬The Corinthian Surgery¬St Pauls Medical Centre¬121 Swindon Road¬¬Cheltenham¬Gloucestershire¬GL50 4DP¬51.906711578369141¬-2.0814855098724365¬11M¬NHS Gloucestershire CCG¬01242215000¬¬¬01242 215001
16224¬L84058¬GP¬UNKNOWN¬Visible¬True¬True¬St Catherine's Surgery¬St Pauls Medical Centre¬121 Swindon Road¬¬Cheltenham¬Gloucestershire¬GL50 4DP¬51.906711578369141¬-2.0814855098724365¬11M¬NHS Gloucestershire CCG¬01242215005¬¬¬01242 215006
16225¬L84059¬GP¬UNKNOWN¬Visible¬True¬True¬The Royal Crescent Surgery ¬11 Royal Crescent¬¬¬Cheltenham¬Gloucestershire¬GL50 3DA¬51.900093078613281¬-2.0789592266082764¬11M¬NHS Gloucestershire CCG¬01242580248¬¬http://www.royalcrescentsurgery.nhs.uk¬01242 253618
16226¬L84060¬GP¬UNKNOWN¬Visible¬True¬True¬Cam & Uley Family Practice¬The Uley Surgery¬42 The Street¬Uley¬Uley¬Gloucestershire¬GL11 5SY¬51.683551788330078¬-2.3061628341674805¬11M¬NHS Gloucestershire CCG¬01453860459¬¬https://www.cam-and-uley@nhs.uk¬01453 860972
16229¬L84063¬GP¬UNKNOWN¬Visible¬True¬False¬Rendcomb Surgery¬Rendcomb¬¬¬Cirencester¬Gloucestershire¬GL7 7EY¬51.78411865234375¬-1.9784257411956787¬11M¬NHS Gloucestershire CCG¬01285831257¬¬www.rendcombsurgery.co.uk¬01285 831679
16232¬L84065¬GP¬UNKNOWN¬Visible¬True¬True¬Price's Mill Surgery¬Newmarket Road¬Nailsworth¬¬Stroud¬Gloucestershire¬GL6 0DQ¬51.693706512451172¬-2.2232131958007812¬11M¬NHS Gloucestershire CCG¬01453832424¬¬http://www.pricesmill.co.uk/¬01453 833833
16233¬L84067¬GP¬UNKNOWN¬Visible¬True¬True¬Longlevens Surgery¬19B Church Road¬Longlevens¬¬Gloucester¬Gloucestershire¬GL2 0AJ¬51.87591552734375¬-2.2120182514190674¬11M¬NHS Gloucestershire CCG¬01452522695¬¬¬01452 387912
16235¬L84068¬GP¬UNKNOWN¬Visible¬True¬True¬Mann Cottage Surgery¬Four Shires Medical Centre¬Stow Road¬¬Moreton In Marsh¬Gloucestershire¬GL56 0DS¬51.983558654785156¬-1.7059427499771118¬11M¬NHS Gloucestershire CCG¬01608650764¬¬http://www.moretondoctors.nhs.uk¬01608 650996
16236¬L84069¬GP¬UNKNOWN¬Visible¬True¬True¬Coleford Family Doctors¬Coleford Health Centre¬Railway Drive¬¬Coleford¬Gloucestershire¬GL16 8RH¬51.791465759277344¬-2.6153295040130615¬11M¬NHS Gloucestershire CCG¬01594838108¬¬www.colefordhealthcentre.nhs.uk¬01594 810683
16237¬L84070¬GP¬UNKNOWN¬Visible¬True¬True¬High Street Medical Centre¬31 High Street¬¬¬Stonehouse¬Gloucestershire¬GL10 2NG¬51.747581481933594¬-2.2829501628875732¬11M¬NHS Gloucestershire CCG¬01453822047¬¬¬01453 821427
16238¬L84071¬GP¬UNKNOWN¬Visible¬True¬True¬Brunston Practice¬Cinderhill¬¬¬Coleford¬Gloucestershire¬GL16 8HJ¬51.790073394775391¬-2.6168909072875977¬11M¬NHS Gloucestershire CCG¬01594833255¬¬¬01594 810971
16239¬L84071001¬GP¬UNKNOWN¬Visible¬True¬True¬Lydbrook Health Centre¬Upper Lydbrook¬¬¬Lydbrook¬Gloucestershire¬GL17 9LG¬51.836151123046875¬-2.5757949352264404¬11M¬NHS Gloucestershire CCG¬01594860219¬¬¬
16240¬L84072¬GP¬UNKNOWN¬Visible¬True¬True¬White House Surgery¬Four Shires Medical Centre¬Stow Road¬¬Moreton In Marsh¬Gloucestershire¬GL56 0DS¬51.983558654785156¬-1.7059427499771118¬11M¬NHS Gloucestershire CCG¬01608650317¬whitehousesecretary@nhs.net¬http://www.whitehousesurgery.co.uk¬01608 650071
16241¬L84072001¬GP¬UNKNOWN¬Visible¬True¬True¬White House Surgery Blockley Branch¬Greenway Road¬Blockley¬¬Moreton-In-Marsh¬Gloucestershire¬GL56 9BJ¬52.014194488525391¬-1.7641416788101196¬11M¬NHS Gloucestershire CCG¬01386700289¬¬www.whitehousesurgery.co.uk¬
16242¬L84073¬GP¬UNKNOWN¬Visible¬True¬True¬Acorn Practice¬27 May Lane¬¬¬Dursley¬Gloucestershire¬GL11 4JN¬51.680034637451172¬-2.3574113845825195¬11M¬NHS Gloucestershire CCG¬01453540540¬¬http://www.acornpractice.co.uk/¬01453 540570
16243¬L84075¬GP¬UNKNOWN¬Visible¬True¬True¬Walnut Tree Practice¬27 May Lane¬¬¬Dursley¬Gloucestershire¬GL11 4JN¬51.680034637451172¬-2.3574113845825195¬11M¬NHS Gloucestershire CCG¬01453540555¬¬www.walnuttreepractice.co.uk¬01453 540575
16244¬L84077¬GP¬UNKNOWN¬Visible¬True¬True¬Stroud Valleys Family Practice¬Health Centre¬Beeches Green¬¬Stroud¬Gloucestershire¬GL5 4BH¬51.747299194335938¬-2.2171797752380371¬11M¬NHS Gloucestershire CCG¬01453764696¬¬http://www.stroudvalleysfamilypractice.nhs.uk¬01453 756548
16245¬L84078¬GP¬UNKNOWN¬Visible¬True¬True¬Frampton Surgery¬Whitminster Lane¬Frampton-On-Severn¬¬Gloucester¬Gloucestershire¬GL2 7HU¬51.775127410888672¬-2.3592641353607178¬11M¬NHS Gloucestershire CCG¬01452740213¬¬¬01452 740989
16246¬L84080¬GP¬UNKNOWN¬Visible¬True¬True¬Regent Street Surgery¬73 Regent Street¬¬¬Stonehouse¬Gloucestershire¬GL10 2AA¬51.744171142578125¬-2.2836015224456787¬11M¬NHS Gloucestershire CCG¬01453825690¬regent.reception@glos.nhs.uk¬http://regentstreetpractice.co.uk¬01453 821663
16247¬L84081¬GP¬UNKNOWN¬Visible¬True¬True¬Kingsholm Surgery¬Alvin Street¬¬¬Gloucester¬Gloucestershire¬GL1 3EN¬51.868030548095703¬-2.2390093803405762¬11M¬NHS Gloucestershire CCG¬01452522902¬¬http://www.kingsholmsurgery.co.uk/¬01452 387819
16248¬L84084¬GP¬UNKNOWN¬Visible¬True¬True¬Brockworth Surgery¬Abbotswood Road¬¬¬Gloucester¬Gloucestershire¬GL3 4PE¬51.844577789306641¬-2.1566812992095947¬11M¬NHS Gloucestershire CCG¬01452862247¬¬http://www.brockworthsurgery.nhs.uk¬01452 864993
16249¬L84085¬GP¬UNKNOWN¬Visible¬True¬True¬Severnbank Surgery¬Tutnalls Street¬¬¬Lydney¬Gloucestershire¬GL15 5PF¬51.725444793701172¬-2.5257411003112793¬11M¬NHS Gloucestershire CCG¬01594845715¬¬http://www.severnbanksurgery.co.uk¬
16252¬L84606¬GP¬UNKNOWN¬Visible¬True¬True¬The Alney Practice¬Lassington Lane¬Highnam¬¬Gloucester¬Gloucestershire¬GL2 8DH¬51.879714965820312¬-2.3013653755187988¬11M¬NHS Gloucestershire CCG¬01452529699¬¬http://www.thealneypractice.co.uk¬01452 410848
16255¬L84613¬GP¬UNKNOWN¬Visible¬True¬True¬Stonehouse Health Clinic¬High Street¬¬¬Stonehouse¬Gloucestershire¬GL10 2NG¬51.747097015380859¬-2.2827653884887695¬11M¬NHS Gloucestershire CCG¬01453823144¬¬¬01453 821393
16256¬L84615¬GP¬UNKNOWN¬Visible¬True¬True¬Newnham Surgery¬High Street¬Newnham On Severn¬¬Newnham¬Gloucestershire¬GL14 1BE¬51.804817199707031¬-2.4485499858856201¬11M¬NHS Gloucestershire CCG¬01594516241¬¬¬01594 516801
16257¬L84615001¬GP¬UNKNOWN¬Visible¬True¬True¬Dr Alder TJ & Partner¬Westbury On Severn¬Glos¬¬Westbury-On-Severn¬Gloucestershire¬GL14 1PB¬51.823402404785156¬-2.4107496738433838¬11M¬NHS Gloucestershire CCG¬01452760314¬¬¬01452 760849
16258¬L84616¬GP¬UNKNOWN¬Visible¬True¬True¬Crescent Bakery¬St Georges Place¬¬¬Cheltenham¬Gloucestershire¬GL50 3PN¬51.900417327880859¬-2.0793521404266357¬11M¬NHS Gloucestershire CCG¬01242226336¬¬http://www.crescentbakerysurgery.nhs.uk/¬01242 253587
16259¬L84617¬GP¬UNKNOWN¬Visible¬True¬True¬Quedgeley Medical Centre¬Olympus Park¬Quedgeley¬¬Gloucester¬Gloucestershire¬GL2 4NF¬51.830234527587891¬-2.2750437259674072¬11M¬NHS Gloucestershire CCG¬01452728882¬¬http://www.quedgeleymedicalcentre.nhs.uk¬01452 726038
16260¬Y02519001¬GP¬UNKNOWN¬Visible¬True¬True¬Matson Lane Surgery¬Matson Lane Surgery¬Taylor House 4 Matson Lane¬¬Matson¬Gloucestershire¬GL4 6DX¬51.836742401123047¬-2.2211370468139648¬11M¬NHS Gloucestershire CCG¬01452 505344¬¬¬01452 539052
16261¬L85001¬GP¬UNKNOWN¬Visible¬True¬True¬French Weir Health Centre¬French Weir Avenue¬¬¬Taunton¬Somerset¬TA1 1NW¬51.019199371337891¬-3.1128814220428467¬11X¬NHS Somerset CCG¬01823331381¬french.weir@frenchweirhealth.nhs.uk¬¬01823 323689
16262¬L85002¬GP¬UNKNOWN¬Visible¬True¬True¬Wells Health Centre Partnership¬Priory Health Park¬Glastonbury Road¬¬Wells¬Somerset¬BA5 1XJ¬51.203414916992188¬-2.6553089618682861¬11X¬NHS Somerset CCG¬01749672137¬¬http://www.wellshealthcentre.co.uk¬
16263¬L85003¬GP¬UNKNOWN¬Visible¬True¬True¬Exmoor Medical Centre¬Oldberry House¬Fishers Mead¬¬Dulverton¬Somerset¬TA22 9EN¬51.03851318359375¬-3.5448117256164551¬11X¬NHS Somerset CCG¬01398323333¬somccg.exmoormc.receptionteam@nhs.net¬http://www.exmoormedicalcentre.co.uk¬01398 324030
16264¬L85004¬GP¬UNKNOWN¬Visible¬True¬True¬Crewkerne Health Centre¬Middle Path¬¬¬Crewkerne¬Somerset¬TA18 8BX¬50.880634307861328¬-2.7981598377227783¬11X¬NHS Somerset CCG¬0146072435¬louise.walker@crewkernehc.nhs.uk¬http://www.crewkernehc.co.uk¬01460 77957
16265¬L85066¬GP¬UNKNOWN¬Visible¬True¬True¬Buttercross Health Centre¬Behind Berry¬¬¬Somerton¬Somerset¬TA11 7PB¬51.055736541748047¬-2.7309253215789795¬11X¬NHS Somerset CCG¬1458272473¬somccg.buttercrossadmin@nhs.net¬http://www.buttercrosshc.nhs.uk/¬01458 274461
16266¬L85006¬GP¬UNKNOWN¬Visible¬True¬True¬Crown Medical Centre¬Crown Industrial Estate¬Venture Way¬¬Taunton¬Somerset¬TA2 8QY¬51.029121398925781¬-3.0809478759765625¬11X¬NHS Somerset CCG¬01823282151¬crownmc.contact@nhs.net¬http://www.crownmedicalcentre.co.uk/¬
16267¬L85007001¬GP¬UNKNOWN¬Visible¬True¬True¬South Petherton Surgery¬South Petherton Medical Centre¬Bernard Way¬¬South Petherton¬Somerset¬TA13 5EG¬50.952640533447266¬-2.7977867126464844¬11X¬NHS Somerset CCG¬01460240707¬¬http://www.southpethertonsurgery.co.uk¬01460 241441
16268¬L85007¬GP¬UNKNOWN¬Visible¬True¬True¬Church Street Surgery, Martock¬Church Street¬¬¬Martock¬Somerset¬TA12 6JL¬50.968952178955078¬-2.766535758972168¬11X¬NHS Somerset CCG¬01460 240707¬¬http://www.martocksurgery.co.uk¬
16270¬L85031001¬GP¬UNKNOWN¬Visible¬True¬True¬Templecombe Surgery¬Rock House¬Station Road¬¬Templecombe¬Somerset¬BA8 0JR¬51.001663208007812¬-2.4166717529296875¬11X¬NHS Somerset CCG¬01963 370224¬¬http://www.milborneportsurgery.nhs.uk¬
16271¬L85008¬GP¬UNKNOWN¬Visible¬True¬True¬Frome Medical Practice¬Frome Medical Centre- Enos Way¬¬¬Frome¬Somerset¬BA11 2FH¬51.237319946289063¬-2.3115544319152832¬11X¬NHS Somerset CCG¬01373301301¬frome.medicalpractice@nhs.net¬http://www.fromemedicalpractice.co.uk/¬
16272¬L85009001¬GP¬UNKNOWN¬Visible¬True¬True¬Watchet Surgery¬55 Swain Street¬¬¬Watchet¬Somerset¬TA23 0AG¬51.181251525878906¬-3.3299586772918701¬11X¬NHS Somerset CCG¬01984632701¬somccg.williton.surgery@nhs.net¬https://www.westsomersethealthcare.co.uk/¬
16273¬L85009¬GP¬UNKNOWN¬Visible¬True¬True¬West Somerset Healthcare¬Robert Street¬Williton¬¬Taunton¬Somerset¬TA4 4QE¬51.161426544189453¬-3.318662166595459¬11X¬NHS Somerset CCG¬01984632701¬somccg.generalpractice@nhs.net¬https://www.westsomersethealthcare.co.uk/¬
16274¬L85010¬GP¬UNKNOWN¬Visible¬True¬True¬Highbridge Medical Centre¬Pepperall Road¬¬¬Highbridge¬Somerset¬TA9 3YA¬51.227382659912109¬-2.9790935516357422¬11X¬NHS Somerset CCG¬01278783220¬generalenquiries@highbridgemc.nhs.uk¬http://www.highbridgemc.co.uk¬01278 795486
16275¬L85011¬GP¬UNKNOWN¬Visible¬True¬True¬Cheddar Medical Centre¬Roynon Way¬¬¬Cheddar¬Somerset¬BS27 3NZ¬51.274677276611328¬-2.7755248546600342¬11X¬NHS Somerset CCG¬01934742061¬cheddarmc.chedmed@nhs.net¬http://www.chedmed.nhs.uk¬01934 744374
16276¬L85012¬GP¬UNKNOWN¬Visible¬True¬True¬Wellington Medical Centre¬Mantle Street¬¬¬Wellington¬Somerset¬TA21 8BD¬50.975227355957031¬-3.2344598770141602¬11X¬NHS Somerset CCG¬01823663551¬somccg.wmcreception@nhs.net¬http://www.wellingtonmedicalcentre.co.uk/¬01823 660650
16277¬L85013¬GP¬UNKNOWN¬Visible¬True¬True¬The Quantock Medical Centre¬Banneson Road¬Nether Stowey¬¬Bridgwater¬Somerset¬TA5 1NW¬51.149215698242187¬-3.1541945934295654¬11X¬NHS Somerset CCG¬01278732696¬helen.putt@quantockmc.nhs.uk¬¬01278 733381
16278¬L85014¬GP¬UNKNOWN¬Visible¬True¬True¬Taunton Vale Healthcare¬Lisieux Way¬¬¬Taunton¬Somerset¬TA1 2LB¬51.014968872070313¬-3.0808753967285156¬11X¬NHS Somerset CCG¬01823259444¬reception@blackbrooksurgery.nhs.uk¬http://www.tauntonvalehealthcare.co.uk/¬01823 250200
16279¬L85015¬GP¬UNKNOWN¬Visible¬True¬True¬Preston Grove Medical Centre - Yeovil¬Preston Grove¬¬¬Yeovil¬Somerset¬BA20 2BQ¬50.941856384277344¬-2.6442651748657227¬11X¬NHS Somerset CCG¬01935474353¬preston.grove@prestongrovemc.nhs.uk¬http://www.prestongrovemedicalcentre.co.uk¬01935 425171
16280¬L85016¬GP¬UNKNOWN¬Visible¬True¬True¬Burnham & Berrow Medical Centre¬Love Lane¬¬¬Burnham On Sea¬Somerset¬TA8 1EU¬51.238121032714844¬-2.9929299354553223¬11X¬NHS Somerset CCG¬01278795445¬somccg.enquiries-burnhammc@nhs.net¬http://www.burnhamandberrowmedicalcentre.co.uk/¬
16281¬L85016001¬GP¬UNKNOWN¬Visible¬True¬True¬Berrow Branch Surgery¬Berrow Health Campus¬Brent Road¬Burnham-On-Sea¬Berrow¬Somerset¬TA8 2JU¬51.259239196777344¬-2.9984297752380371¬11X¬NHS Somerset CCG¬01278795445¬somccg.enquiries-burnhammc@nhs.net¬http://www.burnhamandberrowmedicalcentre.co.uk¬
16282¬L85017¬GP¬UNKNOWN¬Visible¬True¬True¬Penn Hill Surgery, Yeovil¬2 St Nicholas Close¬¬¬Yeovil¬Somerset¬BA20 1SB¬50.939479827880859¬-2.6327183246612549¬11X¬NHS Somerset CCG¬01935470800¬¬¬01935 470802
16283¬L85018¬GP¬UNKNOWN¬Visible¬True¬True¬Cannington Health Centre¬Mill Lane¬Cannington¬¬Bridgwater¬Somerset¬TA5 2HB¬51.149768829345703¬-3.0646350383758545¬11X¬NHS Somerset CCG¬01278652335¬somccg.canningtonhc-reception@nhs.net¬https://www.canningtonhc.nhs.uk/¬
16284¬L85019¬GP¬UNKNOWN¬Visible¬True¬True¬Harley House Surgery¬2 Irnham Road¬¬¬Minehead¬Somerset¬TA24 5DL¬51.204372406005859¬-3.4768631458282471¬11X¬NHS Somerset CCG¬01643703441¬somccg.harleyhouse-admin@nhs.net¬http://www.harleyhousesurgery.co.uk/¬01643 704867
16285¬L85020¬GP¬UNKNOWN¬Visible¬True¬True¬Beckington Family Practice¬St Luke's Road¬Beckington¬¬Frome¬Somerset¬BA11 6SE¬51.266487121582031¬-2.2815375328063965¬11X¬NHS Somerset CCG¬01373830316¬¬http://www.beckingtonfamilypractice.co.uk¬
16286¬L85021¬GP¬UNKNOWN¬Visible¬True¬True¬College Way Surgery¬Comeytrowe Centre¬¬¬Taunton¬Somerset¬TA1 4TY¬51.005252838134766¬-3.1212844848632813¬11X¬NHS Somerset CCG¬01823259333¬¬http://www.collegewaysurgery.nhs.uk¬01823 259336
16287¬L85022¬GP¬UNKNOWN¬Visible¬True¬True¬Hendford Lodge Medical Centre, Yeovil¬74 Hendford¬¬¬Yeovil¬Somerset¬BA20 1UJ¬50.938297271728516¬-2.6376230716705322¬11X¬NHS Somerset CCG¬01935470200¬somccg.hendfordlodge-contact@nhs.net¬https://diamondhealthgroup.nhs.uk¬
16288¬L85023¬GP¬UNKNOWN¬Visible¬True¬True¬St James Medical Centre¬Coal Orchard¬¬¬Taunton¬Somerset¬TA1 1JP¬51.01812744140625¬-3.1017923355102539¬11X¬NHS Somerset CCG¬01823285400¬contact.stjames@nhs.net¬http://www.stjamesmedicalcentre.co.uk¬01823 285405
16289¬L85023001¬GP¬UNKNOWN¬Visible¬True¬True¬Orchard Medical Centre¬Norton Mills, Morse Road¬¬¬Taunton¬Somerset¬TA2 6DG¬51.026123046875¬-3.1490092277526855¬11X¬NHS Somerset CCG¬01823 285400¬¬http://www.stjamesmedicalcentre.co.uk¬
16290¬L85024¬GP¬UNKNOWN¬Visible¬True¬True¬Edington Surgery¬Edington¬¬¬Bridgwater¬Somerset¬TA7 9HA¬51.150222778320313¬-2.8757765293121338¬11X¬NHS Somerset CCG¬01278722077¬¬http://www.poldenmp.nhs.uk¬
16291¬L85025001¬GP¬UNKNOWN¬Visible¬True¬True¬Westonzoyland Surgery¬4 Cheer Lane¬Westonzoyland¬¬Bridgwater¬Somerset¬TA7 0EY¬51.110759735107422¬-2.9251425266265869¬11X¬NHS Somerset CCG¬01278691233¬reception@cranleighgardensmc.nhs.uk¬www.cranleighgardensmc.co.uk¬
16292¬L85025¬GP¬UNKNOWN¬Visible¬True¬True¬Cranleigh Gardens Medical Centre¬Cranleigh Gardens¬¬¬Bridgwater¬Somerset¬TA6 5JS¬51.127506256103516¬-2.9959430694580078¬11X¬NHS Somerset CCG¬01278433335¬somccg.reception-cgmc@nhs.net¬http://www.cranleighgardensmc.co.uk¬01278 422123
16293¬L85026¬GP¬UNKNOWN¬Visible¬True¬True¬Hamdon Medical Centre, Stoke-Sub-Hamdon¬Matts Lane¬¬¬Stoke Sub Hamdon¬Somerset¬TA14 6QE¬50.951511383056641¬-2.7529492378234863¬11X¬NHS Somerset CCG¬01935822236¬¬¬01935 827012
16294¬L85027¬GP¬UNKNOWN¬Visible¬True¬True¬Wincanton Health Centre¬Dykes Way¬¬¬Wincanton¬Somerset¬BA9 9FQ¬51.052940368652344¬-2.420217752456665¬11X¬NHS Somerset CCG¬01963435700¬wincanton.hc@nhs.net¬http://www.wincantonhealth.co.uk¬
16295¬L85028¬GP¬UNKNOWN¬Visible¬True¬True¬Springmead Surgery, Chard¬Summerfields Road¬¬¬Chard¬Somerset¬TA20 2EW¬50.869575500488281¬-2.9679524898529053¬11X¬NHS Somerset CCG¬0146063380¬somccg.springmeadsurgery@nhs.net¬https://www.springmeadsurgery.nhs.uk¬
16296¬L85029¬GP¬UNKNOWN¬Visible¬True¬True¬L85029 - Vine Surgery Partnership¬Vine Health Park¬Hindhayes Lane¬¬Street¬Somerset¬BA16 0ET¬51.126194000244141¬-2.7378389835357666¬11X¬NHS Somerset CCG¬01458841122¬sharon.morgan23@nhs.net¬https://www.vinesurgery.nhs.uk¬01458 840044
16297¬L85030¬GP¬UNKNOWN¬Visible¬True¬True¬Essex House Medical Centre¬Essex House Medical Centre¬59 Fore Street¬¬Chard¬Somerset¬TA20 1QA¬50.873035430908203¬-2.9617278575897217¬11X¬NHS Somerset CCG¬01460 63071¬somccg.essexhouse@nhs.net¬http://www.essexhousemedicalcentre.co.uk/¬
16298¬L85031¬GP¬UNKNOWN¬Visible¬True¬True¬Milborne Port Surgery¬Gainsborough¬Milborne Port¬¬Sherborne¬Dorset¬DT9 5FH¬50.967506408691406¬-2.4719483852386475¬11X¬NHS Somerset CCG¬01963250334¬patcauser@nhs.net¬http://www.milborneportsurgery.nhs.uk¬01963 251180
16299¬L85032¬GP¬UNKNOWN¬Visible¬True¬True¬Bruton Surgery¬Bruton Surgery¬Patwell Lane¬¬Bruton¬Somerset¬BA10 0EG¬51.112628936767578¬-2.451624870300293¬11X¬NHS Somerset CCG¬01749 812310¬somccg.secretaries-brutonsurgery@nhs.net¬http://www.brutonsurgery.org¬01749 812938
16300¬L85033¬GP¬UNKNOWN¬Visible¬True¬True¬Langport Surgery¬North Street¬¬¬Langport¬Somerset¬TA10 9RH¬51.037998199462891¬-2.8275468349456787¬11X¬NHS Somerset CCG¬01458250464¬langport.surgery@nhs.net¬http://www.langportsurgery.co.uk¬
16301¬L85034¬GP¬UNKNOWN¬Visible¬True¬True¬Wells City Practice¬Priory Medical Centre¬Priory Health Park¬¬Glastonbury Road¬¬BA5 1XJ¬51.203414916992188¬-2.6553089618682861¬11X¬NHS Somerset CCG¬01749601333¬¬http://www.wellscitypractice.co.uk¬01749 671492
16302¬L85035¬GP¬UNKNOWN¬Visible¬True¬True¬East Quay Medical Centre¬East Quay¬¬¬Bridgwater¬Somerset¬TA6 4GP¬51.135677337646484¬-3.0004496574401855¬11X¬NHS Somerset CCG¬01278444666¬¬http://www.eastquaymedicalcentre.com¬01278 440404
16303¬L85036¬GP¬UNKNOWN¬Visible¬True¬True¬Dr Sewell, Piotrowski & Yick¬Mount Street¬Bishops Lydeard¬¬Taunton¬Somerset¬TA4 3LH¬51.0577392578125¬-3.1870913505554199¬11X¬NHS Somerset CCG¬01823432361¬reception@quantockvalesurgery.nhs.uk¬http://www.quantockvalesurgery.nhs.uk/welcome,29687.htm¬01823 433864
16304¬L85037¬GP¬UNKNOWN¬Visible¬True¬False¬North Curry Health Centre¬Greenway¬North Curry¬¬Taunton¬Somerset¬TA3 6NQ¬51.019737243652344¬-2.9728446006774902¬11X¬NHS Somerset CCG¬01823490505¬reception.northcurryhc@nhs.net¬http://www.northcurryhealthcentre.co.uk¬
16306¬L85038¬GP¬UNKNOWN¬Visible¬True¬True¬Lister House Surgery Wiveliscombe¬Croft Way¬Wiveliscombe¬¬Taunton¬Somerset¬TA4 2BF¬51.041225433349609¬-3.3136625289916992¬11X¬NHS Somerset CCG¬01984623471¬listerhouse.partnership@nhs.net¬http://www.wiveliscombesurgery.co.uk¬01984 624357
16307¬L85039¬GP¬UNKNOWN¬Visible¬True¬True¬Glastonbury Surgery¬¬Feversham Lane¬¬Glastonbury¬Somerset¬BA6 9LP¬51.148468017578125¬-2.7218387126922607¬11X¬NHS Somerset CCG¬01458833666¬¬http://www.glastonburysurgery.co.uk¬
16308¬L85040¬GP¬UNKNOWN¬Visible¬True¬True¬Millbrook Surgery - Castle Cary¬Millbrook Gardens¬¬¬Castle Cary¬Somerset¬BA7 7EE¬51.087623596191406¬-2.5171458721160889¬11X¬NHS Somerset CCG¬01963 350210¬somccg.millbrook.surgery1@nhs.net¬https://www.millbrook-surgery.nhs.uk¬01963 350366
16310¬L85042¬GP¬UNKNOWN¬Visible¬True¬True¬Taunton Road Medical Centre¬12-16 Taunton Road¬¬¬Bridgwater¬Somerset¬TA6 3LS¬51.124687194824219¬-3.001612663269043¬11X¬NHS Somerset CCG¬01278720000 (ext. 221)¬tracey.pike@nhs.net¬http://www.trmc.co.uk¬01278 423691
16311¬L85043001¬GP¬UNKNOWN¬Visible¬True¬True¬Evercreech Surgery¬Prestleigh Road¬Evercreech¬¬Shepton Mallet¬Somerset¬BA4 6JY¬51.14935302734375¬-2.506927490234375¬11X¬NHS Somerset CCG¬01749830325¬¬¬01749 830604
16312¬L85043¬GP¬UNKNOWN¬Visible¬True¬True¬Park Medical Practice¬Cannards Grave Road¬¬¬Shepton Mallet¬Somerset¬BA4 5RT¬51.186042785644531¬-2.5467061996459961¬11X¬NHS Somerset CCG¬01749334383¬thelma.thompson@parkmedicalpractice.nhs.uk¬http://www.theparkmedicalpractice.co.uk/¬01749 334393
16313¬L85044¬GP¬UNKNOWN¬Visible¬True¬True¬Queen Camel Medical Centre¬West Camel Road¬Queen Camel¬¬YEOVIL¬Somerset¬BA22 7LT¬51.018177032470703¬-2.5796713829040527¬11X¬NHS Somerset CCG¬01935850225¬somccg.qcmc@nhs.net¬http://www.queencamelmedicalcentre.co.uk¬01935 851247
16315¬L85046¬GP¬UNKNOWN¬Visible¬True¬True¬Mendip Country Practice¬Church Street¬Coleford¬¬Radstock¬Somerset¬BA3 5NQ¬51.241348266601563¬-2.450465202331543¬11X¬NHS Somerset CCG¬01373812244¬reception@mendipcp.nhs.uk¬www.mendipcp.co.uk¬01373 813390
16316¬L85047¬GP¬UNKNOWN¬Visible¬True¬True¬Glastonbury Health Centre¬1 Wells Road¬¬¬Glastonbury¬Somerset¬BA6 9DD¬51.148738861083984¬-2.712878942489624¬11X¬NHS Somerset CCG¬01458 834100¬enquiries.ghc@nhs.net¬http://www.glastonburyhealthcentre.nhs.uk/¬
16317¬L85048¬GP¬UNKNOWN¬Visible¬True¬True¬Ryalls Park Medical Centre - Yeovil¬Marsh Lane¬¬¬Yeovil¬Somerset¬BA21 3BA¬50.951835632324219¬-2.6408584117889404¬11X¬NHS Somerset CCG¬01935434000¬somccg.contact-rpmc@nhs.net¬https://www.ryallsparkmc.nhs.uk/¬01935 473531
16318¬L85050¬GP¬UNKNOWN¬Visible¬True¬True¬Luson Surgery¬41 Fore Street¬¬¬Wellington¬Somerset¬TA21 8AG¬50.977409362792969¬-3.2295410633087158¬11X¬NHS Somerset CCG¬01823662836¬luson.reception@nhs.net¬http://www.lusonsurgery.co.uk¬01823 660955
16319¬L85051¬GP¬UNKNOWN¬Visible¬True¬True¬Redgate Medical Centre¬Westonzoyland Road¬Westonzoyland Road¬¬Bridgwater¬Somerset¬TA6 5BF¬51.126388549804687¬-2.987645149230957¬11X¬NHS Somerset CCG¬01278454560¬somccg.admin.redgatemc@nhs.net¬http://www.redgatemedicalcentre.co.uk/¬01278 446816
16320¬L85052¬GP¬UNKNOWN¬Visible¬True¬True¬Warwick House Medical Practice¬Upper Holway Road¬¬¬Taunton¬Somerset¬TA1 2QA¬51.006828308105469¬-3.0781347751617432¬11X¬NHS Somerset CCG¬01823282147¬mandy.stewart@warwickhousemc.nhs.uk¬http://www.warwickhouse.org.uk¬01823 338181
16321¬L85053¬GP¬UNKNOWN¬Visible¬True¬True¬Grove House Surgery¬West Shepton¬¬¬Shepton Mallet¬Somerset¬BA4 5UH¬51.187328338623047¬-2.5577247142791748¬11X¬NHS Somerset CCG¬01749342314¬reception.grovehouse@nhs.net¬http://www.grovehousesurgery.nhs.uk¬01749 344016
16322¬L85054¬GP¬UNKNOWN¬Visible¬True¬True¬Summervale Surgery¬Canal Way¬¬¬Ilminster¬Somerset¬TA19 9FE¬50.925819396972656¬-2.9202208518981934¬11X¬NHS Somerset CCG¬0146052354¬susan.harris@summervaleilm.nhs.uk¬¬01460 52652
16323¬L85055001¬GP¬UNKNOWN¬Visible¬True¬True¬Wedmore Surgery¬St Medard Road¬Wedmore¬¬Wedmore¬Somerset¬BS28 4AN¬51.227371215820313¬-2.8136827945709229¬11X¬NHS Somerset CCG¬01934712774¬¬http://www.axbridgewedmoredoctors.co.uk¬01934 713799
16324¬L85055¬GP¬UNKNOWN¬Visible¬True¬True¬Axbridge & Wedmore Medical Practice¬Houlgate Way¬¬¬Axbridge¬Somerset¬BS26 2BJ¬51.286285400390625¬-2.8203880786895752¬11X¬NHS Somerset CCG¬01934732464¬¬https://www.axbridgeandwedmoremedicalpractice.nhs.uk¬01934 733488
16325¬L85056¬GP¬UNKNOWN¬Visible¬True¬True¬North Petherton Surgery¬Mill Street¬North Petherton¬¬Bridgwater¬Somerset¬TA6 6LX¬51.091400146484375¬-3.0139017105102539¬11X¬NHS Somerset CCG¬01278662223¬lesley.mildren@nhs.net¬¬01278 663727
16328¬L85061¬GP¬UNKNOWN¬Visible¬True¬True¬The Meadows Surgery¬Canal Way¬Ilminster Medical Centre¬Canal Way¬Ilminster¬Somerset¬TA19 9FE¬50.924903869628906¬-2.9194581508636475¬11X¬NHS Somerset CCG¬0146052284¬katie.packham@meadowssurgeryilm.nhs.uk¬http://www.themeadowssurgery.co.uk¬01460 57233
16329¬L85062¬GP¬UNKNOWN¬Visible¬True¬True¬Lyngford Park¬Fletcher Close¬¬¬Taunton¬Somerset¬TA2 8SQ¬51.036445617675781¬-3.09090256690979¬11X¬NHS Somerset CCG¬01823333355¬somccg.enquiries.lyngfordpark@nhs.net¬http://www.lyngford.co.uk¬01823 257022
16330¬L85064¬GP¬UNKNOWN¬Visible¬True¬True¬Oaklands Surgery¬Birchfield Road¬¬¬Yeovil¬Somerset¬BA21 5RL¬50.954246520996094¬-2.6174004077911377¬11X¬NHS Somerset CCG¬01935709269¬¬http://www.oaklandssurgeryyeovil.co.uk/¬
16331¬L85065¬GP¬UNKNOWN¬Visible¬True¬True¬Dunster Surgery¬West Street¬Dunster¬¬Minehead¬Somerset¬TA24 6SN¬51.181606292724609¬-3.4469335079193115¬11X¬NHS Somerset CCG¬01643821244¬somccg.reception-dunstersurgery@nhs.net¬http://www.dunsterandporlocksurgeries.co.uk/index.aspx¬01643 821770
16332¬L85066001¬GP¬UNKNOWN¬Visible¬True¬True¬The Ilchester Surgery¬17 Church Street¬Ilchester¬¬Yeovil¬Somerset¬BA22 8LN¬51.001583099365234¬-2.6821177005767822¬11X¬NHS Somerset CCG¬1935840207¬¬http://www.ilchestersurgery.co.uk/¬01935 840002
16333¬L85601¬GP¬UNKNOWN¬Visible¬True¬False¬Brent Area Medical Centre¬Anvil House¬Brent Road¬East Brent¬Highbridge¬Somerset¬TA9 4JD¬51.263389587402344¬-2.9372050762176514¬11X¬NHS Somerset CCG¬01278760313¬¬www.brentareamedicalcentre.co.uk¬01278 761980
16335¬L85607¬GP¬UNKNOWN¬Visible¬True¬True¬Somerset Bridge Medical Centre¬Stockmoor Park¬Taunton Road¬¬Bridgwater¬Somerset¬TA6 6LD¬51.115116119384766¬-2.9958624839782715¬11X¬NHS Somerset CCG¬01278411520¬kathy.bartley@somersetbridgemc.nhs.uk¬http://www.somersetbridgemc.co.uk/somersetbridge/¬01278 411539
16336¬L85065001¬GP¬UNKNOWN¬Visible¬True¬True¬Porlock Medical Centre¬Porlock¬¬¬Minehead¬Somerset¬TA24 8PJ¬51.209941864013672¬-3.5964703559875488¬11X¬NHS Somerset CCG¬1643862575¬g.langley@nhs.net¬¬01643 862571
16337¬L85609¬GP¬UNKNOWN¬Visible¬True¬True¬Creech Medical Centre¬Creech St Michael¬Hyde Lane¬¬Taunton¬Somerset¬TA3 5FA¬51.028545379638672¬-3.0455837249755859¬11X¬NHS Somerset CCG¬01823442357¬somccg.enquiries-creechmc@nhs.net¬http://www.creechmc.gpsurgery.net¬
16338¬L85611¬GP¬UNKNOWN¬Visible¬True¬False¬Oakhill Surgery¬Pondsmead¬Shepton Road¬Oakhill¬Radstock¬Somerset¬BA3 5HT¬51.223274230957031¬-2.5238776206970215¬11X¬NHS Somerset CCG¬01749840233¬oakhill.surgery@oakhill.nhs.uk¬http://www.oakhillsurgery.co.uk¬01749 840768
16339¬L85612¬GP¬UNKNOWN¬Visible¬True¬True¬Victoria Park Medical Centre¬Victoria Park Drive¬¬¬Bridgwater¬Somerset¬TA6 7AS¬51.130596160888672¬-3.0121874809265137¬11X¬NHS Somerset CCG¬01278437100¬¬http://www.vpmc.co.uk¬01278 437103
16341¬L85619¬GP¬UNKNOWN¬Visible¬True¬True¬Tawstock Medical Centre, Chard¬St Marys Crescent¬¬¬Chard¬Somerset¬TA20 2DZ¬50.867866516113281¬-2.9655177593231201¬11X¬NHS Somerset CCG¬01460 67763¬somccg.tawstock-admin@nhs.net¬http://www.tawstockmc.co.uk/¬01460 66044
16343¬L85624¬GP¬UNKNOWN¬Visible¬True¬True¬Church View Medical Centre¬Broadway Road¬Broadway¬¬Ilminster¬Somerset¬TA19 9RX¬50.935626983642578¬-2.9603147506713867¬11X¬NHS Somerset CCG¬0146055300¬¬http://www.churchview.gpsurgery.net¬01460 53999
16367¬M81001¬GP¬UNKNOWN¬Visible¬True¬True¬St Stephens Surgery¬Adelaide Street¬¬¬Redditch¬Worcestershire¬B97 4AL¬52.307628631591797¬-1.9432828426361084¬18C¬NHS Herefordshire And Worcestershire CCG¬01527595600¬m81001.ststephens@nhs.net¬¬01527 69218
16368¬M81002¬GP¬UNKNOWN¬Visible¬True¬True¬Elgar House Surgery¬Church Road¬¬¬Redditch¬Worcestershire¬B97 4AB¬52.308376312255859¬-1.9423578977584839¬18C¬NHS Herefordshire And Worcestershire CCG¬0152769261¬¬http://www.elgarhousesurgery.co.uk¬
16369¬M81003¬GP¬UNKNOWN¬Visible¬True¬True¬Westfield Surgery¬The Health Centre Westfield Walk¬¬¬Leominster¬Herefordshire¬HR6 8HD¬52.225955963134766¬-2.7445030212402344¬18C¬NHS Herefordshire And Worcestershire CCG¬01568612229¬¬¬01568 610340
16370¬M81004¬GP¬UNKNOWN¬Visible¬True¬True¬Riverside Surgery¬Dr Swindlehurst & Partners¬Waterside¬¬Evesham¬Worcestershire¬WR11 1JP¬52.086639404296875¬-1.9478675127029419¬18C¬NHS Herefordshire And Worcestershire CCG¬01386444400¬¬http://www.riversidesurgery.co.uk¬
16371¬M81005¬GP¬UNKNOWN¬Visible¬True¬True¬Northumberland House Surgery¬Hume Street Medical Centre¬Hume Street¬¬Kidderminster¬Worcestershire¬DY11 6SF¬52.384193420410156¬-2.2610807418823242¬18C¬NHS Herefordshire And Worcestershire CCG¬01562757377¬reception.northhouse@nhs.net¬http://www.northumberlandhousesurgery.co.uk¬01562 863010
16372¬M81006001¬GP¬UNKNOWN¬Visible¬True¬True¬Lyppard Grange Medical Centre¬Ankerage Green¬Off Millwood Drive¬¬Warndon¬Worcestershire¬WR4 0DZ¬52.20001220703125¬-2.1779022216796875¬18C¬NHS Herefordshire And Worcestershire CCG¬01905616977¬worc-pct.gpm81006@nhs.net¬www.severnvalleymedicalpractice.co.uk¬01905 617200
16373¬M81006¬GP¬UNKNOWN¬Visible¬True¬True¬Severn Valley Medical Practice¬Henwick Halt Medical Centre¬1 Ingles Drive¬St John's¬Worcester¬Worcestershire¬WR2 5HL¬52.190418243408203¬-2.2350311279296875¬18C¬NHS Herefordshire And Worcestershire CCG¬01905422883¬worc-pct.gpm81006@nhs.net¬www.severnvalleymedicalpractice.co.uk¬01905 423639
16374¬M81007¬GP¬UNKNOWN¬Visible¬True¬True¬Bredon Hill Surgery¬Main Road¬Bredon Tewkesbury¬¬Tewkesbury¬Gloucestershire¬GL20 7QN¬52.030170440673828¬-2.1048424243927002¬18C¬NHS Herefordshire And Worcestershire CCG¬01684773444¬sowoccg.bredonhillsurgery@nhs.net¬http://www.bredonsurgery.nhs.uk¬
16375¬M81007001¬GP¬UNKNOWN¬Visible¬True¬True¬Bredon Hill Surgery¬Main Road¬Beckford¬¬Bredon¬Gloucestershire¬GL20 7QN¬52.030170440673828¬-2.1048424243927002¬18C¬NHS Herefordshire And Worcestershire CCG¬01684773444¬¬¬01684 772315
16376¬M81008¬GP¬UNKNOWN¬Visible¬True¬True¬Spring Gardens Group Medical Practice¬Spring Gardens Health Centre¬Spring Gardens¬¬Worcester¬Worcestershire¬WR1 2BS¬52.191669464111328¬-2.2163569927215576¬18C¬NHS Herefordshire And Worcestershire CCG¬01905744400¬¬http://www.springgardensmedicalpractice.co.uk¬01905 23144
16377¬M81009001¬GP¬UNKNOWN¬Visible¬True¬True¬Peterchurch Surgery¬Closure Place¬Peterchurch¬¬Hereford¬Herefordshire¬HR2 0RS¬52.040439605712891¬-2.9555904865264893¬18C¬NHS Herefordshire And Worcestershire CCG¬01981550322¬golden.valley@nhs.net¬www.goldenvalleypractice.co.uk¬01981 550635
16378¬M81009¬GP¬UNKNOWN¬Visible¬True¬True¬Golden Valley Practice¬Ewyas Harold¬¬¬Hereford¬Herefordshire¬HR2 0EU¬51.952667236328125¬-2.8918366432189941¬18C¬NHS Herefordshire And Worcestershire CCG¬01981240320¬golden.valley@nhs.net¬http://www.goldenvalleypractice.co.uk¬01981 241023
16379¬M81010¬GP¬UNKNOWN¬Visible¬True¬True¬Kidderminster Medical Centre¬Waterloo Street¬Bromsgrove Street¬Kidderminster¬Kidderminster¬Worcestershire¬DY10 2BG¬52.389045715332031¬-2.2464745044708252¬18C¬NHS Herefordshire And Worcestershire CCG¬01562546740¬¬¬
16380¬M81011¬GP¬UNKNOWN¬Visible¬True¬True¬Ombersley Medical Centre¬Main Road¬Ombersley¬¬Droitwich¬Worcestershire¬WR9 0EL¬52.276557922363281¬-2.2290089130401611¬18C¬NHS Herefordshire And Worcestershire CCG¬01905622900¬ombersleymedicalcentre@nhs.net¬http://www.ombersleymedicalcentre.co.uk¬01905 621188
16381¬M81012¬GP¬UNKNOWN¬Visible¬True¬True¬Ledbury Health Partnership¬Market Street¬¬¬Ledbury¬Herefordshire¬HR8 2AQ¬52.036308288574219¬-2.4256443977355957¬18C¬NHS Herefordshire And Worcestershire CCG¬01531 825925¬ledbury.healthpartnership@nhs.net¬http://www.ledburyhealthpartnership.com¬
16384¬M81026003¬GP¬UNKNOWN¬Visible¬True¬True¬Greyfriars Surgery¬25 St Nicholas Street¬¬¬Hereford¬Herefordshire¬HR4 0BH¬52.053775787353516¬-2.7199649810791016¬18C¬NHS Herefordshire And Worcestershire CCG¬01432265717¬marcia.martin@nhs.net¬¬01432 371735
16385¬M81015¬GP¬UNKNOWN¬Visible¬True¬True¬Stanmore House Surgery¬Linden Avenue¬¬¬Kidderminster¬Worcestershire¬DY10 3AA¬52.391143798828125¬-2.2314536571502686¬18C¬NHS Herefordshire And Worcestershire CCG¬01562822647¬¬http://www.stanmorehousesurgery.co.uk¬
16386¬M81016¬GP¬UNKNOWN¬Visible¬True¬True¬The Marches Surgery¬Westfield Walk¬¬¬Leominster¬Herefordshire¬HR6 8HD¬52.226146697998047¬-2.7445776462554932¬18C¬NHS Herefordshire And Worcestershire CCG¬01568 614141¬¬http://www.marchessurgery.co.uk/¬01568 610293
16387¬M81017¬GP¬UNKNOWN¬Visible¬True¬True¬Elbury Moor Medical Centre¬Fairfield Close¬¬¬Worcester¬Worcestershire¬WR4 9TX¬52.205921173095703¬-2.1935834884643555¬18C¬NHS Herefordshire And Worcestershire CCG¬01905723441¬¬www.elburymoor.co.uk¬01905 727874
16388¬M81018¬GP¬UNKNOWN¬Visible¬True¬True¬Weobley Surgery¬Gadbridge Road¬Weobley¬¬Hereford¬Herefordshire¬HR4 8SN¬52.159263610839844¬-2.8718557357788086¬18C¬NHS Herefordshire And Worcestershire CCG¬01544318472¬¬http://www.weobleyandstauntonsurgeries.nhs.uk¬01544 319398
16389¬M81018001¬GP¬UNKNOWN¬Visible¬True¬True¬Staunton-On-Wye Surgery¬Staunton-On-Wye¬¬¬Hereford¬Herefordshire¬HR4 7LT¬52.101295471191406¬-2.9313418865203857¬18C¬NHS Herefordshire And Worcestershire CCG¬01981500227¬¬http://www.weobleyandstauntonsurgeries.nhs.uk¬01981 500604
16390¬M81019¬GP¬UNKNOWN¬Visible¬True¬True¬Winyates Health Centre¬Winyates¬¬¬Redditch¬Worcestershire¬B98 0NR¬52.303337097167969¬-1.8945404291152954¬18C¬NHS Herefordshire And Worcestershire CCG¬01527513888¬¬http://www.winyateshc.co.uk¬01527 513885
16391¬M81020¬GP¬UNKNOWN¬Visible¬True¬True¬The Dow Surgery¬William Street¬¬¬Redditch¬Worcestershire¬B97 4AJ¬52.307415008544922¬-1.9424325227737427¬18C¬NHS Herefordshire And Worcestershire CCG¬0152762285¬see website¬http://www.dowsurgery.co.uk¬01527 596260
16392¬M81021¬GP¬UNKNOWN¬Visible¬True¬True¬New Road Surgery Bromsgrove¬46 New Road¬¬¬Bromsgrove¬Worcestershire¬B60 2JS¬52.331325531005859¬-2.0561599731445313¬18C¬NHS Herefordshire And Worcestershire CCG¬01527575800¬¬http://www.newroadsurgery.com¬01527 571319
16393¬M81022¬GP¬UNKNOWN¬Visible¬True¬True¬Haresfield House Surgery¬Turnpike House Medical Centre¬37 Newtown Road¬¬Worcester¬Worcestershire¬WR5 1HG¬52.194820404052734¬-2.2029860019683838¬18C¬NHS Herefordshire And Worcestershire CCG¬01905368503¬¬¬0845 4502857
16394¬M81022001¬GP¬UNKNOWN¬Visible¬True¬True¬Kempsey Surgery¬Old Road North¬Kempsey¬¬Worcester¬Worcestershire¬WR5 3JZ¬52.142940521240234¬-2.2149221897125244¬18C¬NHS Herefordshire And Worcestershire CCG¬01905820466¬¬¬
16396¬M81024¬GP¬UNKNOWN¬Visible¬True¬True¬Much Birch Surgery¬Much Birch¬¬¬Hereford¬Herefordshire¬HR2 8HT¬51.970455169677734¬-2.7232284545898437¬18C¬NHS Herefordshire And Worcestershire CCG¬01981540310¬admin.muchbirch@nhs.net¬http://www.muchbirchsurgery.co.uk¬01981 540748
16397¬M81025¬GP¬UNKNOWN¬Visible¬True¬True¬New Road Surgery¬104-106 New Road¬Rubery¬¬Birmingham¬West Midlands¬B45 9HY¬52.392292022705078¬-2.0222187042236328¬18C¬NHS Herefordshire And Worcestershire CCG¬01214533584¬¬http://www.newroadsurgeryrubery.nhs.uk¬0121 4578443
16398¬M81026¬GP¬UNKNOWN¬Visible¬True¬True¬Moorfield House Surgery¬35 Edgar Street¬¬¬Hereford¬Herefordshire¬HR4 9JP¬52.058540344238281¬-2.7202603816986084¬18C¬NHS Herefordshire And Worcestershire CCG¬01432272175¬¬http://www.moorfieldhousesurgery.co.uk/¬01432 341942
16399¬M81026002¬GP¬UNKNOWN¬Visible¬True¬True¬Aylestone Hill Surgery¬Aylestone Hill¬¬¬Hereford¬Herefordshire¬HR1 1HR¬52.060657501220703¬-2.7046289443969727¬18C¬NHS Herefordshire And Worcestershire CCG¬01432263063¬¬http://www.moorfieldhousesurgery.co.uk/¬
16401¬M81027¬GP¬UNKNOWN¬Visible¬True¬True¬Hagley Surgery¬1 Victoria Passage¬Hagley Stourbridge¬¬Stourbridge¬West Midlands¬DY9 0NH¬52.420787811279297¬-2.1440885066986084¬18C¬NHS Herefordshire And Worcestershire CCG¬01562881700¬¬¬
16402¬M81029¬GP¬UNKNOWN¬Visible¬True¬True¬Barn Close Surgery¬38-40 High Street¬¬¬Broadway¬Worcestershire¬WR12 7DT¬52.036273956298828¬-1.8592338562011719¬18C¬NHS Herefordshire And Worcestershire CCG¬01386853651¬¬¬01386 853982
16403¬M81032001¬GP¬UNKNOWN¬Visible¬True¬True¬The Hampton Dene Surgery¬Gorsty Lane¬Tupsley¬¬Hereford¬Herefordshire¬HR1 1UN¬52.051258087158203¬-2.6820962429046631¬18C¬NHS Herefordshire And Worcestershire CCG¬01432264016¬cantilupe.administration@nhs.net¬http://www.cantilupe.com¬01432 346069
16404¬M81032¬GP¬UNKNOWN¬Visible¬True¬True¬Cantilupe Surgery¬51 St Owen Street¬¬¬Hereford¬Herefordshire¬HR1 2JB¬52.055423736572266¬-2.7122471332550049¬18C¬NHS Herefordshire And Worcestershire CCG¬01432268031¬cantilupe.administration@nhs.net¬http://cantilupe.com¬01432 352584
16405¬M81033¬GP¬UNKNOWN¬Visible¬True¬True¬Great Witley Surgery¬Worcester Road¬Great Witley¬¬Worcester¬Worcestershire¬WR6 6HR¬52.291141510009766¬-2.3609931468963623¬18C¬NHS Herefordshire And Worcestershire CCG¬01299896788¬¬www.greatwitleysurgery.nhs.uk¬01299 896873
16406¬M81033001¬GP¬UNKNOWN¬Visible¬True¬True¬Martley Surgery¬45 St Peter's Drive¬Martley¬¬Worcester¬Worcestershire¬WR6 6QZ¬52.234565734863281¬-2.3611340522766113¬18C¬NHS Herefordshire And Worcestershire CCG¬0129921370¬¬¬
16407¬M81034¬GP¬UNKNOWN¬Visible¬True¬True¬Salters Medical Practice¬Droitwich Medical Centre¬Ombersley Street East¬Droitwich Spa¬Droitwich¬Worcestershire¬WR9 8RD¬52.266880035400391¬-2.1534790992736816¬18C¬NHS Herefordshire And Worcestershire CCG¬01905773535¬salters.mp@nhs.net¬www.salters.org.uk¬01905 794098
16408¬M81035¬GP¬UNKNOWN¬Visible¬True¬True¬St Martin's Gate Surgery¬Turnpike House Medical Centre¬37 Newtown Road¬¬Worcester¬Worcestershire¬WR5 1EZ¬52.1949462890625¬-2.2039082050323486¬18C¬NHS Herefordshire And Worcestershire CCG¬01905363351¬¬http://www.stmartinsgatesurgery.co.uk¬01905363353
16409¬M81035001¬GP¬UNKNOWN¬Visible¬True¬True¬St Peter's Surgery¬St Peter's Drive¬St Peters¬¬Worcester¬Worcestershire¬WR5 3TA¬52.171604156494141¬-2.2047226428985596¬18C¬NHS Herefordshire And Worcestershire CCG¬1905363351¬¬http://www.stmartinsgatesurgery.co.uk¬01905363353
16410¬M81037¬GP¬UNKNOWN¬Visible¬True¬True¬Thorneloe Lodge Surgery¬29 Barbourne Road¬¬¬Worcester¬Worcestershire¬WR1 1RU¬52.202327728271484¬-2.2268269062042236¬18C¬NHS Herefordshire And Worcestershire CCG¬01905726444¬thorneloe.practice@nhs.net¬www.thorneloelodgesurgery.co.uk¬01905 722804
16411¬M81038¬GP¬UNKNOWN¬Visible¬True¬True¬Upton Surgery¬Tunnel Hill¬Upton Upon Severn¬¬Worcester¬Worcestershire¬WR8 0QL¬52.057685852050781¬-2.2289366722106934¬18C¬NHS Herefordshire And Worcestershire CCG¬01684 592696¬¬http://www.uptondoctors.co.uk¬01684 593122
16412¬M81039¬GP¬UNKNOWN¬Visible¬True¬True¬Whiteacres Medical Centre¬Maple Road¬¬¬Malvern¬Worcestershire¬WR14 1GQ¬52.124721527099609¬-2.300532341003418¬18C¬NHS Herefordshire And Worcestershire CCG¬01684577029¬¬www.whiteacresmc.co.uk/¬01684 893664
16413¬M81040¬GP¬UNKNOWN¬Visible¬True¬True¬York House Medical Centre¬20-21 York Street¬¬¬Stourport On Severn¬Worcestershire¬DY13 9EH¬52.339073181152344¬-2.280423641204834¬18C¬NHS Herefordshire And Worcestershire CCG¬01299827171¬¬www.yorkhousemedicalcentre.co.uk¬01299 872868
16414¬M81041¬GP¬UNKNOWN¬Visible¬True¬True¬Hillview Medical Centre¬60 Bromsgrove Road¬¬¬Redditch¬Worcestershire¬B97 4RN¬52.305557250976563¬-1.9511466026306152¬18C¬NHS Herefordshire And Worcestershire CCG¬0152766511¬¬http://www.hillviewmedicalcentre.com¬
16415¬M81042¬GP¬UNKNOWN¬Visible¬True¬True¬Tenbury Surgery¬34 Teme Street¬¬¬Tenbury Wells¬Worcestershire¬WR15 8AA¬52.312747955322266¬-2.5938582420349121¬18C¬NHS Herefordshire And Worcestershire CCG¬01584810343¬¬¬01584 819734
16416¬M81042001¬GP¬UNKNOWN¬Visible¬True¬True¬Clee Hill - Tenbury Surgery¬Brunswick House¬Clee Hill¬¬Ludlow¬Shropshire¬SY8 3NE¬52.371913909912109¬-2.5992052555084229¬18C¬NHS Herefordshire And Worcestershire CCG¬01584890408¬¬http://www.tenburysurgery.co.uk/¬
16417¬M81043002¬GP¬UNKNOWN¬Visible¬True¬True¬Mortimer Medical Centre - Leintwardine Surgery¬High Street¬Leintwardine¬¬Leintwardine¬Shropshire¬SY7 0LQ¬52.365379333496094¬-2.8767902851104736¬18C¬NHS Herefordshire And Worcestershire CCG¬01547540355¬leintwardine.surgery@nhs.net¬http://www.mortimer.gpsurgery.net¬
16418¬M81043¬GP¬UNKNOWN¬Visible¬True¬True¬The Mortimer Medical Practice¬Kingsland¬¬¬Leominster¬Herefordshire¬HR6 9QL¬52.249809265136719¬-2.8151402473449707¬18C¬NHS Herefordshire And Worcestershire CCG¬01568708214¬kingsland.surgery@nhs.net¬http://www.mortimer.gpsurgery.net¬
16419¬M81043001¬GP¬UNKNOWN¬Visible¬True¬True¬Orleton Surgery¬Millbrook Way¬Orleton¬¬Ludlow¬Shropshire¬SY8 4HW¬52.300350189208984¬-2.7517483234405518¬18C¬NHS Herefordshire And Worcestershire CCG¬01584831300¬orleton.surgery@nhs.net¬https://www.mortimer.gpsurgery.net¬
16420¬M81044¬GP¬UNKNOWN¬Visible¬True¬True¬Alton Street Surgery¬Alton Street¬¬¬Ross On Wye¬Herefordshire¬HR9 5AB¬51.911937713623047¬-2.5829570293426514¬18C¬NHS Herefordshire And Worcestershire CCG¬01989563646¬altonstreet.admin@nhs.uk¬http://www.altonstreet.nhs.uk¬01989 769438
16421¬M81045001¬GP¬UNKNOWN¬Visible¬True¬True¬The Village Hall¬Clifton Upon Teme¬¬¬Worcester¬Worcestershire¬WR6 6DN¬52.251293182373047¬-2.424067497253418¬18C¬NHS Herefordshire And Worcestershire CCG¬01886821279¬¬¬
16422¬M81045¬GP¬UNKNOWN¬Visible¬True¬True¬Knightwick Surgery¬Bromyard Road¬Knightwick¬¬Worcester¬Worcestershire¬WR6 5PH¬52.200401306152344¬-2.3948168754577637¬18C¬NHS Herefordshire And Worcestershire CCG¬01886821279¬¬http://www.knightwicksurgery.co.uk¬
16423¬M81046¬GP¬UNKNOWN¬Visible¬True¬True¬Abbottswood Medical Centre¬Abbottswood Medical Centre¬Defford Road¬¬Pershore¬Worcestershire¬WR10 1HZ¬52.106620788574219¬-2.0765650272369385¬18C¬NHS Herefordshire And Worcestershire CCG¬01386552424¬¬http://www.abbottswoodmedicalcentre.co.uk¬01386 561400
16424¬M81047¬GP¬UNKNOWN¬Visible¬True¬True¬Spa Medical Practice¬Droitwich Medical Centre¬Ombersley Street East¬Droitwich Spa¬Droitwich¬Worcestershire¬WR9 8RD¬52.266880035400391¬-2.1534790992736816¬18C¬NHS Herefordshire And Worcestershire CCG¬01905772389¬¬www.spamedical.co.uk¬
16425¬M81048¬GP¬UNKNOWN¬Visible¬True¬True¬Nunwell Surgery¬10 Pump Street¬¬¬Bromyard¬Herefordshire¬HR7 4BZ¬52.187934875488281¬-2.5071628093719482¬18C¬NHS Herefordshire And Worcestershire CCG¬01885483412¬nunwell.admin@nhs.net¬https://nunwellsurgery.co.uk/index.aspx¬01885 488739
16426¬M81049¬GP¬UNKNOWN¬Visible¬True¬True¬Barbourne Health Centre¬44 Droitwich Road¬Barbourne¬¬Worcester¬Worcestershire¬WR3 7LH¬52.209445953369141¬-2.2245597839355469¬18C¬NHS Herefordshire And Worcestershire CCG¬0190522888¬¬https://www.barbournehealthcentre.nhs.uk¬01905 27006
16430¬M81054¬GP¬UNKNOWN¬Visible¬True¬True¬Kington Medical Practice¬Eardisley Road¬¬¬Kington¬Herefordshire¬HR5 3EA¬52.196884155273438¬-3.020789623260498¬18C¬NHS Herefordshire And Worcestershire CCG¬01544230302¬¬http://www.kingtonmedicalpractice.co.uk/¬01544 230824
16431¬M81055¬GP¬UNKNOWN¬Visible¬True¬True¬Cornhill Surgery¬65 New Road¬Rubery¬¬Birmingham¬West Midlands¬B45 9JT¬52.392356872558594¬-2.0231151580810547¬18C¬NHS Herefordshire And Worcestershire CCG¬01214533591¬¬http://www.cornhillsurgery.com¬
16432¬M81056¬GP¬UNKNOWN¬Visible¬True¬True¬Church Street Surgery¬David Corbet House¬Callows Lane¬¬Kidderminster¬Worcestershire¬DY10 2JG¬52.388614654541016¬-2.2507038116455078¬18C¬NHS Herefordshire And Worcestershire CCG¬01562745040¬¬www.churchstreetsurgery.co.uk¬01562 757200
16433¬M81057¬GP¬UNKNOWN¬Visible¬True¬True¬Bewdley Medical Centre¬Dog Lane¬¬¬Bewdley¬Worcestershire¬DY12 2EF¬52.376579284667969¬-2.3167541027069092¬18C¬NHS Herefordshire And Worcestershire CCG¬01299402157¬bmcinfo@nhs.net¬http://www.bewdleymedicalcentre.nhs.uk/¬01299 404364
16434¬M81058¬GP¬UNKNOWN¬Visible¬True¬True¬Merstow Green Medical Practice¬Abbey Lane¬¬¬Evesham¬Worcestershire¬WR11 4BS¬52.091094970703125¬-1.9509549140930176¬18C¬NHS Herefordshire And Worcestershire CCG¬01386765600¬¬http://www.merstowgreenmedicalpractice.co.uk/¬01386 768189
16435¬M81061¬GP¬UNKNOWN¬Visible¬True¬True¬Pendeen Surgery¬Kent Avenue¬¬¬Ross On Wye¬Herefordshire¬HR9 5AH¬51.910923004150391¬-2.5843250751495361¬18C¬NHS Herefordshire And Worcestershire CCG¬01989763535¬admin.pendeen@nhs.net¬http://www.pendeensurgery.nhs.uk/¬01989 768288
16436¬M81062¬GP¬UNKNOWN¬Visible¬True¬True¬Frankley Health Centre¬Frankley Health Centre¬125 New Street¬Rubery¬Birmingham¬West Midlands¬B45 0EU¬52.404880523681641¬-2.0166394710540771¬15E¬NHS Birmingham And Solihull CCG¬0121 453 8211¬¬http://frankleyhealthcentre.org.uk/¬0121 457 9690
16437¬M81063¬GP¬UNKNOWN¬Visible¬True¬True¬St Johns House Surgery¬299 Bromyard Road¬St Johns¬¬Worcester¬Worcestershire¬WR2 5FB¬52.186546325683594¬-2.2514503002166748¬18C¬NHS Herefordshire And Worcestershire CCG¬01905 421688¬¬http://www.stjohnshousesurgery.com/¬01905 740003
16438¬M81064¬GP¬UNKNOWN¬Visible¬True¬True¬Hollywood Medical Practice¬Beaudesert Road¬Hollywood¬¬Birmingham¬West Midlands¬B47 5DP¬52.389575958251953¬-1.8821395635604858¬18C¬NHS Herefordshire And Worcestershire CCG¬01564822642¬hollywood.adminteam@nhs.net¬www.hollywoodmedicalpractice.co.uk¬01564 829319
16440¬M81066¬GP¬UNKNOWN¬Visible¬True¬True¬Wargrave House Surgery¬23 St Owen Street¬¬¬Hereford¬Herefordshire¬HR1 2JB¬52.055423736572266¬-2.7122471332550049¬18C¬NHS Herefordshire And Worcestershire CCG¬01432272285¬¬http://www.wargravehousesurgery.co.uk¬01432 344059
16441¬M81067¬GP¬UNKNOWN¬Visible¬True¬True¬The Surgery Kingstone¬Kingstone¬¬¬Hereford¬Herefordshire¬HR2 9HN¬52.022472381591797¬-2.8417940139770508¬18C¬NHS Herefordshire And Worcestershire CCG¬01981250215¬kingstone.surgery@nhs.net¬http://kingstonesurgery.co.uk¬01981 251189
16442¬M81068¬GP¬UNKNOWN¬Visible¬True¬True¬Aylmer Lodge Cookley Partnership¬Hume Street Medical Centre¬¬¬Kidderminster¬Worcestershire¬DY11 6SF¬52.384193420410156¬-2.2610807418823242¬18C¬NHS Herefordshire And Worcestershire CCG¬01562822015¬¬http://www.aylmerlodgecookleypartnership.co.uk¬01562 827137
16443¬M81069¬GP¬UNKNOWN¬Visible¬True¬True¬Davenal House Surgery Partnership¬28 Birmingham Road¬¬¬Bromsgrove¬Worcestershire¬B61 0DD¬52.338970184326172¬-2.0554208755493164¬18C¬NHS Herefordshire And Worcestershire CCG¬01527872008¬davenal.house@nhs.net¬https://www.davenalhousesurgery.co.uk/¬01527 559331
16444¬M81069001¬GP¬UNKNOWN¬Visible¬True¬True¬Stoke Prior Surgery¬Ryefields Road¬Stoke Prior¬¬Bromsgrove¬Worcestershire¬B60 4NA¬52.302497863769531¬-2.0856587886810303¬18C¬NHS Herefordshire And Worcestershire CCG¬01527832423¬¬https://www.davenalhousesurgery.co.uk¬01527 837249
16445¬M81070¬GP¬UNKNOWN¬Visible¬True¬True¬Churchfields Surgery¬Bhi Parkside¬Stourbridge Road¬¬Bromsgrove¬Worcestershire¬B61 0AZ¬52.337600708007813¬-2.0597195625305176¬18C¬NHS Herefordshire And Worcestershire CCG¬01527872163¬churchfields.surgery@nhs.net¬www.churchfieldssurgery.co.uk¬01527 576401
16446¬M81072¬GP¬UNKNOWN¬Visible¬True¬True¬Albany House Surgery¬Albany Terrace¬Barbourne¬¬Worcester¬Worcestershire¬WR1 3DU¬52.200332641601562¬-2.2271823883056641¬18C¬NHS Herefordshire And Worcestershire CCG¬0190526086¬¬www.albanyhousesurgeryworcester.co.uk¬01905 26888
16447¬M81073¬GP¬UNKNOWN¬Visible¬True¬True¬Stourport Health Centre¬Worcester Street¬¬¬Stourport On Severn¬Worcestershire¬DY13 8EH¬52.343864440917969¬-2.2776062488555908¬18C¬NHS Herefordshire And Worcestershire CCG¬01299827141¬¬http://www.stourporthealthcentremedicalpractice.co.uk/¬01299 879074
16448¬M81074¬GP¬UNKNOWN¬Visible¬True¬True¬Pershore Medical Practice¬Queen Elizabeth House¬Queen Elizabeth Drive¬¬Pershore¬Worcestershire¬WR10 1PX¬52.114048004150391¬-2.0777606964111328¬18C¬NHS Herefordshire And Worcestershire CCG¬01386553346¬¬http://www.pershoremedicalpractice.co.uk¬01386 551388
16449¬M81075¬GP¬UNKNOWN¬Visible¬True¬True¬Malvern Health Centre¬300 Pickersleigh Road¬Malvern¬¬Malvern¬Worcestershire¬WR14 2GP¬52.113540649414062¬-2.3087661266326904¬18C¬NHS Herefordshire And Worcestershire CCG¬01684584050¬¬¬01684 584059
16450¬M81076¬GP¬UNKNOWN¬Visible¬True¬True¬Colwall Surgery¬Stone Drive¬Colwall¬¬Malvern¬Worcestershire¬WR13 6QJ¬52.081382751464844¬-2.3590054512023926¬18C¬NHS Herefordshire And Worcestershire CCG¬01684540323¬colwall.surgery@nhs.net¬¬01684 540805
16451¬M81077¬GP¬UNKNOWN¬Visible¬True¬True¬The Ridgeway Surgery¬6-8 Feckenham Road¬Astwood Bank¬¬Redditch¬Worcestershire¬B96 6DS¬52.260364532470703¬-1.9389182329177856¬18C¬NHS Herefordshire And Worcestershire CCG¬01527892418¬¬http://www.theridgewaysurgery.co.uk/¬01527 894137
16452¬M81077001¬GP¬UNKNOWN¬Visible¬True¬True¬Feckenham Surgery¬26 High Street¬Feckenham Redditch¬¬Redditch¬Worcestershire¬B96 6HS¬52.251247406005859¬-1.9876360893249512¬18C¬NHS Herefordshire And Worcestershire CCG¬01527892418¬¬¬
16453¬M81078¬GP¬UNKNOWN¬Visible¬True¬True¬Barnt Green Surgery¬82 Hewell Road¬Barnt Green¬¬Birmingham¬West Midlands¬B45 8NF¬52.359992980957031¬-1.9910131692886353¬18C¬NHS Herefordshire And Worcestershire CCG¬01214451704¬¬www.barntgreen.gpsurgery.net¬0121 4457310
16455¬M81026005¬GP¬UNKNOWN¬Visible¬True¬True¬Quay House Medical Centre¬100 Westfaling Street¬Whitecross¬¬Hereford¬Herefordshire¬HR4 0JF¬52.058815002441406¬-2.7406845092773437¬18C¬NHS Herefordshire And Worcestershire CCG¬01432352600¬hmg.enquiries@nhs.net¬http://www.quayhousemedical.nhs.uk/¬01432 340320
16457¬M81081¬GP¬UNKNOWN¬Visible¬True¬True¬St Saviour's Surgery¬Merick Road¬Malvern Link¬¬Malvern¬Worcestershire¬WR14 1DD¬52.130165100097656¬-2.307908296585083¬18C¬NHS Herefordshire And Worcestershire CCG¬01684 572323¬¬http://www.stsaviourssurgery.nhs.uk¬01684 891067
16458¬M81082001¬GP¬UNKNOWN¬Visible¬True¬True¬Wychbold Surgery¬De Wyche Road¬Wychbold¬¬Droitwich Spa¬Worcestershire¬WR9 7PN¬52.290370941162109¬-2.1152801513671875¬18C¬NHS Herefordshire And Worcestershire CCG¬01527861638¬¬www.stjohnssurgerybromsgrove.nhs.uk¬01527 861549
16459¬M81082¬GP¬UNKNOWN¬Visible¬True¬True¬St. Johns Surgery¬Bhi Parkside¬Stourbridge Road¬¬Bromsgrove¬Worcestershire¬B61 0AZ¬52.337600708007813¬-2.0597195625305176¬18C¬NHS Herefordshire And Worcestershire CCG¬01527872393¬stjohns@nhs.net¬www.stjohnssurgerybromsgrove.nhs.uk¬01527 576022
16460¬M81083¬GP¬UNKNOWN¬Visible¬True¬True¬Hollyoaks Medical Centre¬229 Station Road¬Wythall¬¬Birmingham¬West Midlands¬B47 6ET¬52.377986907958984¬-1.8690650463104248¬18C¬NHS Herefordshire And Worcestershire CCG¬01564823182¬hollyoaks.medicalpractice@nhs.net¬https://www.hollyoaksmedicalcentre.co.uk/¬
16461¬M81084¬GP¬UNKNOWN¬Visible¬True¬True¬Catshill Village Surgery¬36 Woodrow Lane¬Catshill¬¬Bromsgrove¬Worcestershire¬B61 0PU¬52.366607666015625¬-2.0544276237487793¬18C¬NHS Herefordshire And Worcestershire CCG¬01527872426¬¬¬
16464¬M81089¬GP¬UNKNOWN¬Visible¬True¬True¬Maple View Medical Practice¬Church Hill Centre¬Tanhouse Lane¬¬Redditch¬Worcestershire¬B98 9AA¬52.316577911376953¬-1.9056874513626099¬18C¬NHS Herefordshire And Worcestershire CCG¬01527910501¬¬¬01527 69234
16465¬M81090¬GP¬UNKNOWN¬Visible¬True¬True¬Chaddesley Surgery¬Hemming Way¬Chaddesley Corbett Kidderminster¬¬Kidderminster¬Worcestershire¬DY10 4SF¬52.361965179443359¬-2.1580233573913574¬18C¬NHS Herefordshire And Worcestershire CCG¬01562777239¬¬http://www.chaddesleycorbettsurgery.nhs.uk/¬
16466¬M81091¬GP¬UNKNOWN¬Visible¬True¬True¬Corbett Medical Practice¬36 Corbett Avenue¬Droitwich Spa¬¬Droitwich¬Worcestershire¬WR9 7BE¬52.263271331787109¬-2.148777961730957¬18C¬NHS Herefordshire And Worcestershire CCG¬01905795566¬¬www.corbettmedicalpractice.org.uk¬01905 796984
16467¬M81092¬GP¬UNKNOWN¬Visible¬True¬True¬The Bridge Surgery¬¬The Bridge Surgery¬8 Evesham Road¬Redditch¬Worcestershire¬B97 4LA¬52.2945556640625¬-1.9462994337081909¬18C¬NHS Herefordshire And Worcestershire CCG¬01527555600¬¬http://www.thebridgesurgery.co.uk¬
16468¬M81093¬GP¬UNKNOWN¬Visible¬True¬True¬Belmont Medical Centre¬Eastholme Avenue¬Belmont¬¬Hereford¬Herefordshire¬HR2 7XT¬52.041294097900391¬-2.7394616603851318¬18C¬NHS Herefordshire And Worcestershire CCG¬01432354366¬administration.belmont@nhs.net¬http://www.belmontmedicalcentre.co.uk/¬01432 363820
16469¬M81094¬GP¬UNKNOWN¬Visible¬True¬True¬Abbey Medical Practice¬Evesham Medical Centre¬Abbey Lane Evesham¬¬Evesham¬Worcestershire¬WR11 4BS¬52.091045379638672¬-1.951000452041626¬18C¬NHS Herefordshire And Worcestershire CCG¬01386761111¬abbey.evesham@nhs.net¬http://www.abbeymedical.com¬01386 769515
16470¬M81600¬GP¬UNKNOWN¬Visible¬True¬True¬Cradley Surgery¬Bosbury Road¬Cradley¬¬Nr. Malvern¬Worcestershire¬WR13 5LT¬52.118278503417969¬-2.4021084308624268¬18C¬NHS Herefordshire And Worcestershire CCG¬01886880207¬cradleysurgery@nhs.net¬¬01886 880037
16471¬M81604¬GP¬UNKNOWN¬Visible¬True¬True¬Fownhope Medical Centre¬Common Hill Lane¬Fownhope¬¬Hereford¬Herefordshire¬HR1 4PZ¬52.006744384765625¬-2.6091728210449219¬18C¬NHS Herefordshire And Worcestershire CCG¬01432860235¬fownhope.medicalcentre@nhs.net¬http://www.fownhopesurgery.co.uk/index.php?pid=0¬01432 860900
16472¬M81605¬GP¬UNKNOWN¬Visible¬True¬True¬The Glebeland Surgery¬The Glebe¬Belbroughton Stourbridge¬¬Stourbridge¬West Midlands¬DY9 9TH¬52.390377044677734¬-2.1171574592590332¬18C¬NHS Herefordshire And Worcestershire CCG¬01562730303¬m81605.clinical@nhs.net¬www.glebelandsurgery.gpsurgery.net¬01562 731220
16475¬M81608¬GP¬UNKNOWN¬Visible¬True¬True¬Wolverley Surgery¬Wolverley¬¬¬Kidderminster¬Worcestershire¬DY11 5TH¬52.411144256591797¬-2.2534337043762207¬18C¬NHS Herefordshire And Worcestershire CCG¬01562850800¬wolverleysurgery@nhs.net¬www.wolverleysurgery.co.uk¬01562 852575
16476¬M81616¬GP¬UNKNOWN¬Visible¬True¬True¬Crabbs Cross Medical Centre¬39 Kenilworth Close¬Crabbs Cross Redditch¬¬Redditch¬Worcestershire¬B97 5JX¬52.281394958496094¬-1.9436973333358765¬18C¬NHS Herefordshire And Worcestershire CCG¬01527402149¬¬¬01527540183
16477¬M81617¬GP¬UNKNOWN¬Visible¬True¬True¬Crabbs Cross Surgery¬38 Kenilworth Close¬Crabbs Cross¬¬Redditch¬Worcestershire¬B97 5JX¬52.281394958496094¬-1.9436973333358765¬18C¬NHS Herefordshire And Worcestershire CCG¬01527544610¬¬¬
16478¬M81621¬GP¬UNKNOWN¬Visible¬True¬True¬Ledbury Health Partnership¬Market Street¬¬¬Ledbury¬Herefordshire¬HR8 2AQ¬52.036308288574219¬-2.4256443977355957¬18C¬NHS Herefordshire And Worcestershire CCG¬01531 825925¬ledbury.healthpartnership@nhs.net¬http://www.ledburyhealthpartnership.com¬
16479¬M81627¬GP¬UNKNOWN¬Visible¬True¬True¬Demontfort Medical Centre¬Burford Road¬¬¬Evesham¬Worcestershire¬WR11 3HD¬52.092262268066406¬-1.9388551712036133¬18C¬NHS Herefordshire And Worcestershire CCG¬01386443333¬¬¬01386 422884
16480¬M81629¬GP¬UNKNOWN¬Visible¬True¬True¬New Court Surgery¬Prospect View¬300 Pickersleigh Road¬¬Malvern¬Worcestershire¬WR14 2GP¬52.113540649414062¬-2.3087661266326904¬18C¬NHS Herefordshire And Worcestershire CCG¬01684573161¬ncs@nhs.net¬http://www.newcourtsurgery.com¬01684 561593
16481¬Y01929003¬GP¬UNKNOWN¬Visible¬True¬True¬Teldoc - Madeley¬Madeley Medical Practice¬Church Street¬Madeley Telford¬Telford¬Shropshire¬TF7 5BU¬52.635753631591797¬-2.4532816410064697¬05X¬NHS Telford And Wrekin CCG¬03300536456¬teldoc.enquiries@nhs.net¬https://www.teldoc.org¬01952 684507
16482¬M82002¬GP¬UNKNOWN¬Visible¬True¬True¬Mytton Oak Medical Practice¬Racecourse Lane¬¬¬Shrewsbury¬Shropshire¬SY3 5LZ¬52.707672119140625¬-2.7977473735809326¬05N¬NHS Shropshire CCG¬01743362223¬¬¬01743 244581
16483¬M82003¬GP¬UNKNOWN¬Visible¬True¬True¬Stirchley Medical Practice¬Sandino Road¬Stirchley¬¬Telford¬Shropshire¬TF3 1FB¬52.655193328857422¬-2.4337623119354248¬05X¬NHS Telford And Wrekin CCG¬01952660444¬¬http://www.stirchleymedicalpractice.co.uk¬01952 415139
16484¬M82004¬GP¬UNKNOWN¬Visible¬True¬True¬Bridgnorth Medical Practice¬Northgate Health Centre¬Northgate¬¬Bridgnorth¬Shropshire¬WV16 4EN¬52.537879943847656¬-2.4229326248168945¬05N¬NHS Shropshire CCG¬01746767121¬bridgnorth.medicalpractice@nhs.net¬https://www.bridgnorthmedicalpractice.co.uk¬01746 765433
16485¬M82005¬GP¬UNKNOWN¬Visible¬True¬False¬Plas Ffynnon Medical Centre¬Middleton Road¬¬¬Oswestry¬Shropshire¬SY11 2RB¬52.857498168945312¬-3.0502007007598877¬05N¬NHS Shropshire CCG¬01691 655844¬¬https://www.pfmc.co.uk/¬01691 668030
16486¬M82006¬GP¬UNKNOWN¬Visible¬True¬True¬Riverside Medical Practice¬Roushill¬¬¬Shrewsbury¬Shropshire¬SY1 1PQ¬52.709197998046875¬-2.7552652359008789¬05N¬NHS Shropshire CCG¬01743 367891¬riverside.inbox@nhs.net¬http://www.riverside-medical.co.uk¬01743 244055
16487¬M82007¬GP¬UNKNOWN¬Visible¬True¬True¬Charlton Medical Centre¬Lion Street¬Oakengates¬¬Telford¬Shropshire¬TF2 6AQ¬52.694591522216797¬-2.450991153717041¬05X¬NHS Telford And Wrekin CCG¬01952620138¬charlton.online@nhs.net¬http://www.charltonmedicalcentre.nhs.uk¬01952 615282
16488¬M82008¬GP¬UNKNOWN¬Visible¬True¬True¬Church Stretton Medical Centre¬Easthope Road¬¬¬Church Stretton¬Shropshire¬SY6 6BL¬52.53729248046875¬-2.8061544895172119¬05N¬NHS Shropshire CCG¬01694722127¬¬http://www.churchstrettonmedicalpractice.co.uk¬01694 724604
16489¬M82009¬GP¬UNKNOWN¬Visible¬True¬True¬Dawley Medical Practice¬King Street¬Dawley¬¬Telford¬Shropshire¬TF4 2AA¬52.664325714111328¬-2.4667665958404541¬05X¬NHS Telford And Wrekin CCG¬01952630500¬¬¬01952 630501
16490¬M82010¬GP¬UNKNOWN¬Visible¬True¬True¬Market Drayton Medical Practice¬Market Drayton Primary Care Centre¬Maer Lane¬¬Market Drayton¬Shropshire¬TF9 3AL¬52.90887451171875¬-2.486783504486084¬05N¬NHS Shropshire CCG¬01630652158¬drayton.admin@nhs.net¬http://www.draytonmedicalpractice.nhs.uk¬01630 652322
16491¬M82011001¬GP¬UNKNOWN¬Visible¬True¬False¬Shawbury Medical Practice¬73 Talbot Fields¬Telford¬¬High Ercall¬Shropshire¬TF6 6LY¬52.749950408935547¬-2.6047215461730957¬05N¬NHS Shropshire CCG¬01939250237¬¬http://www.shawburymedicalpractice.nhs.uk/¬01939 250093
16492¬M82011¬GP¬UNKNOWN¬Visible¬True¬False¬Shawbury Medical Practice¬Poynton Road¬Shawbury¬¬Shrewsbury¬Shropshire¬SY4 4JS¬52.782985687255859¬-2.6543586254119873¬05N¬NHS Shropshire CCG¬01939250237¬¬¬01939 250093
16493¬M82012¬GP¬UNKNOWN¬Visible¬True¬True¬Donnington Medical Practice¬The Health Centre¬Wrekin Drive¬Donnington¬Telford¬Shropshire¬TF2 8EA¬52.715167999267578¬-2.4370958805084229¬05X¬NHS Telford And Wrekin CCG¬01952 605252¬¬http://www.donningtonmedicalpractice.co.uk¬
16495¬M82013¬GP¬UNKNOWN¬Visible¬True¬False¬Westbury Medical Centre¬Westbury¬¬¬Shrewsbury¬Shropshire¬SY5 9QX¬52.678745269775391¬-2.9553389549255371¬05N¬NHS Shropshire CCG¬01743884727¬westbury.medicalcentre@nhs.net¬https://www.mysurgerywebsite.co.uk/index.aspx?p=m82013¬01743 884955
16496¬M82014¬GP¬UNKNOWN¬Visible¬True¬True¬Station Drive Surgery¬Station Drive¬¬¬Ludlow¬Shropshire¬SY8 2AB¬52.370136260986328¬-2.7151265144348145¬05N¬NHS Shropshire CCG¬01584872461¬admin.stationdrive@nhs.net¬https://www.stationdrivesurgery.co.uk¬01584 877972
16498¬M82016¬GP¬UNKNOWN¬Visible¬True¬True¬Radbrook Green Surgery¬Bank Farm Road¬Radbrook¬¬Shrewsbury¬Shropshire¬SY3 6DU¬52.696418762207031¬-2.7754943370819092¬05N¬NHS Shropshire CCG¬01743231817¬rgs.reception@nhs.net¬www.radbrookgreen.co.uk¬01743 344099
16499¬M82017001¬GP¬UNKNOWN¬Visible¬False¬False¬Clive Surgery¬Roden Grove¬¬¬Wem¬Shropshire¬SY4 5HG¬52.851272583007813¬-2.7281787395477295¬05N¬NHS Shropshire CCG¬01939220295¬¬http://www.clivemedicalpractice.nhs.uk/¬01939 220510
16500¬M82017¬GP¬UNKNOWN¬Visible¬False¬False¬Clive Medical Practice¬20 High Street¬Clive¬¬Shrewsbury¬Shropshire¬SY4 5PS¬52.814220428466797¬-2.7183899879455566¬05N¬NHS Shropshire CCG¬01939220295¬¬¬01939 220510
16501¬M82018¬GP¬UNKNOWN¬Visible¬True¬True¬The Beeches Medical Practice¬1 Beeches Road¬Bayston Hill¬¬Shrewsbury¬Shropshire¬SY3 0PF¬52.673793792724609¬-2.7723426818847656¬05N¬NHS Shropshire CCG¬01743874565¬¬http://www.thebeechesmedicalpractice.co.uk/¬01743 873696
16502¬M82018001¬GP¬UNKNOWN¬Visible¬True¬True¬Dorrington Surgery¬The Maitlands¬Dorrington¬¬Shrewsbury¬Shropshire¬SY5 7LD¬52.622627258300781¬-2.7787094116210937¬05N¬NHS Shropshire CCG¬01743718486¬¬¬01743 873696
16503¬M82019001¬GP¬UNKNOWN¬Visible¬True¬False¬Clifton Lodge Surgery¬Clifton Lodge¬Sheinton Road¬Cressage¬Shrewsbury¬Shropshire¬SY5 6DH¬52.633785247802734¬-2.5972371101379395¬05N¬NHS Shropshire CCG¬01952 726011¬muchwenlockmp@nhs.net¬http://www.muchwenlockandcressagemp.co.uk/¬
16504¬M82019¬GP¬UNKNOWN¬Visible¬True¬False¬Much Wenlock Medical Practice¬Kingsway Lodge¬¬¬Much Wenlock¬Shropshire¬TF13 6BL¬52.595607757568359¬-2.5599281787872314¬05N¬NHS Shropshire CCG¬01952726011¬¬https://www.muchwenlockandcressagemp.co.uk¬01952 728479
16505¬M82020¬GP¬UNKNOWN¬Visible¬True¬False¬Knockin Medical Centre¬Knockin¬¬¬Oswestry¬Shropshire¬SY10 8HL¬52.793434143066406¬-2.993027925491333¬05N¬NHS Shropshire CCG¬01691682203¬¬http://www.knockinmedicalcentre.nhs.uk¬01691 682700
16506¬M82021¬GP¬UNKNOWN¬Visible¬True¬False¬Albrighton Medical Practice¬Shaw Lane¬Albrighton¬¬Wolverhampton¬West Midlands¬WV7 3DT¬52.636455535888672¬-2.2715065479278564¬05N¬NHS Shropshire CCG¬01902372301¬¬¬
16507¬M82022¬GP¬UNKNOWN¬Visible¬True¬True¬The Caxton Surgery¬Oswald Road¬¬¬Oswestry¬Shropshire¬SY11 1RD¬52.861434936523438¬-3.0512611865997314¬05N¬NHS Shropshire CCG¬01691654646¬caxton.surgery@nhs.net¬http://www.caxtonsurgery.co.uk/¬
16508¬M82023¬GP¬UNKNOWN¬Visible¬True¬False¬Dr Guildford And Partners¬Baschurch¬¬¬Shrewsbury¬Shropshire¬SY4 2DR¬52.784351348876953¬-2.8526749610900879¬05N¬NHS Shropshire CCG¬01939260210¬¬http://www.prescottsurgery.co.uk/¬01939 260752
16509¬M82024001¬GP¬UNKNOWN¬Visible¬True¬True¬Brown Clee Medical Practice¬Stottesdon¬Kidderminster¬¬Kidderminster¬Worcestershire¬DY14 8TZ¬52.441699981689453¬-2.4847991466522217¬05N¬NHS Shropshire CCG¬01746718556¬¬¬01746 712580
16510¬M82024¬GP¬UNKNOWN¬Visible¬True¬True¬Brown Clee Medical Centre¬Station Road Ditton Priors¬¬¬Bridgnorth¬Shropshire¬WV16 6SS¬52.499118804931641¬-2.5736525058746338¬05N¬NHS Shropshire CCG¬01746712672¬¬¬01746 712580
16512¬M82025¬GP¬UNKNOWN¬Visible¬True¬True¬Churchmere Medical Group - Ellesmere¬Trimpley Street¬Trimpley Street¬¬Ellesmere¬Shropshire¬SY12 0DB¬52.907852172851562¬-2.8964798450469971¬05N¬NHS Shropshire CCG¬01691242222¬¬¬01691 623294
16513¬M82026¬GP¬UNKNOWN¬Visible¬True¬True¬Cambrian Surgery¬Thomas Savin Road¬¬¬Oswestry¬Shropshire¬SY11 1GA¬52.862815856933594¬-3.0477592945098877¬05N¬NHS Shropshire CCG¬01691652929¬cambrian.ooh@nhs.net¬http://www.cambriansurgery.co.uk/¬01691  679130
16514¬Y01929005¬GP¬UNKNOWN¬Visible¬True¬True¬Teldoc - Lightmoor¬Lightmoor Surgery¬2 Lightmoor Way¬Lightmoor¬Telford¬Shropshire¬TF4 3EG¬52.651832580566406¬-2.4859976768493652¬05X¬NHS Telford And Wrekin CCG¬03300536456¬teldoc.enquiries@nhs.net¬https://www.teldoc.org¬01952 588029
16516¬M82028¬GP¬UNKNOWN¬Visible¬True¬False¬Wellington Road Surgery¬Wellington Road¬¬¬Newport¬Shropshire¬TF10 7HG¬52.764244079589844¬-2.3788859844207764¬05X¬NHS Telford And Wrekin CCG¬01952811677¬¬¬01952 825981
16518¬Y01929008¬GP¬UNKNOWN¬Visible¬True¬True¬Teldoc - Highfield¬Waterloo Road¬Waterloo Road¬Hadley¬Telford¬Shropshire¬TF1 5NX¬52.703891754150391¬-2.4796795845031738¬05X¬NHS Telford And Wrekin CCG¬03300536456¬teldoc.enquiries@nhs.net¬https://www.teldoc.org¬01952 243800
16519¬Y01929007¬GP¬UNKNOWN¬Visible¬True¬True¬Teldoc - Oakengates¬Oakengates Medical Practice¬27 Limes Walk¬¬Telford¬Shropshire¬TF2 6JJ¬52.695926666259766¬-2.4503095149993896¬05X¬NHS Telford And Wrekin CCG¬03300536456¬teldoc.enquiries@nhs.net¬https://www.teldoc.org/¬
16521¬M82030¬GP¬UNKNOWN¬Visible¬True¬True¬Pontesbury Medical Practice¬Pontesbury¬¬¬Shrewsbury¬Shropshire¬SY5 0RF¬52.6505126953125¬-2.8879096508026123¬05N¬NHS Shropshire CCG¬01743790325¬¬http://www.pontesburymedicalpractice.co.uk¬01743 792851
16522¬M82031¬GP¬UNKNOWN¬Visible¬True¬True¬Highley Medical Centre¬Bridgnorth Road¬Highley¬¬Bridgnorth¬Shropshire¬WV16 6HG¬52.456153869628906¬-2.3929665088653564¬05N¬NHS Shropshire CCG¬01746861572¬¬¬01746 862295
16523¬M82032¬GP¬UNKNOWN¬Visible¬True¬True¬Severn Fields Medical Practice¬Severn Fields Health Village¬Sundorne Road¬¬SHREWSBURY¬Shropshire¬SY1 4RQ¬52.728034973144531¬-2.721606969833374¬05N¬NHS Shropshire CCG¬01743281950¬sfmp.info@nhs.net¬http://www.severnfields.co.uk¬01743 233198
16524¬M82033¬GP¬UNKNOWN¬Visible¬True¬True¬Bishops Castle Surgery¬Schoolhouse Lane¬¬¬Bishops Castle¬Shropshire¬SY9 5ER¬52.494705200195313¬-2.9948995113372803¬05N¬NHS Shropshire CCG¬01588638285¬¬http://www.bishopscastlemedicalpractice.co.uk¬01588 638548
16525¬M82034¬GP¬UNKNOWN¬Visible¬True¬True¬Claremont Bank Surgery¬Claremont Bank¬¬¬Shrewsbury¬Shropshire¬SY1 1RL¬52.70819091796875¬-2.7586076259613037¬05N¬NHS Shropshire CCG¬01743248244¬¬http://www.claremontbanksurgery.co.uk/¬
16526¬M82035001¬GP¬UNKNOWN¬Visible¬True¬True¬Wem & Prees Medical Practice¬Whitchurch Road¬Prees¬¬Whitchurch¬Shropshire¬SY13 2DG¬52.901371002197266¬-2.6639571189880371¬05N¬NHS Shropshire CCG¬01948840206¬wemandprees@nhs.net¬http://www.wemandpreeshealth.co.uk/¬
16527¬M82035¬GP¬UNKNOWN¬Visible¬True¬True¬Wem And Prees Medical Practice¬New Street¬Wem¬¬Shrewsbury¬Shropshire¬SY4 5AF¬52.859340667724609¬-2.7225511074066162¬05N¬NHS Shropshire CCG¬01939232424¬¬http://www.wemandpreeshealth.co.uk/¬
16528¬M82038002¬GP¬UNKNOWN¬Visible¬True¬True¬Shifnal & Priorslee Medical Practice¬Gatcombe Way¬Priorslee¬¬Telford¬Shropshire¬TF2 9GZ¬52.692531585693359¬-2.414454460144043¬05N¬NHS Shropshire CCG¬01952460414¬¬http://www.shifnalandpriorsleemp.co.uk¬01952 463883
16529¬M82038¬GP¬UNKNOWN¬Visible¬True¬True¬Shifnal & Priorslee Medical Practice¬Shrewsbury Road¬¬¬Shifnal¬Shropshire¬TF11 8AJ¬52.667678833007813¬-2.3759942054748535¬05N¬NHS Shropshire CCG¬01952460414¬¬http://www.shifnalandpriorsleemp.co.uk¬01952 463883
16530¬M82038001¬GP¬UNKNOWN¬Visible¬True¬True¬Shifnal & Priorslee Medical Practice¬The W.I. Building¬Weston Under Lizard¬¬Shifnal¬Shropshire¬TF11 8JE¬52.697914123535156¬-2.3326904773712158¬05N¬NHS Shropshire CCG¬01952460414¬¬http://www.shifnalandpriorsleemp.co.uk¬01952 463883
16531¬M82039¬GP¬UNKNOWN¬Visible¬True¬True¬Wellington Medical Practice¬Chapel Lane¬Wellington¬¬Telford¬Shropshire¬TF1 1PZ¬52.699882507324219¬-2.5141892433166504¬05X¬NHS Telford And Wrekin CCG¬01952226000¬¬http://www.wellingtonmedicalpractice.co.uk¬01952 226019
16532¬M82040¬GP¬UNKNOWN¬Visible¬True¬True¬Marysville Medical Practice¬Brook Street¬Belle Vue¬¬Shrewsbury¬Shropshire¬SY3 7QR¬52.696895599365234¬-2.7491190433502197¬05N¬NHS Shropshire CCG¬01743276000¬mp.marysville@nhs.net¬https://www.marysville.co.uk/¬
16533¬M82041¬GP¬UNKNOWN¬Visible¬True¬True¬Cleobury Mortimer Surgery¬Vaughan Road¬Cleobury Mortimer¬¬Kidderminster¬Worcestershire¬DY14 8DB¬52.3780517578125¬-2.4851748943328857¬05N¬NHS Shropshire CCG¬01299270209¬¬¬01299 270482
16534¬M82042¬GP¬UNKNOWN¬Visible¬False¬True¬Woodside Health Centre¬Wensley Green¬Woodside¬¬Telford¬Shropshire¬TF7 5NR¬52.637954711914063¬-2.4661605358123779¬05X¬NHS Telford And Wrekin CCG¬01952586691¬¬¬01952 587007
16535¬M82043¬GP¬UNKNOWN¬Visible¬True¬True¬Ludlow - Portcullis¬Portcullis Lane¬¬¬Ludlow¬Shropshire¬SY8 1GT¬52.368907928466797¬-2.7159438133239746¬05N¬NHS Shropshire CCG¬01584872939¬portcullis.surgery@nhs.net¬http://www.portcullis-surgery.co.uk/introduction/¬01584 879031
16536¬M82044¬GP¬UNKNOWN¬Visible¬True¬True¬Drs Clayton & Rogers¬29 Dodington¬¬¬Whitchurch¬Shropshire¬SY13 1EN¬52.9654541015625¬-2.6798915863037109¬05N¬NHS Shropshire CCG¬01948662033¬¬¬01948 663428
16537¬M82025002¬GP¬UNKNOWN¬Visible¬True¬True¬Churchmere Medical Group - Bridgewater¬Drumcarrig¬Bridgewater Street¬¬Whitchurch¬Shropshire¬SY13 1QH¬52.967636108398438¬-2.6784815788269043¬05N¬NHS Shropshire CCG¬01948320044¬churchmere.admin@nhs.net¬https://www.churchmere.co.uk¬
16538¬M82046¬GP¬UNKNOWN¬Visible¬True¬False¬Craven Arms Surgery¬20 Shrewsbury Road¬¬¬Craven Arms¬Shropshire¬SY7 9PY¬52.442314147949219¬-2.8354024887084961¬05N¬NHS Shropshire CCG¬01588672309¬¬¬01588 673943
16539¬M82047¬GP¬UNKNOWN¬Visible¬True¬True¬Marden Medical Practice¬25 Sutton Road¬¬¬Shrewsbury¬Shropshire¬SY2 6DL¬52.698116302490234¬-2.7308204174041748¬05N¬NHS Shropshire CCG¬01743 241313¬marden.marden@nhs.net¬https://www.mardenpractice.gpsurgery.net¬
16540¬M82048¬GP¬UNKNOWN¬Visible¬True¬True¬Belvidere Medical Practice¬23 Belvidere Road¬¬¬Shrewsbury¬Shropshire¬SY2 5LS¬52.707344055175781¬-2.7298498153686523¬05N¬NHS Shropshire CCG¬01743363640¬belvidere.ooh@nhs.net¬http://www.belvideremedicalpractice.nhs.uk¬01743 363692
16542¬M82051¬GP¬UNKNOWN¬Visible¬True¬True¬Broseley Medical Practice¬Bridgnorth Road¬¬¬Broseley¬Shropshire¬TF12 5EL¬52.611541748046875¬-2.4812538623809814¬05N¬NHS Shropshire CCG¬01952 882854¬¬¬01952 883930
16543¬Y01929009¬GP¬UNKNOWN¬Visible¬True¬True¬Teldoc - Hadley¬High Street¬¬¬Telford¬Shropshire¬TF1 5NG¬52.705352783203125¬-2.4836323261260986¬05X¬NHS Telford And Wrekin CCG¬03300536456¬teldoc.enquiries@nhs.net¬https://www.teldoc.org¬
16545¬M82056002¬GP¬UNKNOWN¬Visible¬True¬True¬Linden Hall Surgery¬Harper Adams University¬Edgmond¬¬Newport¬Shropshire¬TF10 8NB¬52.779899597167969¬-2.4255433082580566¬05X¬NHS Telford And Wrekin CCG¬01952815329¬lindenhall.reception@nhs.net¬http://www.lindenhallsurgery.co.uk/¬
16546¬M82056001¬GP¬UNKNOWN¬Visible¬True¬True¬Linden Hall Surgery¬Linden Hall Surgery¬Muxton Lane¬¬Muxton¬Shropshire¬TF2 8PF¬52.723533630371094¬-2.4183018207550049¬05X¬NHS Telford And Wrekin CCG¬01952670060¬lindenhall.reception@nhs.net¬http://www.lindenhallsurgery.co.uk/¬01952 606123
16547¬M82056¬GP¬UNKNOWN¬Visible¬True¬True¬Linden Hall Surgery¬Station Road¬¬¬Newport¬Shropshire¬TF10 7EN¬52.763576507568359¬-2.3745231628417969¬05X¬NHS Telford And Wrekin CCG¬01952820400¬lindenhall.reception@nhs.net¬http://www.lindenhallsurgery.co.uk/¬01952 825149
16548¬M82057¬GP¬UNKNOWN¬Visible¬True¬True¬Hollinswood And Priorslee Surgery¬Hollinswood And Priorslee Sgy¬Downemead¬Hollinswood¬Telford¬Shropshire¬TF3 2EW¬52.673938751220703¬-2.4374382495880127¬05X¬NHS Telford And Wrekin CCG¬01952 201144¬hollinswood.ooh3@nhs.net¬http://www.hollinswoodpriorsleesurgery.co.uk¬01952 201125
16549¬M82057001¬GP¬UNKNOWN¬Visible¬True¬True¬Priorslee Surgery¬The Glen, Priorslee¬Hollinswood¬¬Telford¬Shropshire¬TF2 9SW¬52.686626434326172¬-2.4272539615631104¬05X¬NHS Telford And Wrekin CCG¬1952201144¬¬¬01952 201125
16550¬M82058001¬GP¬UNKNOWN¬Visible¬False¬False¬Hodnet Medical Centre¬School House¬Ellerdine¬¬Telford¬Shropshire¬TF6 6QT¬52.786235809326172¬-2.5655019283294678¬05N¬NHS Shropshire CCG¬01630685230¬¬¬01630 685770
16551¬M82058¬GP¬UNKNOWN¬Visible¬False¬False¬Hodnet Medical Practice¬18 Drayton Road¬Hodnet¬¬Market Drayton¬Shropshire¬TF9 3NF¬52.855758666992188¬-2.5741727352142334¬05N¬NHS Shropshire CCG¬01630685230¬¬¬01630 685770
16552¬M82059¬GP¬UNKNOWN¬Visible¬True¬True¬Shawbirch Medical Centre¬5 Acorn Way¬Shawbirch¬¬Telford¬Shropshire¬TF5 0LW¬52.718124389648438¬-2.5318434238433838¬05X¬NHS Telford And Wrekin CCG¬01952641555¬¬http://www.shawbirchmedicalcentre.nhs.uk¬01952 260913
16553¬M82060¬GP¬UNKNOWN¬Visible¬True¬True¬South Hermitage Surgery¬South Hermitage¬Belle Vue¬¬Shrewsbury¬Shropshire¬SY3 7JS¬52.699733734130859¬-2.7524826526641846¬05N¬NHS Shropshire CCG¬01743343148¬¬http://www.shsurgery.co.uk¬
16554¬M82601¬GP¬UNKNOWN¬Visible¬True¬False¬Alveley Medical Practice¬The Medical Centre¬Village Road Alveley¬¬Bridgnorth¬Shropshire¬WV15 6NG¬52.454742431640625¬-2.3532950878143311¬05N¬NHS Shropshire CCG¬01746780553¬alveley.admin@nhs.net¬http://www.alveleymedicalpractice.co.uk¬
16555¬M82604¬GP¬UNKNOWN¬Visible¬True¬False¬Worthen Medical Practice¬Worthen¬¬¬Shrewsbury¬Shropshire¬SY5 9HT¬52.635215759277344¬-3.0001537799835205¬05N¬NHS Shropshire CCG¬01743891401¬worthenmedicalpractice@nhs.net¬http://www.worthenmedicalpractice.nhs.uk¬01743 891668
16556¬M82606¬GP¬UNKNOWN¬Visible¬True¬True¬Ironbridge Medical Practice¬Trinity Hall Dale Road¬Coalbrookdale¬¬Telford¬Shropshire¬TF8 7DT¬52.632843017578125¬-2.4918303489685059¬05X¬NHS Telford And Wrekin CCG¬01952432568¬ironbridge.mp@nhs.net¬http://www.ironbridgemedicalpractice.nhs.uk¬
16557¬Y01929004¬GP¬UNKNOWN¬Visible¬True¬True¬Teldoc - Leegomery¬Leegomery Surgery¬27 Lawton Farm Way¬Leegomery¬Telford¬Shropshire¬TF1 6PP¬52.712650299072266¬-2.4991374015808105¬05X¬NHS Telford And Wrekin CCG¬03300536456¬teldoc.enquiries@nhs.net¬https://www.teldoc.org¬
16559¬M82616¬GP¬UNKNOWN¬Visible¬True¬True¬Court Street Medical Practice¬Court Street¬Madeley¬¬Telford¬Shropshire¬TF7 5EE¬52.639320373535156¬-2.4497718811035156¬05X¬NHS Telford And Wrekin CCG¬01952586616¬¬¬01952 586324
16560¬Y01929006¬GP¬UNKNOWN¬Visible¬True¬True¬Teldoc - Malinslee¬Lawley Medical Practice¬Farriers Green¬Lawley¬Telford¬Shropshire¬TF4 2LL¬52.674854278564453¬-2.4801895618438721¬05X¬NHS Telford And Wrekin CCG¬01952560011¬teldoc.enquiries@nhs.net¬https://www.teldoc.org¬
16562¬M82620¬GP¬UNKNOWN¬Visible¬True¬False¬The Meadows Medical Practice¬Turnpike Meadow¬Clun¬¬Craven Arms¬Shropshire¬SY7 8HZ¬52.4217529296875¬-3.023916482925415¬05N¬NHS Shropshire CCG¬01588640573¬¬http://www.themeadowsmedicalpractice.co.uk/¬01547 520570
16563¬M83001¬GP¬UNKNOWN¬Visible¬True¬True¬Horse Fair Practice Group, Hillsprings Surgery¬Springfields Health And Wellbeing Centre¬Lovett Court¬¬Rugeley¬Staffordshire¬WS15 2FH¬52.767192840576172¬-1.9476997852325439¬04Y¬NHS Cannock Chase CCG¬01889582244¬¬www.horsefairpractice.nhs.uk¬01889 582958
16564¬M83001001¬GP¬UNKNOWN¬Visible¬True¬True¬Horse Fair Practice Group, Armitage Surgery¬Shropshire Brook Road¬Armitage¬¬Rugeley¬Staffordshire¬WS15 4UZ¬52.738136291503906¬-1.8728355169296265¬04Y¬NHS Cannock Chase CCG¬01543490444¬¬www.horsefairpractice.nhs.uk¬01543 491494
16565¬M83001002¬GP¬UNKNOWN¬Visible¬True¬True¬Horse Fair Practice Group¬Sandy Lane Health Centre¬Sandy Lane¬¬Rugeley¬Staffordshire¬WS15 2LB¬52.756744384765625¬-1.9370882511138916¬04Y¬NHS Cannock Chase CCG¬01889582244¬¬¬01889 579393
16566¬M83004¬GP¬UNKNOWN¬Visible¬True¬True¬Mayfield Surgery¬Mayfield 54 Trentham Road¬Longton¬¬Stoke On Trent¬Staffordshire¬ST3 4DW¬52.982711791992188¬-2.1345450878143311¬05W¬NHS Stoke On Trent CCG¬01782315654¬¬http://www.mayfieldsurgery.nhs.uk¬01782 598117
16567¬M83005¬GP¬UNKNOWN¬Visible¬True¬True¬Heathcote Street Surgery¬2 Heathcote Street¬Chesterton¬¬Newcastle Under Lyme¬Staffordshire¬ST5 7EB¬53.043460845947266¬-2.2509405612945557¬05G¬NHS North Staffordshire CCG¬01782561057¬¬http://www.chestertonsurgery.co.uk/¬01782 563907
16568¬M83006001¬GP¬UNKNOWN¬Visible¬True¬True¬The Westgate Practice  (Shenstone Branch)¬26 Lincoln Croft¬Shenstone¬¬Lichfield¬Staffordshire¬WS14 0ND¬52.639945983886719¬-1.8388059139251709¬05Q¬NHS South East Staffordshire And Seisdon Peninsula CCG¬01543480840¬westgate.westgate@nhs.net¬¬
16569¬M83006¬GP¬UNKNOWN¬Visible¬True¬True¬The Westgate Practice¬Church Street¬¬¬Lichfield¬Staffordshire¬WS13 6JL¬52.683540344238281¬-1.8211609125137329¬05Q¬NHS South East Staffordshire And Seisdon Peninsula CCG¬01543416633¬westgate.westgate@nhs.net¬http://www.westgatepractice.co.uk/¬
16571¬M83007¬GP¬UNKNOWN¬Visible¬True¬True¬The Village Surgery¬49 High Street¬Wolstanton¬¬Newcastle Under Lyme¬Staffordshire¬ST5 0ET¬53.033950805664062¬-2.2199573516845703¬05G¬NHS North Staffordshire CCG¬01782 626172¬¬https://www.thevillagesurgery.co.uk¬
16572¬M83009¬GP¬UNKNOWN¬Visible¬True¬True¬Brewood Surgery¬Kiddemore Green Road¬Brewood¬¬Stafford¬Staffordshire¬ST19 9BQ¬52.677177429199219¬-2.1795432567596436¬05V¬NHS Stafford And Surrounds CCG¬01902 851475¬¬http://www.brewoodsurgery.nhs.uk/¬01902 851360
16573¬M83009001¬GP¬UNKNOWN¬Visible¬True¬True¬Wheaton Aston Surgery¬Leabank House, The Cobbles¬Wheaton Aston¬¬Stafford¬Staffordshire¬ST19 9NB¬52.710578918457031¬-2.2218189239501953¬05V¬NHS Stafford And Surrounds CCG¬01785841055¬brewoodsurgery@nhs.net¬http://www.brewoodsurgery.nhs.uk/¬
16574¬M83009002¬GP¬UNKNOWN¬Visible¬True¬True¬Coven Surgery¬Coven Memorial Hall¬Coven¬¬Wolverhampton¬West Midlands¬WV9 5DL¬52.660697937011719¬-2.138653039932251¬05V¬NHS Stafford And Surrounds CCG¬01902851475¬brewoodsurgery@nhs.net¬http://www.brewoodsurgery.nhs.uk¬01902 851360
16575¬M83010¬GP¬UNKNOWN¬Visible¬True¬True¬Gordon Street Surgery¬72 Gordon Street¬¬¬Burton On Trent¬Staffordshire¬DE14 2JA¬52.811000823974609¬-1.6445983648300171¬05D¬NHS East Staffordshire CCG¬01283563175¬gordonstreet.surgery@nhs.net¬http://www.gordonstreetsurgery.co.uk¬
16576¬M83011¬GP¬UNKNOWN¬Visible¬True¬True¬Werrington Village Surgery¬Ash Bank Road¬Werrington¬¬Stoke On Trent¬Staffordshire¬ST9 0JS¬53.021663665771484¬-2.0980081558227539¬05G¬NHS North Staffordshire CCG¬01782304611¬¬¬01782 302987
16577¬M83012¬GP¬UNKNOWN¬Visible¬True¬True¬Leek Health Centre¬Fountain Street¬¬¬Leek¬Staffordshire¬ST13 6JB¬53.105693817138672¬-2.0193328857421875¬05G¬NHS North Staffordshire CCG¬01538381022¬nstccg.leekhealthcentre@nhs.net¬http://www.leekhealthcentre.co.uk/¬01538 398638
16578¬M83013¬GP¬UNKNOWN¬Visible¬True¬False¬The Yoxall Practice¬Yoxall Health Centre¬Savey Lane, Yoxall¬¬Burton On Trent¬Staffordshire¬DE13 8PD¬52.767986297607422¬-1.7931594848632813¬05D¬NHS East Staffordshire CCG¬01543472202¬yoxall.healthcentre@nhs.net¬http://www.yoxallhealthcentre.org.uk¬01543 472362
16579¬M83014¬GP¬UNKNOWN¬Visible¬True¬True¬Trent Vale Medical Practice¬Trent Vale Health Centre¬876 London Road¬Trent Vale¬Stoke On Trent¬Staffordshire¬ST4 5NX¬52.987373352050781¬-2.2017707824707031¬05W¬NHS Stoke On Trent CCG¬01782746898¬¬¬
16580¬M83015¬GP¬UNKNOWN¬Visible¬True¬True¬Moss Lane Surgery¬Moss Lane¬Madeley¬¬Crewe¬Cheshire¬CW3 9NQ¬52.999843597412109¬-2.3451111316680908¬05G¬NHS North Staffordshire CCG¬01782750274¬¬http://www.madeleypractice.co.uk/¬01782 751835
16581¬M83015001¬GP¬UNKNOWN¬Visible¬True¬True¬Baldwins Gate Surgery¬1 The Poplars, Tollgate Avenue¬Tollgate Avenue¬Baldwins Gate¬Baldwins Gate¬Staffordshire¬ST5 5DA¬52.958732604980469¬-2.3075826168060303¬05G¬NHS North Staffordshire CCG¬01782750274¬¬http://www.madeleypractice.co.uk¬
16582¬M83016¬GP¬UNKNOWN¬Visible¬True¬True¬High Street Surgery¬High Street¬Cheslyn Hay¬¬Walsall¬West Midlands¬WS6 7AB¬52.660682678222656¬-2.0317592620849609¬04Y¬NHS Cannock Chase CCG¬01922 701280¬locheebayne.surgery@nhs.net¬http://highstreetsurgery-cheslynhay.nhs.uk¬
16583¬M83017¬GP¬UNKNOWN¬Visible¬True¬True¬Ashley Surgery¬School Lane¬Ashley¬¬Market Drayton¬Shropshire¬TF9 4LF¬52.925785064697266¬-2.3554990291595459¬05G¬NHS North Staffordshire CCG¬01630672225¬¬www.ashleysurgery.co.uk¬01630 673862
16584¬M83018¬GP¬UNKNOWN¬Visible¬True¬True¬Gravel Hill Surgery¬Gravel Hill¬Wombourne¬¬Wolverhampton¬West Midlands¬WV5 9HA¬52.5340576171875¬-2.1857082843780518¬05Q¬NHS South East Staffordshire And Seisdon Peninsula CCG¬01902893375¬gravel.hill@nhs.net¬http://www.gravelhillsurgery.nhs.uk¬01902 896616
16587¬M83020¬GP¬UNKNOWN¬Visible¬True¬True¬Dr R T Griffiths & Partners¬8 High Street¬¬¬Stone¬Staffordshire¬ST15 8AP¬52.901554107666016¬-2.1458296775817871¬05V¬NHS Stafford And Surrounds CCG¬01785813538¬¬http://www.cumberlandhouse.org.uk¬
16588¬M83021¬GP¬UNKNOWN¬Visible¬True¬True¬Furlong Medical Centre¬Furlong Road¬Tunstall¬¬Stoke On Trent¬Staffordshire¬ST6 5UD¬53.063327789306641¬-2.2081246376037598¬05W¬NHS Stoke On Trent CCG¬01782577388¬¬http://www.furlongmedicalcentre.gpsurgery.net/¬01782 838610
16589¬M83022¬GP¬UNKNOWN¬Visible¬True¬False¬Hazeldene House Surgery¬Main Road¬Great Haywood¬¬Stafford¬Staffordshire¬ST18 0SU¬52.800693511962891¬-2.0044817924499512¬05V¬NHS Stafford And Surrounds CCG¬01889881206¬hazeldene.house-surgery@nhs.net¬http://www.hazeldenehousesurgery.org.uk/¬
16590¬M83023¬GP¬UNKNOWN¬Visible¬True¬True¬Dr C J Harbidge and Partners¬Kidsgrove Medical Centre¬Mount Road Whitehill¬Kidsgrove¬Stoke On Trent¬Staffordshire¬ST7 4AY¬53.087371826171875¬-2.2341005802154541¬05G¬NHS North Staffordshire CCG¬01782831101¬¬http://www.kidsgrovemedicalcentre.co.uk¬
16591¬M83024¬GP¬UNKNOWN¬Visible¬True¬True¬Castlefields Surgery¬Castle Way¬¬¬Stafford¬Staffordshire¬ST16 1BS¬52.801017761230469¬-2.1295032501220703¬05V¬NHS Stafford And Surrounds CCG¬01785223012¬¬http://www.castlefieldssurgery.nhs.uk¬
16592¬M83025¬GP¬UNKNOWN¬Visible¬True¬True¬Miller Street Surgery¬Miller Street¬¬¬Newcastle Under Lyme¬Staffordshire¬ST5 1JD¬53.013805389404297¬-2.2184090614318848¬05G¬NHS North Staffordshire CCG¬01782711618¬nstccg.millerstreetsurgery@nhs.net¬http://www.millerstreetsurgery.nhs.uk¬01782 713940
16593¬M83026¬GP¬UNKNOWN¬Visible¬True¬True¬Carlton Group Practice¬Carlton Street¬Horninglow¬¬Burton On Trent¬Staffordshire¬DE13 0TE¬52.821430206298828¬-1.6478372812271118¬05D¬NHS East Staffordshire CCG¬01283511387¬¬http://www.carltonstreet.nhs.uk¬
16594¬M83027¬GP¬UNKNOWN¬Visible¬True¬True¬Trent Meadows Medical Practice¬Main Street¬Branston¬¬Burton On Trent¬Staffordshire¬DE14 3EY¬52.7864990234375¬-1.6735037565231323¬05D¬NHS East Staffordshire CCG¬01283845555¬¬https://www.trentmeadowsmedicalpractice.co.uk/¬
16595¬M83027001¬GP¬UNKNOWN¬Visible¬True¬True¬Stretton Branch Surgery ¬Ladywell Close¬Stretton¬Burton On Trent¬Burton-On-Trent¬Staffordshire¬DE13 0FS¬52.831954956054687¬-1.6294955015182495¬05D¬NHS East Staffordshire CCG¬01283845555¬¬https://www.trentmeadowsmedicalpractice.co.uk/¬
16596¬M83028¬GP¬UNKNOWN¬Visible¬True¬True¬Glebedale Medical Practice¬Fenton Health Centre¬Glebedale Road¬Fenton¬Stoke On Trent¬Staffordshire¬ST4 3AQ¬52.998641967773437¬-2.1618175506591797¬05W¬NHS Stoke On Trent CCG¬01782743121¬¬http://www.glebedalemedicalpractice.nhs.uk/¬
16597¬M83030¬GP¬UNKNOWN¬Visible¬True¬True¬The Langton Medical Group¬Langton Grange Medical Centre¬Eastern Avenue¬¬Lichfield¬Staffordshire¬WS13 7FA¬52.696506500244141¬-1.837192177772522¬05Q¬NHS South East Staffordshire And Seisdon Peninsula CCG¬01543440819¬langton.medical@nhs.net¬http://www.langtonmedicalgroup.co.uk¬01543 414776
16598¬M83030001¬GP¬UNKNOWN¬Visible¬True¬True¬The Langton Medical Group Whittington Branch Surgery¬Whittington Village Hall¬Langton Crescent¬Whittington¬Lichfield¬Staffordshire¬WS14 9LR¬52.674472808837891¬-1.7622916698455811¬05Q¬NHS South East Staffordshire And Seisdon Peninsula CCG¬01543440811¬langton.medical@nhs.net¬http://www.langtonmedicalgroup.co.uk¬
16599¬M83031¬GP¬UNKNOWN¬Visible¬True¬True¬Russell House¬Bakers Way¬Codsall¬¬Wolverhampton¬West Midlands¬WV8 1HD¬52.631301879882812¬-2.2007620334625244¬05Q¬NHS South East Staffordshire And Seisdon Peninsula CCG¬01902842488¬russell.house@nhs.net¬http://www.russellhousesurgery.nhs.uk/¬01902 846170
16600¬M83032¬GP¬UNKNOWN¬Visible¬True¬True¬The Aldergate Med.Pract.¬The Mount¬Salters Lane¬¬Tamworth¬Staffordshire¬B79 8BH¬52.639080047607422¬-1.6956299543380737¬05Q¬NHS South East Staffordshire And Seisdon Peninsula CCG¬01827219843¬aldergate.practice@nhs.net¬https://www.aldergatemedicalpractice.co.uk¬
16601¬M83033¬GP¬UNKNOWN¬Visible¬True¬True¬Hednesford Valley H/Ctr¬Station Road¬Hednesford¬¬Cannock¬Staffordshire¬WS12 4DH¬52.712333679199219¬-2.0006828308105469¬04Y¬NHS Cannock Chase CCG¬01543 220441¬chandra.surgery@nhs.net¬http://www.hednesford-medical-practice.nhs.uk¬01543 870565
16602¬M83034¬GP¬UNKNOWN¬Visible¬True¬True¬Silverdale & Ryecroft Practice¬Vale Pleasant¬Silverdale¬¬Newcastle Under Lyme¬Staffordshire¬ST5 6PS¬53.015632629394531¬-2.2672498226165771¬05G¬NHS North Staffordshire CCG¬01782 381680¬¬http://www.silverdaleandryecroftpractice.nhs.uk/¬01782 714036
16603¬M83034001¬GP¬UNKNOWN¬Visible¬True¬True¬Silverdale & Ryecroft Branch¬Broad Street¬¬¬Newcastle¬Staffordshire¬ST5 2BQ¬53.014148712158203¬-2.2289340496063232¬05G¬NHS North Staffordshire CCG¬01782 381680¬¬http://www.silverdaleandryecroftpractice.nhs.uk/¬01782 714036
16604¬M83035¬GP¬UNKNOWN¬Visible¬True¬True¬Alrewas Surgery¬Exchange Road¬Alrewas¬¬Burton On Trent¬Staffordshire¬DE13 7AS¬52.733085632324219¬-1.7453869581222534¬05D¬NHS East Staffordshire CCG¬01283790316¬alrewas.surgery@nhs.net¬http://www.alrewassurgery.co.uk¬01283 791863
16605¬M83036¬GP¬UNKNOWN¬Visible¬True¬True¬Rising Brook¬Merrey Road¬Rising Brook¬¬Stafford¬Staffordshire¬ST17 9LY¬52.787281036376953¬-2.120091438293457¬05V¬NHS Stafford And Surrounds CCG¬01785251134¬rising-brook.surgery@nhs.net¬http://www.risingbrooksurgery.nhs.uk¬01785 222441
16607¬M83037¬GP¬UNKNOWN¬Visible¬True¬True¬The Tutbury Practice¬Monk Street¬Tutbury¬¬Burton On Trent¬Staffordshire¬DE13 9NA¬52.858455657958984¬-1.6863459348678589¬05D¬NHS East Staffordshire CCG¬01283812210¬tutbury.practice@sshawebmail.nhs.uk¬https://www.tutburypractice.co.uk¬
16608¬M83038¬GP¬UNKNOWN¬Visible¬True¬True¬Orchard Surgery¬Knypersley Road¬Norton-In-The-Moors¬¬Stoke On Trent¬Staffordshire¬ST6 8HY¬53.064289093017578¬-2.1624064445495605¬05W¬NHS Stoke On Trent CCG¬01782534241¬angela.manley@stoke.nhs.uk¬www.orchardsurgery.co.uk¬01782 541068
16609¬M83038001¬GP¬UNKNOWN¬Visible¬True¬True¬Dr M Guindy & Ptrs (Endon Branch Surgery)¬Station Road¬Endon¬¬Stoke-On-Trent¬Staffordshire¬ST9 9DN¬53.075183868408203¬-2.1092350482940674¬05W¬NHS Stoke On Trent CCG¬01782502227¬angela.manley@stoke.nhs.uk¬www.endonsurgery.co.uk¬01782 505110
16610¬M83041¬GP¬UNKNOWN¬Visible¬True¬True¬Moss Grove Surgery Kinver¬Kinver Health Centre¬High Street¬Kinver¬Stourbridge¬West Midlands¬DY7 6HL¬52.447544097900391¬-2.2280857563018799¬05Q¬NHS South East Staffordshire And Seisdon Peninsula CCG¬01384873311¬communications.mossgrovekinver@nhs.net¬http://www.mossgrovesurgery.co.uk¬01384 877328
16611¬M83042¬GP¬UNKNOWN¬Visible¬True¬True¬Bridge Surgery¬St. Peters Street¬Stapenhill¬¬Burton On Trent¬Staffordshire¬DE15 9AW¬52.795135498046875¬-1.6213252544403076¬05D¬NHS East Staffordshire CCG¬1283563451¬¬http://www.bridgesurgery.net/¬01283 500896
16613¬M83044¬GP¬UNKNOWN¬Visible¬True¬True¬Stafford Health and Wellbeing¬Whitgreave Court¬¬¬Stafford¬Staffordshire¬ST16 3EB¬52.821010589599609¬-2.1258518695831299¬05V¬NHS Stafford And Surrounds CCG¬01785 258249¬staffordhealth.wellbeingcentre@nhs.net¬http://www.staffordhealthandwellbeingcentre.nhs.uk¬01785 253119
16614¬M83045¬GP¬UNKNOWN¬Visible¬True¬True¬Penkridge Medical Practice¬Pinfold Lane¬Penkridge¬¬Stafford¬Staffordshire¬ST19 5AP¬52.725730895996094¬-2.1183376312255859¬05V¬NHS Stafford And Surrounds CCG¬01785712300¬penkridge.medical@shawebmail.nhs.uk¬¬01785 713696
16615¬M83046¬GP¬UNKNOWN¬Visible¬True¬True¬Dr P J Lightfoot & Partners¬Biddulph Primary Care Centre¬Biddulph Valley Surgery¬Wharf Road¬Stoke On Trent¬Staffordshire¬ST8 6AG¬53.116096496582031¬-2.1784837245941162¬05G¬NHS North Staffordshire CCG¬03004042987¬¬¬01782 828585
16616¬M83047¬GP¬UNKNOWN¬Visible¬True¬True¬Meir Park Surgery¬Lysander Road¬Meir Park Meir¬¬Stoke On Trent¬Staffordshire¬ST3 7TW¬52.966289520263672¬-2.0948750972747803¬05W¬NHS Stoke On Trent CCG¬01782388204¬¬¬01782 399909
16617¬M83048001¬GP¬UNKNOWN¬Visible¬True¬True¬Zein-Elabdin Branch¬Old Penkridge Road¬¬¬Cannock¬Staffordshire¬WS11 1HX¬52.691677093505859¬-2.0359838008880615¬04Y¬NHS Cannock Chase CCG¬01922702240 (ext. 2)¬nile.practice@nhs.net¬http://www.thenilepractice.co.uk/¬01543 572831
16618¬M83048¬GP¬UNKNOWN¬Visible¬True¬True¬The Nile Practice¬High Street¬Cheslyn Hay¬¬Walsall¬West Midlands¬WS6 7AE¬52.660106658935547¬-2.0370962619781494¬04Y¬NHS Cannock Chase CCG¬01922702240¬nile.practice@nhs.net¬http://www.thenilepractice.co.uk/¬01922 411235
16619¬M83049¬GP¬UNKNOWN¬Visible¬True¬True¬Holmcroft Surgery¬Holmcroft Road¬¬¬Stafford¬Staffordshire¬ST16 1JG¬52.822463989257813¬-2.1320750713348389¬05V¬NHS Stafford And Surrounds CCG¬01785242172¬¬http://holmcroftsurgery.nhs.uk/¬01785 253889
16620¬M83050¬GP¬UNKNOWN¬Visible¬True¬True¬Wolverhampton Road Surgery¬Wolverhampton Road¬¬¬Stafford¬Staffordshire¬ST17 4BS¬52.802490234375¬-2.1127910614013672¬05V¬NHS Stafford And Surrounds CCG¬01785258161¬wolverhamptonrd.surgery@nhs.net¬http://www.wolverhamptonroadsurgery.nhs.uk¬01785 224140
16621¬M83051¬GP¬UNKNOWN¬Visible¬True¬True¬Dr Law & Partners¬12 Wetmore Road¬¬¬Burton-On-Trent¬Staffordshire¬DE14 1SL¬52.808048248291016¬-1.626049280166626¬05D¬NHS East Staffordshire CCG¬01283564848¬wetmore@nhs.net¬www.wetmoreroadsurgery.co.uk¬01283 569416
16622¬M83052¬GP¬UNKNOWN¬Visible¬True¬True¬Weeping Cross Health Centre¬¬Bodmin Avenue¬¬Stafford¬Staffordshire¬ST17 0EG¬52.791515350341797¬-2.0777661800384521¬05V¬NHS Stafford And Surrounds CCG¬01785662505¬sasccg.weepingcross@nhs.net¬https://www.wxhc.org.uk¬
16623¬M83052001¬GP¬UNKNOWN¬Visible¬True¬True¬Beaconside Health Centre¬¬Weston Road¬¬Stafford¬Staffordshire¬ST18 0BF¬52.811100006103516¬-2.0831568241119385¬05V¬NHS Stafford And Surrounds CCG¬01785214424¬sasccg.beaconside@nhs.net¬https://www.wxhc.org.uk¬
16624¬M83054¬GP¬UNKNOWN¬Visible¬True¬True¬Audley Health Centre¬Audley Health Centre¬Church Street¬Audley¬Stoke On Trent¬Staffordshire¬ST7 8EW¬53.054195404052734¬-2.3005642890930176¬05G¬NHS North Staffordshire CCG¬01782276999¬audley.admin@nhs.net¬http://audleyhealthcentre.co.uk/¬01782 729134
16625¬M83056¬GP¬UNKNOWN¬Visible¬True¬True¬Wolstanton Medical Centre¬¬Palmerston Street¬Wolstanton¬Newcastle Under Lyme¬Staffordshire¬ST5 8BN¬53.031471252441406¬-2.2175948619842529¬05G¬NHS North Staffordshire CCG¬01782 627488¬¬http://www.wolstantonmedicalcentre.nhs.uk/¬01782 662313
16626¬M83057¬GP¬UNKNOWN¬Visible¬True¬True¬Mill Bank Surgery¬Water Street¬¬¬Stafford¬Staffordshire¬ST16 2AG¬52.804893493652344¬-2.1186120510101318¬05V¬NHS Stafford And Surrounds CCG¬01785258348¬millbanksurgery@nhs.net¬http://www.millbanksurgery.nhs.uk¬01785 227144
16627¬M83059¬GP¬UNKNOWN¬Visible¬True¬True¬Abbots Bromley Surgery¬School House Lane¬Abbots Bromley¬¬Rugeley¬Staffordshire¬WS15 3BT¬52.819976806640625¬-1.8809514045715332¬05D¬NHS East Staffordshire CCG¬01283840228¬abbotsbromley.surgery@nhs.net¬¬
16628¬M83061¬GP¬UNKNOWN¬Visible¬True¬True¬Millrise Medical Practice¬12 Millrise Road¬Milton¬¬Stoke On Trent¬Staffordshire¬ST2 7BW¬53.049575805664062¬-2.1418545246124268¬05W¬NHS Stoke On Trent CCG¬01782536300¬millrisepractice@nhs.net¬http://www.millrisemedicalpractice.co.uk/¬
16629¬M83062¬GP¬UNKNOWN¬Visible¬True¬True¬Laurel House Surgery¬12 Albert Road¬¬¬Tamworth¬Staffordshire¬B79 7JN¬52.636566162109375¬-1.6928102970123291¬05Q¬NHS South East Staffordshire And Seisdon Peninsula CCG¬0182769283¬laurel.house@nhs.net¬http://www.laurelhousesurgery.co.uk/¬01827 63493
16630¬M83062001¬GP¬UNKNOWN¬Visible¬True¬True¬Laurel House Surgery (Fazeley Branch)¬Albert Road, Fazeley¬Fazeley¬¬Tamworth¬Staffordshire¬B78 3JQ¬52.615001678466797¬-1.704403281211853¬05Q¬NHS South East Staffordshire And Seisdon Peninsula CCG¬01827283994¬laurel.house@nhs.net¬http://www.laurelhousesurgery.co.uk/index.aspx¬01827 63493
16631¬M83063¬GP¬UNKNOWN¬Visible¬True¬True¬Norton Canes Health Centre¬Brownhills Road¬Norton Canes¬¬Cannock¬Staffordshire¬WS11 9SE¬52.673980712890625¬-1.9702310562133789¬04Y¬NHS Cannock Chase CCG¬01543450222¬nortoncanes.healthcentre@nhs.net¬¬01543 450014
16632¬M83110002¬GP¬UNKNOWN¬Visible¬True¬True¬Wilnecote Surgery¬Parson Street¬¬¬Wilnecote¬Staffordshire¬B77 5BD¬52.6087646484375¬-1.6713410615921021¬05Q¬NHS South East Staffordshire And Seisdon Peninsula CCG¬01827 280800¬¬https://www.wilnecoteanddosthillsurgeries.co.uk¬
16633¬M83110006¬GP¬UNKNOWN¬Visible¬True¬True¬Drs Rajput & Khan¬Cadogan Road¬Dosthill¬¬Tamworth¬Staffordshire¬B77 1PQ¬52.598617553710938¬-1.6810134649276733¬05Q¬NHS South East Staffordshire And Seisdon Peninsula CCG¬1827283487¬¬https://www.wilnecoteanddosthillsurgeries.co.uk¬
16634¬M83065¬GP¬UNKNOWN¬Visible¬True¬True¬Barton Family Practice¬Short Lane¬Barton-Under-Needwood¬¬Burton On Trent¬Staffordshire¬DE13 8LT¬52.761737823486328¬-1.7252144813537598¬05D¬NHS East Staffordshire CCG¬01283249923¬barton.fp@nhs.net¬¬01283 722945
16635¬M83066¬GP¬UNKNOWN¬Visible¬True¬True¬Hartshill Medical Centre¬Ashwell Road¬Hartshill¬¬Stoke On Trent¬Staffordshire¬ST4 6AT¬53.009929656982422¬-2.2106096744537354¬05W¬NHS Stoke On Trent CCG¬03001231893¬¬http://www.hartshillsurgery.co.uk¬
16636¬M83067¬GP¬UNKNOWN¬Visible¬True¬True¬Lyme Valley Practice¬Lyme Valley Road¬Newcastle¬¬Newcastle Under Lyme¬Staffordshire¬ST5 3TF¬53.006290435791016¬-2.223736047744751¬05G¬NHS North Staffordshire CCG¬01782615367¬¬http://www.lymevalley.co.uk¬01782 713355
16637¬M83068¬GP¬UNKNOWN¬Visible¬True¬True¬Belgrave Medical Centre¬116 Belgrave Road¬Dresden Longton¬¬Stoke On Trent¬Staffordshire¬ST3 4LR¬52.979019165039062¬-2.1326274871826172¬05W¬NHS Stoke On Trent CCG¬01782593344¬belgravemedicalcentre@nhs.net¬http://www.bmcgp.co.uk¬01782 593305
16638¬M83069¬GP¬UNKNOWN¬Visible¬True¬True¬Mansion House Surgery¬Mansion House¬Abbey Street¬¬Stone¬Staffordshire¬ST15 8YE¬52.899948120117187¬-2.1437430381774902¬05V¬NHS Stafford And Surrounds CCG¬01785815555¬mansion.house@nhs.net¬http://www.mansionhousesurgery.nhs.uk¬01785 815541
16640¬M83070¬GP¬UNKNOWN¬Visible¬True¬True¬Gnosall Surgery¬Brookhouse Road¬Gnosall¬¬Stafford¬Staffordshire¬ST20 0GP¬52.789997100830078¬-2.2565069198608398¬05V¬NHS Stafford And Surrounds CCG¬01785822220¬gnosall.surgery@nhs.net¬http://www.gnosallsurgery.co.uk¬01785 822776
16641¬M83071¬GP¬UNKNOWN¬Visible¬True¬True¬Park Medical Centre¬Ball Haye Road¬¬¬Leek¬Staffordshire¬ST13 6QR¬53.107257843017578¬-2.020498514175415¬05G¬NHS North Staffordshire CCG¬01538 399152¬¬https://pmcleek.nhs.uk/¬
16642¬M83072¬GP¬UNKNOWN¬Visible¬True¬True¬Salters Meadow Health Ctr¬Rugeley Road¬Chase Terrace¬¬Burntwood¬Staffordshire¬WS7 1AQ¬52.682163238525391¬-1.9330089092254639¬05Q¬NHS South East Staffordshire And Seisdon Peninsula CCG¬01543682611¬saltersmeadow.surgery@nhs.net¬¬01543 675391
16643¬M83073¬GP¬UNKNOWN¬Visible¬True¬True¬Stapenhill Medical Centre¬Fyfield Road¬¬¬Burton On Trent¬Staffordshire¬DE15 9QD¬52.785526275634766¬-1.6248929500579834¬05D¬NHS East Staffordshire CCG¬01283565200¬stapenhill.medical@nhs.net¬http://www.stapenhillmedical.co.uk¬
16645¬M83074¬GP¬UNKNOWN¬Visible¬True¬True¬Balance Street Practice¬Balance Street¬¬¬Uttoxeter¬Staffordshire¬ST14 8JG¬52.897106170654297¬-1.8634971380233765¬05D¬NHS East Staffordshire CCG¬01889562145¬balancestreet.practice@nhs.net¬http://www.balancestreetpractice.co.uk¬01889 568164
16646¬M83075¬GP¬UNKNOWN¬Visible¬True¬True¬Norfolk Street Surgery¬Shelton Primary Care Centre¬Norfolk Street¬Shelton¬Stoke On Trent¬Staffordshire¬ST1 4PB¬53.016006469726562¬-2.1827800273895264¬05W¬NHS Stoke On Trent CCG¬01782222900¬norfolkstreetsurgery@stoke.nhs.uk¬http://www.norfolkstreetsurgery.co.uk/¬01782 222917
16647¬M83076001¬GP¬UNKNOWN¬Visible¬True¬True¬Student Health Services¬Coalport Building¬Leek Road¬¬Stoke-On-Trent¬Staffordshire¬ST4 2YJ¬53.007308959960938¬-2.1739654541015625¬05W¬NHS Stoke On Trent CCG¬3001231765¬¬http://www.harleystreetmedicalpractice.org.uk/¬
16648¬M83076¬GP¬UNKNOWN¬Visible¬True¬True¬Harley Street Medical Ctr¬Harley Street¬Hanley¬¬Stoke On Trent¬Staffordshire¬ST1 3RX¬53.022426605224609¬-2.1707167625427246¬05W¬NHS Stoke On Trent CCG¬01782212066¬¬www.harleystreetmedicalpractice.org.uk¬01782 201326
16650¬M83079¬GP¬UNKNOWN¬Visible¬True¬True¬Moorland Medical Centre¬Dyson House Regent Street¬¬¬Leek¬Staffordshire¬ST13 6LU¬53.106727600097656¬-2.0195722579956055¬05G¬NHS North Staffordshire CCG¬01538399008¬¬http://www.moorlandmedicalcentre.co.uk/¬01538 398228
16652¬M83082¬GP¬UNKNOWN¬Visible¬True¬True¬The Haymarket Health Centre¬Dunning Street¬Tunstall¬¬Stoke On Trent¬Staffordshire¬ST6 5BE¬53.060348510742187¬-2.2117660045623779¬05W¬NHS Stoke On Trent CCG¬0300 365 0005¬¬http://www.loomermedical.co.uk¬01782 575858
16653¬M83084¬GP¬UNKNOWN¬Visible¬True¬True¬Dr Robinson & Partners¬Kidsgrove Medical Centre¬Mount Road¬Kidsgrove¬Stoke On Trent¬Staffordshire¬ST7 4AY¬53.087371826171875¬-2.2341005802154541¬05G¬NHS North Staffordshire CCG¬01782777991¬¬¬01782 788244
16654¬M83088¬GP¬UNKNOWN¬Visible¬True¬True¬The Hollies Medical Practice¬Upper Gungate¬¬¬Tamworth¬Staffordshire¬B79 7EA¬52.636825561523437¬-1.6951136589050293¬05Q¬NHS South East Staffordshire And Seisdon Peninsula CCG¬01827217799¬hollies.medical@nhs.net¬http://www.holliesmedical.co.uk/¬
16655¬M83089¬GP¬UNKNOWN¬Visible¬True¬True¬Biddulph Doctors¬Biddulph Primary Care Centre¬Wharf Road¬¬Stoke On Trent¬Staffordshire¬ST8 6AG¬53.116096496582031¬-2.1784837245941162¬05G¬NHS North Staffordshire CCG¬03004042988¬¬http://www.biddulphdoctors.nhs.uk¬01782 828584
16656¬M83090¬GP¬UNKNOWN¬Visible¬True¬True¬Dunrobin Street Medical Centre¬Dunrobin Street¬Longton¬¬Stoke On Trent¬Staffordshire¬ST3 4LN¬52.980945587158203¬-2.1318290233612061¬05W¬NHS Stoke On Trent CCG¬01782590040¬dunrobin.streetmedical@nhs.net¬http://www.dunrobinstreetmedicalcentre.co.uk/¬
16657¬M83092¬GP¬UNKNOWN¬Visible¬True¬False¬Crown Surgery¬23 High Street¬Eccleshall¬¬Stafford¬Staffordshire¬ST21 6BW¬52.859416961669922¬-2.2535004615783691¬05V¬NHS Stafford And Surrounds CCG¬01785850226¬crown.surgery@nhs.net¬http://www.crownsurgery.org.uk¬01785 850851
16658¬M83093¬GP¬UNKNOWN¬Visible¬True¬True¬Dale Medical Centre¬Planks Lane¬Wombourne¬¬Wolverhampton¬West Midlands¬WV5 8DX¬52.533016204833984¬-2.1961410045623779¬05Q¬NHS South East Staffordshire And Seisdon Peninsula CCG¬01902892209¬dalemedicalpractice.wombourne@nhs.net¬http://www.dalemedicalpractice-wombourne.nhs.uk/¬01902 892441
16659¬M83094¬GP¬UNKNOWN¬Visible¬True¬True¬Brook Medical Centre¬98 Chell Heath Road¬Bradeley¬¬Stoke On Trent¬Staffordshire¬ST6 7NN¬53.057071685791016¬-2.1758520603179932¬05W¬NHS Stoke On Trent CCG¬01782 838355¬¬http://www.brookmedicalcentre.co.uk/¬01782 836245
16660¬M83096¬GP¬UNKNOWN¬Visible¬True¬True¬The Tardis Surgery¬Queen Street¬Cheadlen-Trent¬¬Stoke On Trent¬Staffordshire¬ST10 1BH¬52.988361358642578¬-1.9865671396255493¬05G¬NHS North Staffordshire CCG¬01538753771¬¬¬01538 752557
16661¬M83097¬GP¬UNKNOWN¬Visible¬True¬True¬Bilbrook Medical Centre¬Brookfield Road¬Bilbrook¬¬Wolverhampton¬West Midlands¬WV8 1DX¬52.625377655029297¬-2.1816873550415039¬05Q¬NHS South East Staffordshire And Seisdon Peninsula CCG¬01902847313¬bilbrookmedical@nhs.net¬http://www.bilbrookmedicalcentre.nhs.uk/welcome,40485.htm¬01902 842322
16662¬M83100¬GP¬UNKNOWN¬Visible¬True¬True¬Dr P D Miles And Dr R Valasapalli¬Meir Primary Care Centre¬Weston Road¬Meir¬Stoke On Trent¬Staffordshire¬ST3 6AB¬52.97845458984375¬-2.1028397083282471¬05W¬NHS Stoke On Trent CCG¬03007900169¬¬http://www.drmilesandpartner.co.uk/¬01782 828526
16663¬M83102¬GP¬UNKNOWN¬Visible¬True¬True¬Potteries Medical Centre¬Beverley Drive¬Bentilee¬¬Stoke On Trent¬Staffordshire¬ST2 0JG¬53.020076751708984¬-2.1368231773376465¬05W¬NHS Stoke On Trent CCG¬01782208755¬¬¬01782 209210
16664¬M83103¬GP¬UNKNOWN¬Visible¬True¬True¬The Surgery Allen Street¬Cheadle¬¬¬Stoke On Trent¬Staffordshire¬ST10 1HJ¬52.983829498291016¬-1.9824278354644775¬05G¬NHS North Staffordshire CCG¬01538752674¬¬http://www.allenstreetclinic.com/¬01538 753265
16665¬M83107¬GP¬UNKNOWN¬Visible¬True¬True¬Alderwood Medical Practice¬Longford Road¬¬¬Cannock¬Staffordshire¬WS11 1QN¬52.683677673339844¬-2.0404298305511475¬04Y¬NHS Cannock Chase CCG¬01543571055¬¬http://www.alderwoodmedicalpractice.co.uk¬
16666¬M83108¬GP¬UNKNOWN¬Visible¬True¬True¬Dr Do Yates' Practice¬Well Street Medical Centre¬Well Street¬Cheadle¬Stoke On Trent¬Staffordshire¬ST10 1EY¬52.986392974853516¬-1.9836928844451904¬05G¬NHS North Staffordshire CCG¬01538 753114¬nstccg.wellstreetcheadle@nhs.net¬http://www.wellstreetcheadle.nhs.uk¬
16667¬M83108001¬GP¬UNKNOWN¬Visible¬True¬True¬Dr Yates Do Branch¬Memorial Hall¬Church Lane¬Ipstones¬Stoke-On-Trent¬Staffordshire¬ST10 2LD¬53.047481536865234¬-1.9721693992614746¬05G¬NHS North Staffordshire CCG¬01538753114¬¬http://www.wellstreetcheadle.nhs.uk/¬
16668¬M83109¬GP¬UNKNOWN¬Visible¬True¬True¬Dr Manickam & Partner¬41 Station Road¬Hednesford¬¬Hednesford¬Staffordshire¬WS12 4DH¬52.712333679199219¬-2.0006828308105469¬04Y¬NHS Cannock Chase CCG¬01543870580¬escrett.street@nhs.net¬https://www.drmanickam-hednesford-valley.nhs.uk/home/¬
16669¬M83110¬GP¬UNKNOWN¬Visible¬True¬True¬Heathview Medical Practice¬Glascote Health Centre¬60 Caledonian¬Glascote¬Tamworth¬Staffordshire¬B77 2ED¬52.621967315673828¬-1.6637972593307495¬05Q¬NHS South East Staffordshire And Seisdon Peninsula CCG¬01827281000¬¬¬01827 289354
16670¬M83111¬GP¬UNKNOWN¬Visible¬True¬True¬Dr Olajide Ijaola¬Riverside Surgery¬41-42 Balfour¬¬Tamworth¬Staffordshire¬B79 7BH¬52.632339477539062¬-1.6995034217834473¬05Q¬NHS South East Staffordshire And Seisdon Peninsula CCG¬0182766676¬riverside.surgery@nhs.net¬¬01827 313095
16671¬M83113¬GP¬UNKNOWN¬Visible¬True¬True¬Stonydelph Medical Ctr¬Ellerbeck¬Wilnecote¬¬Tamworth¬Staffordshire¬B77 4JA¬52.617572784423828¬-1.6508625745773315¬05Q¬NHS South East Staffordshire And Seisdon Peninsula CCG¬01827892809¬stoneydelph.khare@sshawebmail.nhs.uk¬¬
16672¬M83115¬GP¬UNKNOWN¬Visible¬True¬True¬Boneyhay Surgery¬11 Longfellow Road¬Staffs¬¬Burntwood¬Staffordshire¬WS7 2EY¬52.690330505371094¬-1.926753044128418¬05Q¬NHS South East Staffordshire And Seisdon Peninsula CCG¬01543 674503¬¬https://www.langtonmedicalgroup.co.uk¬
16673¬M83117¬GP¬UNKNOWN¬Visible¬True¬True¬Crown Medical Practice¬Upper Gungate¬¬¬Tamworth¬Staffordshire¬B79 7EA¬52.636825561523437¬-1.6951136589050293¬05Q¬NHS South East Staffordshire And Seisdon Peninsula CCG¬01827315355¬crownmedical@nhs.net¬¬01827 63873
16674¬M83121001¬GP¬UNKNOWN¬Visible¬True¬True¬Dr Tiguti V Branch¬Blythe Bridge Primary Care Centre¬Uttoxeter Road¬¬Stoke-On-Trent¬Staffordshire¬ST11 9NT¬52.965129852294922¬-2.0542867183685303¬05G¬NHS North Staffordshire CCG¬03001234017¬¬¬03001234301
16675¬M83121¬GP¬UNKNOWN¬Visible¬True¬True¬Tean Surgery¬Old Road¬Tean¬¬Stoke On Trent¬Staffordshire¬ST10 4EG¬52.954418182373047¬-1.9880213737487793¬05G¬NHS North Staffordshire CCG¬01538722323¬¬¬01538 723363
16676¬M83122¬GP¬UNKNOWN¬Visible¬True¬True¬Waterhouses Medical Pract¬Waterfall Lane¬Waterhouses¬¬Stoke On Trent¬Staffordshire¬ST10 3HT¬53.053592681884766¬-1.8833534717559814¬05G¬NHS North Staffordshire CCG¬01538308207¬kate.robotham@northstaffs.nhs.uk¬http://www.waterhousesmedical.co.uk/¬01538 308653
16677¬M83123¬GP¬UNKNOWN¬Visible¬True¬True¬Birches Head Medical Centre¬Diana Road¬¬¬Stoke On Trent¬Staffordshire¬ST1 6RS¬53.035671234130859¬-2.1540818214416504¬05W¬NHS Stoke On Trent CCG¬01782948998¬¬http://www.birchesheadmedicalcentre.co.uk/¬01782 284808
16678¬M83123001¬GP¬UNKNOWN¬Visible¬True¬True¬Dr K Samal Branch¬Hulton House Surgery¬1479 Leek Road¬Abbey Hulton¬Stoke-On-Trent¬Staffordshire¬ST2 8DA¬53.039047241210938¬-2.1437437534332275¬05W¬NHS Stoke On Trent CCG¬01782 948990¬¬http://www.birchesheadmedicalcentre.co.uk/¬
16680¬M83125¬GP¬UNKNOWN¬Visible¬True¬False¬Claverley Medical Practice¬Spicers Close¬Claverley¬¬Wolverhampton¬West Midlands¬WV5 7BY¬52.539302825927734¬-2.3073534965515137¬05Q¬NHS South East Staffordshire And Seisdon Peninsula CCG¬01746710223¬claverley.medical@nhs.net¬http://www.claverleymedical.co.uk¬01746 710744
16681¬M83126¬GP¬UNKNOWN¬Visible¬True¬True¬Longton Hall Surgery¬186 Longton Hall Road¬Blurton¬¬Stoke On Trent¬Staffordshire¬ST3 2EJ¬52.983379364013672¬-2.1543571949005127¬05W¬NHS Stoke On Trent CCG¬01782948988¬¬¬01782 594814
16682¬M83127¬GP¬UNKNOWN¬Visible¬True¬True¬COBRIDGE SURGERY¬Cobridge Comm Health Centre¬Cobridge¬¬Stoke On Trent¬Staffordshire¬ST6 2JN¬53.035381317138672¬-2.186992883682251¬05W¬NHS Stoke On Trent CCG¬03007900161¬¬¬
16684¬M83129001¬GP¬UNKNOWN¬Visible¬True¬True¬Chase Practice¬65 Church Street¬¬¬Cannock¬Staffordshire¬WS11 1DS¬52.690269470214844¬-2.0262477397918701¬04Y¬NHS Cannock Chase CCG¬01543577972¬¬http://www.chasemedicalpractice.nhs.uk/¬
16685¬M83129¬GP¬UNKNOWN¬Visible¬True¬True¬Dr H Choudhary¬Heath Hayes Health Centre¬Gorsemoor Road¬Heath Hayes¬Cannock¬Staffordshire¬WS12 3TG¬52.690624237060547¬-1.988269567489624¬04Y¬NHS Cannock Chase CCG¬01543278461¬heathhayes.healthcentre@nhs.net¬http://www.heathhayeshealthcentre.nhs.uk/¬01543 271199
16686¬M83130¬GP¬UNKNOWN¬Visible¬True¬True¬Red Lion Surgery¬The Davy Unit, Ground Floor¬Cannock Chase Hospital¬Brunswick Road¬Cannock¬Staffordshire¬WS11 5XY¬52.693244934082031¬-2.0305995941162109¬04Y¬NHS Cannock Chase CCG¬01543576138¬redlion.surgery@nhs.net¬http://www.redlionsurgery.nhs.uk/¬01543 576138
16687¬M83132¬GP¬UNKNOWN¬Visible¬True¬True¬Lakeside Medical Centre¬Church Road¬Perton¬¬Wolverhampton¬West Midlands¬WV6 7PD¬52.595470428466797¬-2.2036688327789307¬05Q¬NHS South East Staffordshire And Seisdon Peninsula CCG¬01902755329¬¬http://www.lakesidemedicalcentre-perton.nhs.uk¬01902 755224
16689¬M83134¬GP¬UNKNOWN¬Visible¬True¬True¬The Surgery Foden Street¬32 Foden Street¬Stoke-On-Trent¬¬Stoke On Trent¬Staffordshire¬ST4 4BX¬52.997047424316406¬-2.188227653503418¬05W¬NHS Stoke On Trent CCG¬01782411884¬¬http://www.fodenstreetsurgery.co.uk/¬
16690¬M83138¬GP¬UNKNOWN¬Visible¬True¬True¬Drs Shah & Talpur Surgery ¬Drs Shah and Talpur Surgery¬Hanford Health Centre¬New Inn Lane¬Stoke-On-Trent¬Staffordshire¬ST4 8EX¬52.974037170410156¬-2.1946201324462891¬05W¬NHS Stoke On Trent CCG¬03001231468¬janet.hadley@northstaffs.nhs.uk¬http://www.hanfordgp.co.uk¬01782 869489
16691¬M83139¬GP¬UNKNOWN¬Visible¬True¬True¬Moss Street Surgery¬23 Moss Street¬Chadsmoor¬¬Cannock¬Staffordshire¬WS11 6DE¬52.702678680419922¬-2.0128769874572754¬04Y¬NHS Cannock Chase CCG¬01543504477¬moss.street@nhs.net¬http://www.mossstreetsurgery.nhs.uk¬01543 504636
16692¬M83140¬GP¬UNKNOWN¬Visible¬True¬True¬Higherland Surgery¬3 Orme Road¬Poolfields¬¬Newcastle Under Lyme¬Staffordshire¬ST5 2UE¬53.009025573730469¬-2.2326178550720215¬05G¬NHS North Staffordshire CCG¬01782917840¬tracy.stephens@northstaffs.nhs.uk¬http://www.higherlandsurgery.nhs.uk/¬01782 715447
16693¬M83141¬GP¬UNKNOWN¬Visible¬True¬True¬Kingsbridge Medical Centre¬Kingsbridge House¬Kingsbridge Avenue¬¬Newcastle Under Lyme¬Staffordshire¬ST5 3HP¬52.992702484130859¬-2.2261834144592285¬05G¬NHS North Staffordshire CCG¬03001231892¬¬http://www.kingsbridgemedicalpractice.co.uk¬01782 753050
16694¬M83143¬GP¬UNKNOWN¬Visible¬True¬True¬Goldenhill Medical Centre¬High Street¬Goldenhill¬¬Stoke On Trent¬Staffordshire¬ST6 5QJ¬53.076904296875¬-2.2213706970214844¬05W¬NHS Stoke On Trent CCG¬01782772242¬goldenhill.medicalcentre@nhs.net¬http://www.goldenhillmedicalcentre.nhs.uk/index.aspx¬
16696¬M83146¬GP¬UNKNOWN¬Visible¬True¬True¬The Moorcroft Medical Ctr¬Moorcroft Medical Centre¬Botteslow Street¬Hanley¬Stoke On Trent¬Staffordshire¬ST1 3NJ¬53.021987915039063¬-2.1687769889831543¬05W¬NHS Stoke On Trent CCG¬01782281806¬¬¬01782 205755
16697¬M83148¬GP¬UNKNOWN¬Visible¬True¬True¬The Peel Medical Practice¬Peel Court¬2 Aldergate¬¬Tamworth¬Staffordshire¬B79 7DJ¬52.634780883789063¬-1.6972999572753906¬05Q¬NHS South East Staffordshire And Seisdon Peninsula CCG¬0182750575¬¬http://www.peelmedicalpractice.com/¬01827 318911
16698¬M83601¬GP¬UNKNOWN¬Visible¬True¬True¬Brinsley Avenue Practice¬11 Brinsley Avenue¬Trentham¬¬Stoke On Trent¬Staffordshire¬ST4 8LT¬52.965679168701172¬-2.1918132305145264¬05W¬NHS Stoke On Trent CCG¬01782 657199¬¬http://www.brinsleyavenuepractice.co.uk¬01782 643503
16699¬M83608¬GP¬UNKNOWN¬Visible¬True¬True¬QUINTON PRACTICE¬Great Wyrley Health Centre¬Wardles Lane¬Great Wyrley¬Walsall¬West Midlands¬WS6 6EW¬52.657127380371094¬-2.0174758434295654¬04Y¬NHS Cannock Chase CCG¬01922415515¬quinton.practice@nhs.net¬¬
16703¬M83616¬GP¬UNKNOWN¬Visible¬True¬True¬Dr Rasib & Partners¬Gp Suite¬Brunswick Road¬¬Cannock¬Staffordshire¬WS11 5XY¬52.693244934082031¬-2.0305995941162109¬04Y¬NHS Cannock Chase CCG¬01543576660¬gp.suite@nhs.net¬http://www.drrasibandpartners.nhs.uk¬01543 576663
16704¬M83617¬GP¬UNKNOWN¬Visible¬True¬True¬Darwin Medical Practice¬St Chads Health Centre¬Dimbles Lane¬¬Lichfield¬Staffordshire¬WS13 7HT¬52.694065093994141¬-1.8314900398254395¬05Q¬NHS South East Staffordshire And Seisdon Peninsula CCG¬01543412980¬darwinmedical.practice@nhs.net¬http://www.darwinmedicalpractice.co.uk¬01543 410162
16706¬M83619¬GP¬UNKNOWN¬Visible¬True¬True¬Drs Rees, Lefroy & Aw¬Honeywall¬¬¬Stoke On Trent¬Staffordshire¬ST4 7JB¬53.005443572998047¬-2.1883089542388916¬05W¬NHS Stoke On Trent CCG¬01782 980000¬¬¬01782 415692
16708¬M83623¬GP¬UNKNOWN¬Visible¬False¬True¬Snowhill Medical Centre¬Norfolk Street¬Shelton¬¬Stoke On Trent¬Staffordshire¬ST1 4PB¬53.016006469726562¬-2.1827800273895264¬05W¬NHS Stoke On Trent CCG¬01782222930¬¬¬01782 222892
16709¬M83624¬GP¬UNKNOWN¬Visible¬True¬True¬Cambridge House¬124 Werrington Road¬Bucknall¬¬Stoke On Trent¬Staffordshire¬ST2 9AJ¬53.024417877197266¬-2.144813060760498¬05W¬NHS Stoke On Trent CCG¬01782219075¬¬http://www.cambridgehousesurgery.co.uk/¬01782 279047
16710¬M83625002¬GP¬UNKNOWN¬Visible¬True¬True¬Dr Chadalavada Branch2¬Dr V.S.R Chadalavada and Partners ,Hanley Health Centre¬Upper Huntbach Street¬Hanley¬Stoke-on-Trent¬Staffordshire¬ST1 2BN¬53.027198791503906¬-2.1704821586608887¬05W¬NHS Stoke On Trent CCG¬01782202422¬¬http://www.drchadalavadaandpartners.nhs.uk¬01782202424
16711¬M83625¬GP¬UNKNOWN¬Visible¬True¬True¬Dr Vsr Chadalavada & Partners¬77 Woodhead Road¬Abbey Hulton¬¬Stoke On Trent¬Staffordshire¬ST2 8DH¬53.041603088378906¬-2.1391286849975586¬05W¬NHS Stoke On Trent CCG¬01782542671¬¬http://www.drchadalavadaandpartners.nhs.uk¬01782 544365
16712¬M83627¬GP¬UNKNOWN¬Visible¬True¬True¬Apsley Surgery¬Cobridge Community Health Centre¬Church Terrace¬¬Stoke On Trent¬Staffordshire¬ST6 2JN¬53.035381317138672¬-2.186992883682251¬05W¬NHS Stoke On Trent CCG¬03007900160¬m83627.apsley@nhs.net¬http://www.apsleyhousesurgery.co.uk/¬01782401070
16713¬M83627001¬GP¬UNKNOWN¬Visible¬True¬True¬Apsley Surgery - Norton Clinic¬62 Knypersley Road¬Norton¬¬Stoke-On-Trent¬Staffordshire¬ST6 8HZ¬53.06451416015625¬-2.1617655754089355¬05W¬NHS Stoke On Trent CCG¬03007900160¬m83627.apsley@nhs.net¬http://www.apsleyhousesurgery.co.uk/¬01782401070
16716¬M83632¬GP¬UNKNOWN¬Visible¬True¬True¬Trinity Medical Centre¬Uttoxeter Road¬Blythe Bridge¬¬Stoke On Trent¬Staffordshire¬ST11 9HQ¬52.969165802001953¬-2.0708937644958496¬05W¬NHS Stoke On Trent CCG¬01782395101¬¬https://www.trinitydrs.co.uk¬01782 398183
16717¬M83637¬GP¬UNKNOWN¬Visible¬True¬True¬Chadsmoor Medical Practice¬45 Princess Street¬¬¬Cannock¬Staffordshire¬WS11 5JT¬52.708034515380859¬-2.0232686996459961¬04Y¬NHS Cannock Chase CCG¬01543571650¬chadsmoormedical.practice@nhs.net¬¬01543 462304
16718¬M83638¬GP¬UNKNOWN¬Visible¬True¬True¬The Colliery Practice¬60 Hednesford Street¬¬¬Cannock¬Staffordshire¬WS11 1DJ¬52.688617706298828¬-2.0247673988342285¬04Y¬NHS Cannock Chase CCG¬01543435390¬thecollierypractice@nhs.net¬https://www.thecollierypractice.co.uk¬01543 468024
16719¬M83638001¬GP¬UNKNOWN¬Visible¬True¬True¬The Colliery Practice (Branch)¬Colliers Way¬Huntington¬¬Cannock¬Staffordshire¬WS12 4UD¬52.711013793945312¬-2.0420536994934082¬04Y¬NHS Cannock Chase CCG¬01543435390¬thecollierypractice@nhs.net¬http://www.thecollierypractice.nhs.uk¬01543 468024
16720¬M83048002¬GP¬UNKNOWN¬Visible¬True¬True¬Hednesford Valley H/Ctr¬Station Road¬Hednesford¬¬Cannock¬Staffordshire¬WS12 4DJ¬52.710731506347656¬-2.0017485618591309¬04Y¬NHS Cannock Chase CCG¬1543870590¬angleseystreet.surgery@nhs.net¬¬01543 870595
16721¬M83640¬GP¬UNKNOWN¬Visible¬True¬True¬Alton Surgery¬Hurston Lane¬Alton¬¬Stoke On Trent¬Staffordshire¬ST10 4AP¬52.976634979248047¬-1.891051173210144¬05G¬NHS North Staffordshire CCG¬01538704200¬altonsurgery@nhs.net¬http://www.altonsurgery.nhs.uk¬01538 703345
16722¬M83641¬GP¬UNKNOWN¬Visible¬True¬False¬Mill View Surgery¬Mill Street¬Rocester¬¬Uttoxeter¬Staffordshire¬ST14 5JX¬52.950668334960938¬-1.8374168872833252¬05D¬NHS East Staffordshire CCG¬01889590208¬¬¬01889 590493
16724¬M83650¬GP¬UNKNOWN¬Visible¬True¬True¬Tunstall Primary Care¬Tunstall Primary Care Centre¬Alexandra Park, Scotia Road¬Tunstall¬Stoke On Trent¬Staffordshire¬ST6 6BE¬53.057704925537109¬-2.2057032585144043¬05W¬NHS Stoke On Trent CCG¬0300 123 0978¬tunstall.primarycare@nhs.net¬https://www.tunstallprimarycare.co.uk¬01782 401078
16725¬M83661¬GP¬UNKNOWN¬Visible¬True¬True¬Adderley Green Surgery¬Longton Health Centre¬Drayton Road¬Longton¬Stoke On Trent¬Staffordshire¬ST3 1EQ¬52.99169921875¬-2.1354968547821045¬05W¬NHS Stoke On Trent CCG¬01782 311266¬adderleygreen@nhs.net¬https://www.adderleygreensurgery.nhs.uk¬01782 326688
16731¬M83668¬GP¬UNKNOWN¬Visible¬True¬True¬Tamar Medical Centre¬Severn Drive¬Perton¬¬Wolverhampton¬West Midlands¬WV6 7QU¬52.593948364257813¬-2.2013440132141113¬05Q¬NHS South East Staffordshire And Seisdon Peninsula CCG¬01902755053¬tamarmedical-centre@nhs.net¬http://www.tamarmedicalcentre.co.uk¬
16734¬M83670¬GP¬UNKNOWN¬Visible¬True¬True¬University Medical Centre - Keele¬Health Centre¬University Of Keele¬Keele Newcastle¬Newcastle Under Lyme¬Staffordshire¬ST5 5BG¬53.003265380859375¬-2.2735660076141357¬05G¬NHS North Staffordshire CCG¬01782753550¬¬¬01782 753555
16736¬M83680¬GP¬UNKNOWN¬Visible¬True¬True¬Northgate Surgery¬7 Carters Square¬¬¬Uttoxter¬Staffordshire¬ST14 7FN¬52.898979187011719¬-1.8659404516220093¬05D¬NHS East Staffordshire CCG¬01889562010¬northgate.surgery@nhs.net¬http://www.thenorthgatesurgery.co.uk¬01889 568948
16737¬M83681¬GP¬UNKNOWN¬Visible¬True¬True¬All Saints Surgery¬28 All Saints Road¬Burton-On-Trent¬Staffs¬Burton On Trent¬Staffordshire¬DE14 3LS¬52.794269561767578¬-1.6441117525100708¬05D¬NHS East Staffordshire CCG¬01283510768¬all.saints@sshawebmail.nhs.uk¬¬01283 563058
16738¬M83682¬GP¬UNKNOWN¬Visible¬True¬True¬Lucie Wedgwood Health Ctr¬Chapel Lane¬Burslem¬¬Stoke On Trent¬Staffordshire¬ST6 2AB¬53.045555114746094¬-2.1944503784179687¬05W¬NHS Stoke On Trent CCG¬01782834488¬¬¬01782 811024
16740¬M83691¬GP¬UNKNOWN¬Visible¬True¬True¬Betley Surgery¬Main Road¬Betley¬Wrinehill¬Crewe¬Cheshire¬CW3 9BL¬53.025119781494141¬-2.3696892261505127¬05G¬NHS North Staffordshire CCG¬01270820527¬¬¬01270 820158
16742¬M83693¬GP¬UNKNOWN¬Visible¬True¬True¬Tri-Links Medical Practice¬130 Tamworth Road¬Amington¬¬Tamworth¬Staffordshire¬B77 3BZ¬52.639533996582031¬-1.6497890949249268¬05Q¬NHS South East Staffordshire And Seisdon Peninsula CCG¬0182754777¬amington.surgery@nhs.net¬http://www.tri-linkssurgery.nhs.uk/¬
16743¬M83693001¬GP¬UNKNOWN¬Visible¬True¬True¬Tri-Links Branch 1¬The Manse, Derwent, Off Field Farm Rd.,¬Belgrave¬¬Tamworth¬Staffordshire¬B77 2LD¬52.617809295654297¬-1.6804752349853516¬05Q¬NHS South East Staffordshire And Seisdon Peninsula CCG¬01827285414¬¬http://www.tri-linkssurgery.nhs.uk/¬
16746¬M83697¬GP¬UNKNOWN¬Visible¬True¬True¬Milehouse Medical Practice¬Milehouse Primary Care Centre¬Millrise Village Lymebrook Way¬¬Newcastle Under Lyme¬Staffordshire¬ST5 9GA¬53.021701812744141¬-2.2411389350891113¬05G¬NHS North Staffordshire CCG¬01782663830¬milehouse.medicalpractice@nhs.net¬http://www.milehousemedicalpractice.co.uk¬01782 663802
16747¬M83698¬GP¬UNKNOWN¬Visible¬True¬True¬Southfield Way Surgery¬2A Southfield Way¬Great Wyrley¬¬Walsall¬West Midlands¬WS6 6JZ¬52.658393859863281¬-2.0187182426452637¬04Y¬NHS Cannock Chase CCG¬01922415151¬kukathasanmedical.centre@nhs.net¬http://www.southfieldwaymedicalcentre.nhs.uk¬01922 415151
16748¬M83700¬GP¬UNKNOWN¬Visible¬True¬True¬Five Towns Surgery¬Shelton Primary Care Centre¬Norfolk Street¬¬Stoke On Trent¬Staffordshire¬ST1 4PB¬53.016006469726562¬-2.1827800273895264¬05W¬NHS Stoke On Trent CCG¬01782222920¬¬http://www.fivetownsgp.nhs.uk/¬01782 222971
16749¬M83701¬GP¬UNKNOWN¬Visible¬True¬True¬Talke Clinic¬High Street¬Talke Pits¬¬Stoke On Trent¬Staffordshire¬ST7 1QQ¬53.068923950195313¬-2.2571775913238525¬05G¬NHS North Staffordshire CCG¬01782783565¬¬¬01782 771686
16750¬M83703¬GP¬UNKNOWN¬Visible¬True¬True¬Brereton Surgery¬88 Main Road¬Brereton¬¬Rugeley¬Staffordshire¬WS15 1DU¬52.747486114501953¬-1.9243022203445435¬04Y¬NHS Cannock Chase CCG¬01889575560¬brereton.surgery@nhs.net¬http://www.breretonsurgery.nhs.uk¬01889 574101
16751¬M83705¬GP¬UNKNOWN¬Visible¬True¬True¬TRINITY SURGERY¬Ellerbeck¬Wilnecote¬¬Tamworth¬Staffordshire¬B77 4JA¬52.617572784423828¬-1.6508625745773315¬05Q¬NHS South East Staffordshire And Seisdon Peninsula CCG¬01827897484¬trinity.surgery@nhs.net¬https://www.thetrinitysurgery.co.uk¬01827 896945
16753¬M83047001¬GP¬UNKNOWN¬Visible¬True¬True¬Weston Coyney Medical Practice¬Meir Primary Care Centre¬Weston Road¬Meir¬Stoke On Trent¬Staffordshire¬ST3 6AB¬52.97833251953125¬-2.1034989356994629¬05W¬NHS Stoke On Trent CCG¬03007900167¬¬¬01782 441818
16754¬M83709¬GP¬UNKNOWN¬Visible¬True¬True¬Baddeley Green Surgery¬988 Leek New Road¬Baddeley Green¬¬Stoke On Trent¬Staffordshire¬ST9 9PB¬53.061107635498047¬-2.1339840888977051¬05W¬NHS Stoke On Trent CCG¬01782544466¬¬¬01782 533333
16755¬M83711¬GP¬UNKNOWN¬Visible¬True¬True¬Trentham Mews Medical Centre¬Eastwick Crescent¬Trentham¬¬Stoke On Trent¬Staffordshire¬ST4 8XP¬52.970439910888672¬-2.1898837089538574¬05W¬NHS Stoke On Trent CCG¬01782644815¬¬¬01782 657159
16757¬M83713¬GP¬UNKNOWN¬Visible¬True¬True¬Dr H P Borse & Partner¬Meir Primary Care Centre¬Weston Road¬¬Stoke On Trent¬Staffordshire¬ST3 6AB¬52.97845458984375¬-2.1028397083282471¬05W¬NHS Stoke On Trent CCG¬03001230903¬¬http://www.drborseandpartner.nhs.uk¬01782 828525
16759¬M83715¬GP¬UNKNOWN¬Visible¬True¬True¬Featherstone Family Health Centre¬Old Lane¬Featherstone¬¬Wolverhampton¬West Midlands¬WV10 7BS¬52.645774841308594¬-2.0895519256591797¬05Q¬NHS South East Staffordshire And Seisdon Peninsula CCG¬01902305899¬featherstonefamilyhealthcentre@nhs.net¬¬01902 735577
16760¬M83717¬GP¬UNKNOWN¬Visible¬True¬True¬Norton Canes Surgery¬Norton Canes Health Centre¬Brownhills Road, Norton Canes¬¬Cannock¬Staffordshire¬WS11 9SE¬52.673980712890625¬-1.9702310562133789¬04Y¬NHS Cannock Chase CCG¬01543279500¬jalotas.surgery@nhs.net¬¬01543 279536
16761¬M83718¬GP¬UNKNOWN¬Visible¬True¬True¬Peel Croft Surgery¬Lichfield Street¬¬¬Burton On Trent¬Staffordshire¬DE14 3RH¬52.799274444580078¬-1.6339408159255981¬05D¬NHS East Staffordshire CCG¬01283568405¬peel.croft@nhs.net¬http://www.peelcroftsurgery.co.uk/index.aspx¬01283 515761
16762¬M83719¬GP¬UNKNOWN¬Visible¬True¬True¬Rawnsley Surgery¬Rawnsley Road¬Rawnsley¬¬Cannock¬Staffordshire¬WS12 1JF¬52.708633422851562¬-1.9700745344161987¬04Y¬NHS Cannock Chase CCG¬01543877842¬canccg.rawnsley.surgery@nhs.net¬http://www.rawnsleysurgery.co.uk¬01543 423037
16763¬M83722¬GP¬UNKNOWN¬Visible¬True¬True¬Dr Manickam Murugan¬Station Road¬Hednesford¬¬Cannock¬Staffordshire¬WS12 4DH¬52.712333679199219¬-2.0006828308105469¬04Y¬NHS Cannock Chase CCG¬01543 220441¬murugans.surgery@nhs.net¬http://www.drmmuruganssurgery.nhs.uk¬01543 870575
16764¬M83723¬GP¬UNKNOWN¬Visible¬True¬True¬Loomer Road Surgery¬Loomer Road¬Chesterton¬¬Newcastle Under Lyme¬Staffordshire¬ST5 7JS¬53.036293029785156¬-2.2486171722412109¬05G¬NHS North Staffordshire CCG¬03003650002¬¬http://www.loomerroadsurgery.co.uk¬01782 565666
16765¬M83725¬GP¬UNKNOWN¬Visible¬True¬True¬BLURTON MEDICAL PRACTICE¬Blurton HC¬Ripon Road¬Blurton, Newstead¬Stoke On Trent¬Staffordshire¬ST3 3BS¬52.972007751464844¬-2.1565501689910889¬05W¬NHS Stoke On Trent CCG¬01782 319375¬¬¬01782 593713
16766¬M83026001¬GP¬UNKNOWN¬Visible¬True¬True¬King Street Surgery¬King Street¬Burton-on-Trent¬¬Anglesey¬Staffordshire¬DE14 3AG¬52.79534912109375¬-1.6408847570419312¬05D¬NHS East Staffordshire CCG¬01283 741177¬¬¬01283 565657
16767¬M83727¬GP¬UNKNOWN¬Visible¬True¬True¬Norton Canes Practice¬Brownhills Road¬¬¬Cannock¬Staffordshire¬WS11 9SE¬52.673980712890625¬-1.9702310562133789¬04Y¬NHS Cannock Chase CCG¬01543279232¬¬https://nortoncanespractice.co.uk¬01543 450527
16770¬M83705001¬GP¬UNKNOWN¬Visible¬True¬True¬Trinity Surgery - Wilnecote Branch¬49 Smithy Lane¬Wilnecote¬¬Tamworth¬Staffordshire¬B77 5LB¬52.607532501220703¬-1.6647789478302002¬05Q¬NHS South East Staffordshire And Seisdon Peninsula CCG¬01827284233¬¬https://www.thetrinitysurgery.co.uk¬
16771¬M83738¬GP¬UNKNOWN¬Visible¬True¬True¬Aelfgar Surgery¬Church Street¬¬¬Rugeley¬Staffordshire¬WS15 2AB¬52.763584136962891¬-1.9376860857009888¬04Y¬NHS Cannock Chase CCG¬01889579276¬aelfgar.surgery@nhs.net¬www.aelfgarsurgery.co.uk¬01889 579723
16772¬M83650001¬GP¬UNKNOWN¬Visible¬True¬True¬Tunstall Primary Care – Packmoor Branch¬Thomas Street¬Packmoor¬¬Stroke-on-Trent¬Staffordshire¬ST7 4SS¬53.086624145507813¬-2.199458122253418¬05W¬NHS Stoke On Trent CCG¬0300 123 0874¬tunstall.primarycare@nhs.net¬http://www.tunstallprimarycare.co.uk/¬01782 401078
16773¬M84001¬GP¬UNKNOWN¬Visible¬True¬True¬Red Roofs Practitioners¬31 Coton Road¬¬¬Nuneaton¬Warwickshire¬CV11 5TW¬52.518997192382813¬-1.4674431085586548¬05H¬NHS Warwickshire North CCG¬02476357100¬¬www.redroofssurgery.co.uk¬024 76642036
16774¬M84002¬GP¬UNKNOWN¬Visible¬True¬True¬Pool Medical Centre¬Pool Road¬¬¬Studley¬Warwickshire¬B80 7QU¬52.270713806152344¬-1.8976951837539673¬05R¬NHS South Warwickshire CCG¬01527853671¬¬http://www.poolmedical.nhs.uk¬01527853072
16775¬M84003¬GP¬UNKNOWN¬Visible¬True¬True¬Arbury Medical Centre¬Cambridge Drive¬Stockingford¬¬Nuneaton¬Warwickshire¬CV10 8LW¬52.516624450683594¬-1.4979468584060669¬05H¬NHS Warwickshire North CCG¬02476388555¬¬http://www.arbury.nhs.uk/¬
16776¬M84004¬GP¬UNKNOWN¬Visible¬True¬True¬Whitehall Medical Practice¬Morton Gardens¬¬¬Rugby¬Warwickshire¬CV21 3AQ¬52.370677947998047¬-1.251478910446167¬05A¬NHS Coventry And Rugby CCG¬01788542212¬rwmp@nhs.net¬http://www.whitehallmed.co.uk¬01788 575783
16777¬M84005¬GP¬UNKNOWN¬Visible¬True¬True¬Chapel End Surgery¬Chapel End Surgery¬10 Camp Hill Road¬¬Nuneaton¬Warwickshire¬CV10 0JH¬52.537296295166016¬-1.517519474029541¬05H¬NHS Warwickshire North CCG¬02476393388¬¬http://drchaudhuri.warwickshire.nhs.uk/¬
16778¬M84006¬GP¬UNKNOWN¬Visible¬True¬False¬Pear Tree Surgery¬28 Meadow Close¬Kingsbury¬Nr.Tamworth¬Tamworth¬Staffordshire¬B78 2NR¬52.563697814941406¬-1.6801307201385498¬05H¬NHS Warwickshire North CCG¬01827872755¬¬http://www.peartreesurgery.nhs.uk¬01827 874700
16779¬M84006001¬GP¬UNKNOWN¬Visible¬True¬False¬Pear Tree Surgery (Hurley Branch)¬103 Knowle Hill¬Hurley¬¬Atherstone¬Warwickshire¬CV9 2JA¬52.559738159179688¬-1.6413204669952393¬05H¬NHS Warwickshire North CCG¬01827872490¬¬http://www.peartreesurgery.nhs.uk¬
16780¬M84007¬GP¬UNKNOWN¬Visible¬True¬True¬Dordon & Polesworth Group Practice¬Dordon & Polesworth Group Practice¬162 Long Street¬Dordon¬Tamworth¬Staffordshire¬B78 1QA¬52.604026794433594¬-1.6141444444656372¬05H¬NHS Warwickshire North CCG¬01827892893¬admin.enquiries@dordonsurgery.nhs.uk¬http://www.dordonsurgery.co.uk/¬01827331420
16781¬M84007001¬GP¬UNKNOWN¬Visible¬True¬True¬Polesworth Surgery¬High Street¬Tamworth¬¬Polesworth¬Staffordshire¬B78 1DU¬52.620140075683594¬-1.6126143932342529¬05H¬NHS Warwickshire North CCG¬01827330321¬¬http://www.dordonsurgery.co.uk/¬
16782¬M84008¬GP¬UNKNOWN¬Visible¬True¬True¬Spring Hill Medical Centre¬Spring Hill¬Arley¬¬Coventry¬West Midlands¬CV7 8FD¬52.510345458984375¬-1.5853488445281982¬05H¬NHS Warwickshire North CCG¬01676540395¬¬http://www.springhillmedicalcentre.co.uk/¬
16783¬M84008001¬GP¬UNKNOWN¬Visible¬True¬True¬Galley Common Medical Centre¬Valley Road¬Galley Common¬¬Nuneaton¬Warwickshire¬CV10 9NH¬52.523921966552734¬-1.5354183912277222¬05H¬NHS Warwickshire North CCG¬02476397264¬¬http://www.springhillmedicalcentre.co.uk/¬
16784¬M84009001¬GP¬UNKNOWN¬Visible¬True¬False¬Shenington Surgery¬Stocking Lane¬Shenington¬¬Banbury¬Oxfordshire¬OX15 6NF¬52.083084106445313¬-1.4617578983306885¬05R¬NHS South Warwickshire CCG¬01295678124¬¬http://www.fennycomptonandsheningtonsurgery.nhs.uk/¬01295 678057
16785¬M84009¬GP¬UNKNOWN¬Visible¬True¬False¬Fenny Compton Surgery¬High Street¬Fenny Compton¬¬Southam¬Warwickshire¬CV47 2YG¬52.168560028076172¬-1.3901214599609375¬05R¬NHS South Warwickshire CCG¬01295770855¬¬http://www.fennycomptonandsheningtonsurgery.nhs.uk/¬01295 770858
16786¬M84010¬GP¬UNKNOWN¬Visible¬True¬True¬Avonside Health Centre¬Portobello Way¬¬¬Warwick¬Warwickshire¬CV34 5GJ¬52.289073944091797¬-1.561173677444458¬05R¬NHS South Warwickshire CCG¬01926492311¬¬www.avonsidehealthcentre.nhs.uk¬
16787¬M84011¬GP¬UNKNOWN¬Visible¬True¬True¬Bedworth Health Centre¬High Street¬¬¬Bedworth¬Warwickshire¬CV12 8NQ¬52.478630065917969¬-1.4726419448852539¬05H¬NHS Warwickshire North CCG¬02476315432¬¬http://www.bedworthhealthcentregps.co.uk/¬
16788¬M84012003¬GP¬UNKNOWN¬Visible¬True¬True¬Park Leys Medical Practice¬2 Bennetts Road North¬Keresley End¬¬Coventry¬West Midlands¬CV7 8LA¬52.462806701660156¬-1.5371360778808594¬05A¬NHS Coventry And Rugby CCG¬02476332636¬¬http://www.parkleyspractice.co.uk¬
16789¬M84012001¬GP¬UNKNOWN¬Visible¬True¬True¬Park Leys Medical Practice¬Coventry Road¬Fillongley¬¬Coventry¬West Midlands¬CV7 8EQ¬52.479366302490234¬-1.5827982425689697¬05A¬NHS Coventry And Rugby CCG¬02476332636¬¬www.parkleyspractice.com¬
16790¬M84012¬GP¬UNKNOWN¬Visible¬True¬True¬Park Leys Medical Practice¬Keresley Green Medical Centre¬Bennetts Road South, Keresley¬¬Coventry¬West Midlands¬CV6 2FL¬52.437995910644531¬-1.5310705900192261¬05A¬NHS Coventry And Rugby CCG¬024 7633 2636¬crccg.adminparkleyspractice@nhs.net¬http://www.parkleysmedicalpractice.co.uk¬024 7633 9831
16791¬M84013¬GP¬UNKNOWN¬Visible¬True¬True¬The Castle Medical Centre¬22 Bertie Road¬¬¬Kenilworth¬Warwickshire¬CV8 1JP¬52.341514587402344¬-1.5758029222488403¬05R¬NHS South Warwickshire CCG¬01926857331¬enquiries@castlemc.nhs.uk¬www.castlemedicalcentre.co.uk¬01926 865894
16792¬M84014¬GP¬UNKNOWN¬Visible¬True¬True¬Bridge House Medical Centre¬Scholars Lane¬¬¬Stratford Upon Avon¬Warwickshire¬CV37 6HE¬52.190540313720703¬-1.7097734212875366¬05R¬NHS South Warwickshire CCG¬01789292201¬¬http://www.bhmc.co.uk¬
16793¬M84015001¬GP¬UNKNOWN¬Visible¬True¬True¬The Croft Medical Centre (Bishops Tachbrook Branch)¬39 Mallory Road¬¬¬Bishops Tachbrook¬Warwickshire¬CV33 9QX¬52.248985290527344¬-1.5448708534240723¬05R¬NHS South Warwickshire CCG¬01926451285¬¬http://www.croftmedical.co.uk/¬
16794¬M84015¬GP¬UNKNOWN¬Visible¬True¬True¬Croft Medical Centre¬Calder Walk¬¬¬Leamington Spa¬Warwickshire¬CV31 1SA¬52.278385162353516¬-1.5113711357116699¬05R¬NHS South Warwickshire CCG¬01926421153¬¬http://www.croftmedical.co.uk/¬
16795¬M84016¬GP¬UNKNOWN¬Visible¬True¬False¬Wolston Surgery¬School Street¬Wolston¬¬Coventry¬West Midlands¬CV8 3HG¬52.376792907714844¬-1.3927228450775146¬05A¬NHS Coventry And Rugby CCG¬02476542192¬¬http://www.wolstonsurgery.co.uk/¬
16796¬M84017¬GP¬UNKNOWN¬Visible¬True¬True¬Clarendon Lodge Medical Centre¬16 Clarendon Street¬¬¬Leamington Spa¬Warwickshire¬CV32 5SS¬52.294029235839844¬-1.5317118167877197¬05R¬NHS South Warwickshire CCG¬01926331401¬enquiries@clmp.org.uk¬http://www.clmp.org.uk¬01926 331400
16797¬M84018¬GP¬UNKNOWN¬Visible¬True¬False¬Bidford Health Centre¬Stratford Road¬Bidford-On-Avon¬¬Alcester¬Warwickshire¬B50 4LX¬52.171791076660156¬-1.8349294662475586¬05R¬NHS South Warwickshire CCG¬01789773372¬¬http://bidfordhc.nhs.uk/¬01789 490380
16798¬M84019¬GP¬UNKNOWN¬Visible¬True¬False¬The Atherstone Surgery¬1 Ratcliffe Road¬¬¬Atherstone¬Warwickshire¬CV9 1EU¬52.5784912109375¬-1.5423535108566284¬05H¬NHS Warwickshire North CCG¬01827713664¬repeatprescriptions@gp-m84019.nhs.uk¬http://www.atherstonesurgery.co.uk/¬01827 713666
16799¬M84020¬GP¬UNKNOWN¬Visible¬True¬True¬Clifton Road Surgery¬26-28 Clifton Road¬¬¬Rugby¬Warwickshire¬CV21 3QF¬52.371894836425781¬-1.2520605325698853¬05A¬NHS Coventry And Rugby CCG¬01788552211¬¬http://www.cliftonroadsurgery.co.uk/¬01788 551496
16800¬M84021¬GP¬UNKNOWN¬Visible¬True¬True¬Rother House Medical Centre¬Alcester Road¬¬¬Stratford Upon Avon¬Warwickshire¬CV37 6PP¬52.193729400634766¬-1.7137317657470703¬05R¬NHS South Warwickshire CCG¬01789269386¬http://www.rotherhouse.co.uk/index.php?option=com_forme&itemid=96¬www.rotherhouse.org.uk¬01789-298742
16801¬M84022¬GP¬UNKNOWN¬Visible¬True¬True¬Manor Court Surgery¬5, Manor Court Avenue¬¬¬Nuneaton¬Warwickshire¬CV11 5HX¬52.526988983154297¬-1.4776939153671265¬05H¬NHS Warwickshire North CCG¬02476381999¬¬www.manorcourtsurgery.co.uk¬024 76320515
16802¬M84023¬GP¬UNKNOWN¬Visible¬True¬True¬Central Surgery¬Corporation Street¬¬¬Rugby¬Warwickshire¬CV21 3SP¬52.371746063232422¬-1.2654588222503662¬05A¬NHS Coventry And Rugby CCG¬01788524366¬¬¬01788 547693
16803¬M84023001¬GP¬UNKNOWN¬Visible¬True¬True¬Bilton Green Surgery¬Bilton¬Rugby¬¬Bilton¬Warwickshire¬CV22 7LY¬52.359291076660156¬-1.2917444705963135¬05A¬NHS Coventry And Rugby CCG¬01788818939¬¬http://www.centralsurgeryrugby.co.uk/¬
16804¬M84024¬GP¬UNKNOWN¬Visible¬True¬True¬Henley-in-Arden Medical Centre¬Prince Harry Road¬¬¬Henley-In-Arden¬Warwickshire¬B95 5GD¬52.290668487548828¬-1.7787024974822998¬05R¬NHS South Warwickshire CCG¬01564792434¬amanda.taylor@henleymc.nhs.uk¬http://www.henley-in-ardenmedcntr.co.uk/¬01564 793280
16805¬M84025¬GP¬UNKNOWN¬Visible¬True¬True¬Shipston Medical Centre¬Badgers Crescent¬Badgers Cres¬Stratford Road¬Shipston On Stour¬Warwickshire¬CV36 4BQ¬52.067901611328125¬-1.6238096952438354¬05R¬NHS South Warwickshire CCG¬01608661845¬¬http://shipstonmc.warwickshire.nhs.uk/¬01608 663614
16806¬M84026¬GP¬UNKNOWN¬Visible¬True¬True¬Southam Surgery¬Stowe Drive, Southam¬Leamington Spa¬¬Southam¬Warwickshire¬CV47 1NY¬52.251213073730469¬-1.3857371807098389¬05R¬NHS South Warwickshire CCG¬01926815842¬¬http://www.thesouthamsurgery.co.uk¬
16808¬M84028¬GP¬UNKNOWN¬Visible¬True¬True¬Priory Medical Centre¬Cape Road¬¬¬Warwick¬Warwickshire¬CV34 4UN¬52.285053253173828¬-1.5886266231536865¬05R¬NHS South Warwickshire CCG¬01926293711¬¬http://www.priorymed.nhs.uk/¬01926 402394
16809¬M84028001¬GP¬UNKNOWN¬Visible¬True¬True¬Brese Avenue Surgery¬1 Brese Avenue¬Woodloes Park¬¬Warwick¬Warwickshire¬CV34 5TS¬52.293186187744141¬-1.5794755220413208¬05R¬NHS South Warwickshire CCG¬01926351099¬¬http://www.priorymed.nhs.uk/¬
16810¬M84029¬GP¬UNKNOWN¬Visible¬True¬True¬Cubbington Road Surgery¬115 Cubbington Road¬Lillington¬¬Leamington Spa¬Warwickshire¬CV32 7AT¬52.305881500244141¬-1.5185191631317139¬05R¬NHS South Warwickshire CCG¬01926453080¬¬http://www.cubbingtonsurgery.nhs.uk¬01926 427254
16811¬M84030¬GP¬UNKNOWN¬Visible¬True¬True¬Hastings House Surgery¬Hastings House Medical Centre¬Rivers Way¬¬Wellesbourne¬Warwickshire¬CV35 9RH¬52.196327209472656¬-1.5938055515289307¬05R¬NHS South Warwickshire CCG¬01789840245¬¬http://www.hastingshouse.org.uk/¬01789 470993
16812¬M84030001¬GP¬UNKNOWN¬Visible¬True¬True¬Little Thatch¬Warwick Road¬¬¬Kineton¬Warwickshire¬CV35 0HN¬52.157016754150391¬-1.5120134353637695¬05R¬NHS South Warwickshire CCG¬01926640491¬¬www.hastingshouse.org.uk¬
16813¬M84031¬GP¬UNKNOWN¬Visible¬True¬False¬Revel Surgery¬Barr Lane¬Brinklow¬¬Rugby¬Warwickshire¬CV23 0LU¬52.412281036376953¬-1.3614060878753662¬05A¬NHS Coventry And Rugby CCG¬01788832994¬¬www.revelsurgery.nhs.uk ¬01788 833021
16814¬M84032¬GP¬UNKNOWN¬Visible¬True¬True¬Waterside Medical Centre¬Court Street¬¬¬Leamington Spa¬Warwickshire¬CV31 2BB¬52.283191680908203¬-1.5299936532974243¬05R¬NHS South Warwickshire CCG¬01926428321¬admin@watersidemc.nhs.uk¬http://www.watersidemc.nhs.uk/¬01926 458350
16815¬M84034¬GP¬UNKNOWN¬Visible¬True¬True¬Whitestone Surgery¬82 Bulkington Lane¬¬¬Nuneaton¬Warwickshire¬CV11 4SB¬52.499908447265625¬-1.4356485605239868¬05H¬NHS Warwickshire North CCG¬02476 641911¬contactus@whitestonesurgery.org¬http://whitestonesurgery.org¬
16817¬M84035¬GP¬UNKNOWN¬Visible¬True¬True¬Westside Medical Centre¬Hilton House¬Corporation Street¬¬Rugby¬Warwickshire¬CV21 2DN¬52.372280120849609¬-1.2659053802490234¬05A¬NHS Coventry And Rugby CCG¬01788544744¬¬http://drgallagherandpartners.org.uk/¬
16818¬M84036¬GP¬UNKNOWN¬Visible¬True¬True¬Abbey Medical Centre¬42 Station Road¬¬¬Kenilworth¬Warwickshire¬CV8 1JD¬52.342967987060547¬-1.577447772026062¬05R¬NHS South Warwickshire CCG¬01926859955¬¬http://www.abbeymedicalcentre.co.uk/¬01926 851746
16819¬M84037¬GP¬UNKNOWN¬Visible¬True¬True¬The Grange Medical Centre¬39 Leicester Road¬¬¬Nuneaton¬Warwickshire¬CV11 6AB¬52.526821136474609¬-1.458209753036499¬05H¬NHS Warwickshire North CCG¬02476322810¬¬www.thegrangemedicalcentre.co.uk¬
16820¬M84028002¬GP¬UNKNOWN¬Visible¬True¬True¬Cape Road Surgery¬3 Cape Road¬¬¬Warwick¬Warwickshire¬CV34 4JP¬52.285205841064453¬-1.5906189680099487¬05R¬NHS South Warwickshire CCG¬01926499988¬¬http://www.priorymed.nhs.uk¬
16821¬M84040¬GP¬UNKNOWN¬Visible¬True¬True¬Sherbourne Medical Centre¬40 Oxford Street¬¬¬Leamington Spa¬Warwickshire¬CV32 4RA¬52.292892456054688¬-1.5326036214828491¬05R¬NHS South Warwickshire CCG¬01926333500¬¬http://www.sherbourne.nhs.uk¬01926 470884
16822¬M84041¬GP¬UNKNOWN¬Visible¬True¬True¬Riversley Road Surgery¬Riversley Road¬¬¬Nuneaton¬Warwickshire¬CV11 5QT¬52.518989562988281¬-1.4692559242248535¬05H¬NHS Warwickshire North CCG¬02476382239¬riversleyroadsurgery@nhs.net¬http://www.riversleyroadsurgery.co.uk¬
16823¬M84042¬GP¬UNKNOWN¬Visible¬True¬False¬Hazelwood Group Practice¬27 Parkfield Road¬Coleshill¬¬Birmingham¬West Midlands¬B46 3LD¬52.496963500976563¬-1.7067897319793701¬05H¬NHS Warwickshire North CCG¬01675463165¬¬http://www.hazelwoodgrouppractice.co.uk/¬01675 466253
16824¬M84043001¬GP¬UNKNOWN¬Visible¬True¬True¬Claverdon Surgery¬Station Road¬¬¬Claverdon¬Warwickshire¬CV35 8PH¬52.281467437744141¬-1.7093122005462646¬05R¬NHS South Warwickshire CCG¬01789292895¬claverdon@trinitycourtsurgery.nhs.uk¬¬01789 414721
16825¬M84043¬GP¬UNKNOWN¬Visible¬True¬True¬Trinity Court Surgery¬Stratford Healthcare¬Arden Street¬¬Stratford Upon Avon¬Warwickshire¬CV37 6HJ¬52.19482421875¬-1.7127152681350708¬05R¬NHS South Warwickshire CCG¬01789292895¬reception@trinitycourt.org.uk¬www.trinitycourt.org.uk¬01789 414721
16826¬M84044¬GP¬UNKNOWN¬Visible¬True¬False¬Harbury Surgery¬Mill Lane¬Harbury¬¬Leamington Spa¬Warwickshire¬CV33 9HR¬52.241046905517578¬-1.4481353759765625¬05R¬NHS South Warwickshire CCG¬01926612232¬¬http://www.harburysurgery.org.uk¬
16828¬M84044002¬GP¬UNKNOWN¬Visible¬True¬False¬Harbury Surgery Dr Snowdon & Partner¬Fisher Road¬¬¬Southam¬Warwickshire¬CV47 2RE¬52.216922760009766¬-1.4304289817810059¬05R¬NHS South Warwickshire CCG¬ 01926 612977¬¬http://www.harburysurgery.org.uk¬
16830¬M84046¬GP¬UNKNOWN¬Visible¬True¬True¬Dunchurch Surgery¬Dunsmore Heath¬Dunchurch¬¬Rugby¬Warwickshire¬CV22 6AP¬52.337875366210937¬-1.2901785373687744¬05A¬NHS Coventry And Rugby CCG¬01788522448¬¬http://www.dunchurchsurgery.warwickshire.nhs.uk/¬01788 522884
16831¬M84047¬GP¬UNKNOWN¬Visible¬True¬True¬Tanworth-in-arden Medical Practice¬The Birches¬Broad Lane¬Tanworth-In-Arden¬Solihull¬West Midlands¬B94 5DY¬52.342098236083984¬-1.8447332382202148¬05R¬NHS South Warwickshire CCG¬01564742274¬¬http://www.tiamp.co.uk¬01564 742959
16832¬Y04884¬GP¬UNKNOWN¬Visible¬True¬True¬Satis House Medical Practice¬10 Birmingham Road¬Water Orton¬¬Birmingham¬West Midlands¬B46 1TH¬52.517524719238281¬-1.7474440336227417¬05H¬NHS Warwickshire North CCG¬01217767572¬¬https://www.satishouse.warwickshire.nhs.uk¬0121 748 4841
16833¬M84049¬GP¬UNKNOWN¬Visible¬True¬True¬Alcester Health Centre¬Fields Park Drive¬¬¬Alcester¬Warwickshire¬B49 6QR¬52.218051910400391¬-1.8628302812576294¬05R¬NHS South Warwickshire CCG¬01789763060¬general@alcesterhealthcentre.nhs.uk¬http://www.alcesterhealthcentre.co.uk¬01789 766574
16834¬M84050¬GP¬UNKNOWN¬Visible¬True¬True¬Market Quarter Medical Practice¬Rugby Health & Wellbeing Centre¬Drover Close¬¬Rugby¬Warwickshire¬CV21 3HX¬52.377738952636719¬-1.2540956735610962¬05A¬NHS Coventry And Rugby CCG¬01788 578800¬office.mqmp@nhs.net¬http://www.marketquartermedicalpractice.nhs.uk/¬
16835¬M84051¬GP¬UNKNOWN¬Visible¬True¬True¬Old Mill Surgery¬Marlborough Road¬¬¬Nuneaton¬Warwickshire¬CV11 5PQ¬52.519748687744141¬-1.4749206304550171¬05H¬NHS Warwickshire North CCG¬02476382554¬¬http://www.oldmill.gpsurgery.net¬
16836¬M84055001¬GP¬UNKNOWN¬Visible¬True¬True¬Stockingford Medical Centre¬Chesterton Drive¬Galley Common¬¬Nuneaton¬Warwickshire¬CV10 9QR¬52.526302337646484¬-1.5298511981964111¬05H¬NHS Warwickshire North CCG¬02476394427¬¬¬
16837¬M84055¬GP¬UNKNOWN¬Visible¬True¬True¬Stockingford Medical Centre¬Stockingford Medical Centre¬13 Northumberland Avenue¬¬Nuneaton¬Warwickshire¬CV10 8EJ¬52.520591735839844¬-1.4928907155990601¬05H¬NHS Warwickshire North CCG¬02476386344¬stockingfordmedicalcentre.text@nhs.net¬http://www.stockingfordmedicalcentre.com¬024 76384512
16838¬Y04882¬GP¬UNKNOWN¬Visible¬True¬True¬The Chaucer Surgery¬Off School Walk¬Attleborough¬¬Nuneaton¬Warwickshire¬CV11 4UZ¬52.515151977539062¬-1.4523556232452393¬05H¬NHS Warwickshire North CCG¬02476383784¬¬¬024 7635 4958
16839¬M84059¬GP¬UNKNOWN¬Visible¬True¬True¬Spa Medical Centre¬81 Radford Road¬¬¬Leamington Spa¬Warwickshire¬CV31 1NE¬52.284885406494141¬-1.5240955352783203¬05R¬NHS South Warwickshire CCG¬01926421214¬enquiries@spamc.nhs.uk¬http://spamedical.warwickshire.nhs.uk¬01926 427217
16840¬M84060¬GP¬UNKNOWN¬Visible¬True¬True¬The Arrow Surgery¬Fields Park Dr¬¬¬Alcester¬Warwickshire¬B49 6QR¬52.217563629150391¬-1.8635728359222412¬05R¬NHS South Warwickshire CCG¬01789763293¬caroline.green@arrowsurgery.nhs.uk¬http://www.thearrowsurgery.nhs.uk¬01789 764380
16841¬M84061¬GP¬UNKNOWN¬Visible¬True¬True¬Bulkington Surgery¬School Road¬Bulkington¬¬Bedworth¬Warwickshire¬CV12 9JB¬52.476455688476563¬-1.4231247901916504¬05H¬NHS Warwickshire North CCG¬02476733020¬¬¬024 76733023
16842¬M84062001¬GP¬UNKNOWN¬Visible¬True¬False¬Tysoe Surgery¬Main Street¬¬¬Tysoe¬Warwickshire¬CV35 0SE¬52.095355987548828¬-1.5047013759613037¬05R¬NHS South Warwickshire CCG¬01295680220¬¬¬
16843¬M84062¬GP¬UNKNOWN¬Visible¬True¬False¬Kineton Surgery¬The Old School¬Market Square¬¬Warwick¬Warwickshire¬CV35 0LP¬52.157974243164063¬-1.5103365182876587¬05R¬NHS South Warwickshire CCG¬01926640471¬¬http://www.kinetonsurgery.org.uk¬01926 640390
16844¬M84063¬GP¬UNKNOWN¬Visible¬True¬True¬Chase Meadow Health Centre¬2 Alder Meadow¬Chase Meadow¬¬Warwick¬Warwickshire¬CV34 6JY¬52.268840789794922¬-1.6085890531539917¬05R¬NHS South Warwickshire CCG¬01926 400010¬¬http://chasemeadowhc.nhs.uk¬
16845¬M84064¬GP¬UNKNOWN¬Visible¬True¬True¬Drs Holtby & Martin¬110 Coppice Road¬Whitnash¬¬Leamington Spa¬Warwickshire¬CV31 2LT¬52.262424468994141¬-1.5259054899215698¬05R¬NHS South Warwickshire CCG¬01926316711¬¬http://www.whitnashmc.co.uk/¬
16846¬M84065¬GP¬UNKNOWN¬Visible¬True¬True¬Beech Tree Medical Practice¬Rugby Health & Wellbeing Centre¬Drover Close¬¬Rugby¬Warwickshire¬CV21 3HX¬52.377727508544922¬-1.2534691095352173¬05A¬NHS Coventry And Rugby CCG¬01788561319¬beechtreemedicalpractice.generaloffice@nhs.net¬http://beechtree.warwickshire.nhs.uk/¬01788 578366
16847¬M84066¬GP¬UNKNOWN¬Visible¬True¬False¬Meon Medical Centre¬Goose Lane¬Lower Quinton¬¬Stratford Upon Avon¬Warwickshire¬CV37 8TA¬52.118927001953125¬-1.7422230243682861¬05R¬NHS South Warwickshire CCG¬01789720820¬meon.reception@nhs.net¬http://www.meonmedicalcentre.nhs.uk¬01789 720052
16848¬M84067¬GP¬UNKNOWN¬Visible¬True¬True¬Bennfield Surgery¬Hilton House¬Corporation Street¬¬Rugby¬Warwickshire¬CV21 2DN¬52.371746063232422¬-1.2654588222503662¬05A¬NHS Coventry And Rugby CCG¬01788540860¬¬http://www.bennfieldsurgery.co.uk/¬
16851¬M84069¬GP¬UNKNOWN¬Visible¬True¬True¬Budbrooke Medical Centre¬Slade Hill, Hampton Magna¬Budbrooke¬¬Warwick¬Warwickshire¬CV35 8SA¬52.282840728759766¬-1.6230072975158691¬05R¬NHS South Warwickshire CCG¬01926403800¬enquiries@budbrookemc.nhs.uk¬http://budbrookemedicalcentre.co.uk¬
16852¬M84070¬GP¬UNKNOWN¬Visible¬True¬True¬Warwick Gates Family Health Centre¬Cressida Close¬Heathcote¬¬Warwick¬Warwickshire¬CV34 6DZ¬52.268669128417969¬-1.5386759042739868¬05R¬NHS South Warwickshire CCG¬01926461801¬¬http://www.warwickgatesfhc.co.uk/¬01926 461803
16853¬M84015003¬GP¬UNKNOWN¬Visible¬True¬True¬Lisle Court Medical Centre¬Brunswick Street¬¬¬Leamington Spa¬Warwickshire¬CV31 2ES¬52.280845642089844¬-1.530927300453186¬05R¬NHS South Warwickshire CCG¬01926425436¬¬www.lislecourt.co.uk¬01926 427257
16855¬M84609¬GP¬UNKNOWN¬Visible¬True¬True¬Dr Inayat Ullah¬301 Newtown Road¬¬¬Bedworth¬Warwickshire¬CV12 0AJ¬52.47943115234375¬-1.4913613796234131¬05H¬NHS Warwickshire North CCG¬02476490909¬¬¬02476 310565
16856¬M84612001¬GP¬UNKNOWN¬Visible¬True¬True¬Baddesley Ensor Health Centre¬42 Hunters Park¬Baddesley Ensor¬¬Atherstone¬Warwickshire¬CV9 2DE¬52.579570770263672¬-1.5999410152435303¬05H¬NHS Warwickshire North CCG¬01827720229¬¬¬
16857¬M84612¬GP¬UNKNOWN¬Visible¬True¬True¬Station Street Surgery¬45 Station Street¬¬¬Atherstone¬Warwickshire¬CV9 1DB¬52.576644897460937¬-1.5483639240264893¬05H¬NHS Warwickshire North CCG¬01827718631¬warnoccg.stationstreetadmin@nhs.net¬¬
16858¬M84615¬GP¬UNKNOWN¬Visible¬True¬True¬Chancery Lane Surgery¬Chancery Lane¬Chapel End¬¬Nuneaton¬Warwickshire¬CV10 0PB¬52.536388397216797¬-1.5213546752929687¬05H¬NHS Warwickshire North CCG¬02476394766¬¬http://chancerylane.warwickshire.nhs.uk/¬
16859¬M84616¬GP¬UNKNOWN¬Visible¬True¬False¬Brookside Surgery¬Brookside¬Stretton On Dunsmore¬¬Rugby¬Warwickshire¬CV23 9NH¬52.350482940673828¬-1.3990732431411743¬05A¬NHS Coventry And Rugby CCG¬02476542525¬¬http://www.brooksidesurgery.co.uk/¬024 7654 5617
16861¬M84618¬GP¬UNKNOWN¬Visible¬True¬True¬Rugby Road Surgery¬18 Rugby Road¬Bulkington¬¬Bedworth¬Warwickshire¬CV12 9JE¬52.476715087890625¬-1.4193375110626221¬05H¬NHS Warwickshire North CCG¬02476643243¬¬¬
16862¬M84618001¬GP¬UNKNOWN¬Visible¬True¬True¬Bedworth Health Centre¬High Street¬¬¬Bedworth¬Warwickshire¬CV12 8NQ¬52.478630065917969¬-1.4726419448852539¬05H¬NHS Warwickshire North CCG¬02476317223¬¬http://bedworthhealthcentregps.warwickshire.nhs.uk/¬
16863¬M84620¬GP¬UNKNOWN¬Visible¬True¬True¬Lapworth Surgery¬Old Warwick Road¬Lapworth¬¬Solihull¬West Midlands¬B94 6LH¬52.337825775146484¬-1.728360652923584¬05R¬NHS South Warwickshire CCG¬01564 783983¬¬http://www.lapworthsurgery.co.uk¬01564 784874
16864¬M84621¬GP¬UNKNOWN¬Visible¬True¬True¬Queens Road Surgery¬88A Queens Road¬¬¬Nuneaton¬Warwickshire¬CV11 5LE¬52.522121429443359¬-1.4745091199874878¬05H¬NHS Warwickshire North CCG¬02476642368¬¬¬
16866¬M84627¬GP¬UNKNOWN¬Visible¬True¬True¬The Old Cole House Practice¬41 Park Road¬¬¬Bedworth¬Warwickshire¬CV12 8LH¬52.477264404296875¬-1.4750287532806396¬05H¬NHS Warwickshire North CCG¬02476311200¬thecolehousesurgery@nhs.net¬http://www.colehousesurgery.nhs.uk/¬02476312311
16867¬M84629¬GP¬UNKNOWN¬Visible¬True¬True¬St Wulfstan Surgery¬Northfield Road¬¬¬Southam¬Warwickshire¬CV47 0FG¬52.247692108154297¬-1.3983092308044434¬05R¬NHS South Warwickshire CCG¬01926810939¬¬https://www.stwulfstan.co.uk¬01926 810935
16868¬M85001¬GP¬UNKNOWN¬Visible¬True¬True¬Castle Vale Primary Care Centre¬70 Tangmere Drive¬Castle Vale¬¬Birmingham¬West Midlands¬B35 7QX¬52.516834259033203¬-1.7944573163986206¬15E¬NHS Birmingham And Solihull CCG¬01214651500¬¬http://www.szsurgery.co.uk/¬0121 465 1503
16869¬M85002¬GP¬UNKNOWN¬Visible¬True¬True¬Handsworth Wood Med.Ctr.¬110-114 Church Lane¬Handsworth¬¬Birmingham¬West Midlands¬B20 2ES¬52.513034820556641¬-1.9281817674636841¬05L¬NHS Sandwell And West Birmingham CCG¬0121 523 7117¬modality.hwmc@nhs.net¬https://www.modalitypartnership.nhs.uk/handsworth-wood-medical-centre¬0121 554 2406
16872¬M85063006¬GP¬UNKNOWN¬Visible¬True¬True¬All Saints Medical Center (MMP South)¬All Saints Medical Center (MMP South)¬2a, Vicarage Road¬¬Kings Heath¬West Midlands¬B14 7RA¬52.432090759277344¬-1.8952195644378662¬15E¬NHS Birmingham And Solihull CCG¬0121 444 2005¬¬http://www.mmpmedical.com/¬
16873¬M85005¬GP¬UNKNOWN¬Visible¬True¬True¬The Park Medical Centre¬691 Coventry Road¬Small Heath¬¬Birmingham¬West Midlands¬B10 0JL¬52.466339111328125¬-1.8484039306640625¬15E¬NHS Birmingham And Solihull CCG¬0121 796 4111¬¬http://theparkmedicalcentre.myhealthcare.co.uk¬
16874¬M85006¬GP¬UNKNOWN¬Visible¬True¬True¬Green Ridge Surgery¬671 Yardley Wood Road¬Doctors Surgery¬671 Yardley Wood Road¬BIRMINGHAM¬West Midlands¬B13 0HN¬52.428436279296875¬-1.8710206747055054¬15E¬NHS Birmingham And Solihull CCG¬0121 465 8230¬info.greenridge@nhs.net¬http://www.greenridge.co.uk¬
16875¬M85007¬GP¬UNKNOWN¬Visible¬True¬True¬West Heath Surgery¬194-196 West Heath Road¬West Heath¬¬Birmingham¬West Midlands¬B31 3HB¬52.401802062988281¬-1.9620057344436646¬15E¬NHS Birmingham And Solihull CCG¬01214761135¬¬http://westheath.myhealthcare.co.uk/¬
16876¬M85008¬GP¬UNKNOWN¬Visible¬True¬True¬Poolway Medical Centre¬Poolway Medical Centre¬80 Church Lane¬Kitts Green¬Birmingham¬West Midlands¬B33 9EN¬52.485309600830078¬-1.7956202030181885¬15E¬NHS Birmingham And Solihull CCG¬0121 785 0795¬¬http://www.mysurgerywebsite.co.uk/index.aspx?pr=M58008¬0121 783 9633
16877¬M85009¬GP¬UNKNOWN¬Visible¬True¬True¬Handsworth Surgery ¬168 Hamstead Road¬Handsworth¬¬Birmingham¬West Midlands¬B20 2QR¬52.504463195800781¬-1.9190027713775635¬05L¬NHS Sandwell And West Birmingham CCG¬01215237500¬¬http://www.drchitressurgery.nhs.uk¬0121 554 3643
16878¬M85009001¬GP¬UNKNOWN¬Visible¬True¬True¬Tanhouse Nhs Clinic¬Nhs Tanhouse Clinic¬Hamstead Road¬Great Barr¬Birmingham¬West Midlands¬B43 5EL¬52.535102844238281¬-1.9404411315917969¬05L¬NHS Sandwell And West Birmingham CCG¬01213579009¬¬http://www.drchitressurgery.nhs.uk/¬0121 357 9895
16880¬M85011¬GP¬UNKNOWN¬Visible¬True¬True¬The Swan Medical Centre¬4 Willard Road¬South Yardley¬¬Birmingham¬West Midlands¬B25 8AA¬52.462581634521484¬-1.8175820112228394¬15E¬NHS Birmingham And Solihull CCG¬01217060337¬¬www.swan.gpsurgery.net¬0121 707-3105
16881¬M85013¬GP¬UNKNOWN¬Visible¬True¬True¬Church Lane - Khan¬113 Church Lane¬Stechford¬¬Birmingham¬West Midlands¬B33 9EJ¬52.487060546875¬-1.7939479351043701¬15E¬NHS Birmingham And Solihull CCG¬0121 783 2861¬¬http://www.churchlanesurgerykittsgreen.nhs.uk¬0121 785 0585
16882¬M85014¬GP¬UNKNOWN¬Visible¬True¬True¬Kingsbury Road Surgery¬273 Kingsbury Road¬Erdington¬¬Birmingham¬West Midlands¬B24 8RD¬52.51531982421875¬-1.838701605796814¬15E¬NHS Birmingham And Solihull CCG¬01213827539¬¬http://www.kingsburyroadsurgery.nhs.uk/¬0121 386 2482
16884¬M85016001¬GP¬UNKNOWN¬Visible¬True¬True¬Hillcrest Surgery¬6 Dyas Road¬Great Barr¬¬Birmingham¬West Midlands¬B44 8SF¬52.541637420654297¬-1.8865256309509277¬15E¬NHS Birmingham And Solihull CCG¬0121 373 1885¬modality.hcs@nhs.net¬https://www.modalitypartnership.nhs.uk/hillcrest-surgery¬0121 306 9641
16885¬M85016¬GP¬UNKNOWN¬Visible¬True¬True¬Modality Hillcrest Surgery¬9 Twickenham Road¬Kingstanding¬¬Birmingham¬West Midlands¬B44 0NN¬52.544631958007813¬-1.8647384643554688¬15E¬NHS Birmingham And Solihull CCG¬0121 373 1885¬modality.hcs@nhs.net¬https://modalitypartnership.nhs.uk/¬0121 306 9641
16886¬M85018¬GP¬UNKNOWN¬Visible¬True¬True¬YARDLEY WOOD HEALTH CENTRE¬401 Highfield Road¬Yardley Wood¬¬Birmingham¬West Midlands¬B14 4DU¬52.419185638427734¬-1.8594043254852295¬15E¬NHS Birmingham And Solihull CCG¬01214745186¬nhsbsolccg.receptionywhc@nhs.net¬http://www.yardleywoodhc.co.uk¬0121 4367648
16887¬M85019¬GP¬UNKNOWN¬Visible¬True¬True¬Tower Hill Partnership¬433 Walsall Road¬Perry Barr¬¬Birmingham¬West Midlands¬B42 1BT¬52.530403137207031¬-1.9115573167800903¬05L¬NHS Sandwell And West Birmingham CCG¬01214110487¬¬http://wwwtowerhillpartnershipmedicalpractice.nhs.uk¬0121 356 0587
16888¬M85020¬GP¬UNKNOWN¬Visible¬True¬True¬Newtown Health Centre¬171 Melbourne Avenue¬Newtown¬¬Birmingham¬West Midlands¬B19 2JA¬52.497978210449219¬-1.9044907093048096¬05L¬NHS Sandwell And West Birmingham CCG¬0121 203 0666¬¬http://www.newtownhealthcentre.co.uk/¬
16889¬M85021¬GP¬UNKNOWN¬Visible¬True¬True¬Moseley Medical Centre¬21 Salisbury Road¬Moseley¬¬Birmingham¬West Midlands¬B13 8JS¬52.446464538574219¬-1.8897712230682373¬15E¬NHS Birmingham And Solihull CCG¬01214490122¬¬http://www.moseleymedicalcentre.co.uk/¬0121 449 6262
16890¬M85023¬GP¬UNKNOWN¬Visible¬True¬True¬Millennium Medical Centre¬121 Weoley Castle Road¬Weoley Castle¬¬Birmingham¬West Midlands¬B29 5QD¬52.437637329101563¬-1.9669322967529297¬15E¬NHS Birmingham And Solihull CCG¬01214275201¬¬http://www.millenniummedicalcentre.co.uk¬0121 427 5052
16891¬M85024002¬GP¬UNKNOWN¬Visible¬True¬True¬The Limes Medical Centre - Finch Road Branch¬Finch Road¬Lozells¬¬Birmingham¬West Midlands¬B19 1HS¬52.503772735595703¬-1.9104593992233276¬15E¬NHS Birmingham And Solihull CCG¬0121 203 3800¬¬http://www.thelimesmedicalbirmingham.nhs.uk¬0121 6827409
16892¬M85024¬GP¬UNKNOWN¬Visible¬True¬True¬The Limes Medical Centre¬Cooksey Road¬Small Heath¬¬Birmingham¬West Midlands¬B10 0BS¬52.466640472412109¬-1.8589426279067993¬15E¬NHS Birmingham And Solihull CCG¬0121 772 0067¬¬http://www.thelimesmedicalbirmingham.nhs.uk¬0121 766 7674
16893¬M85025¬GP¬UNKNOWN¬Visible¬True¬True¬Bath Row Medical Practice, Attwood Green Health Centre¬First Floor - The Colston Suite¬Attwood Green Health Centre¬30 Bath Row¬Birmingham¬West Midlands¬B15 1LZ¬52.472629547119141¬-1.9084614515304565¬15E¬NHS Birmingham And Solihull CCG¬01216224846¬¬http://www.bathrowmedicalpractice.co.uk/¬0121 465 0011
16894¬M85026¬GP¬UNKNOWN¬Visible¬True¬True¬Ashfield Surgery¬8 Walmley Road¬¬¬Sutton Coldfield¬West Midlands¬B76 1QN¬52.540714263916016¬-1.7998898029327393¬15E¬NHS Birmingham And Solihull CCG¬01213517955¬¬http://www.ashfieldsurgery.co.uk¬0121 3132509
16895¬M85027¬GP¬UNKNOWN¬Visible¬True¬True¬Leach Heath Medical Centre¬Leach Heath Lane¬Rubery¬¬Birmingham¬West Midlands¬B45 9BU¬52.392143249511719¬-2.0129902362823486¬15E¬NHS Birmingham And Solihull CCG¬0121 453 3516¬¬https://lhmc.digipractice.org/¬0121 457 9256
16896¬M85028002¬GP¬UNKNOWN¬Visible¬True¬True¬Quinton Family Practice¬406 Quinton Road West¬Quinton¬¬Birmingham¬West Midlands¬B32 1QG¬52.457714080810547¬-2.0027377605438232¬15E¬NHS Birmingham And Solihull CCG¬0121 421 6011¬¬http://www.lordswood.org.uk¬0121 423 3089
16897¬M85028¬GP¬UNKNOWN¬Visible¬True¬True¬Lordswood House Group¬54 Lordswood Road¬Harborne¬¬Birmingham¬West Midlands¬B17 9DB¬52.459056854248047¬-1.9612061977386475¬15E¬NHS Birmingham And Solihull CCG¬0121 426 2030¬¬http://www.lordswood.org.uk¬0121 428 2658
16898¬M85028001¬GP¬UNKNOWN¬Visible¬True¬True¬Quinborne Medical Practice¬Selcroft Avenue¬Quinton¬¬Birmingham¬West Midlands¬B32 2BX¬52.455833435058594¬-1.9783825874328613¬15E¬NHS Birmingham And Solihull CCG¬0121 428 2880¬¬http://www.lordswood.org.uk¬0121 427 2880
16899¬M85029¬GP¬UNKNOWN¬Visible¬True¬True¬Granton Medical Centre¬114 Middleton Hall Road¬Kings Norton¬¬Birmingham¬West Midlands¬B30 1DH¬52.415580749511719¬-1.9404251575469971¬15E¬NHS Birmingham And Solihull CCG¬01214599117¬¬https://gtmc.digipractice.org/¬0121 4862889
16900¬M85030¬GP¬UNKNOWN¬Visible¬True¬True¬St Heliers Medical Practice¬Northfield Health Centre¬15 St Heliers Road¬Northfield¬Birmingham¬West Midlands¬B31 1QT¬52.412761688232422¬-1.9757717847824097¬15E¬NHS Birmingham And Solihull CCG¬01214781850¬¬https://stheliers.co.uk/¬0121 476 0931
16901¬M85031¬GP¬UNKNOWN¬Visible¬True¬True¬The Harlequin Surgery¬160 Shard End Crescent¬Shard End¬¬Birmingham¬West Midlands¬B34 7BP¬52.495426177978516¬-1.7777950763702393¬15E¬NHS Birmingham And Solihull CCG¬01217478291¬¬¬01217495497
16902¬M85033001¬GP¬UNKNOWN¬Visible¬True¬True¬Ashfurlong Medical Center¬233 Tamworth Road¬¬¬Sutton Coldfield¬West Midlands¬B75 6DX¬52.577358245849609¬-1.8066736459732056¬15E¬NHS Birmingham And Solihull CCG¬0121 323 2121¬¬https://www.manorpracticeashfurlong.co.uk¬
16903¬M85033¬GP¬UNKNOWN¬Visible¬True¬True¬The Manor Practice¬James Preston Health Centre¬61 Holland Road¬¬Sutton Coldfield¬West Midlands¬B72 1RL¬52.558162689208984¬-1.8236026763916016¬15E¬NHS Birmingham And Solihull CCG¬0121 355 5473¬¬https://www.manorpracticeashfurlong.co.uk¬
16904¬M85034¬GP¬UNKNOWN¬Visible¬True¬True¬Omnia Practice¬Yardley Green Medical Centre¬73 Yardley Green Road¬Bordesley Green¬Birmingham¬West Midlands¬B9 5PU¬52.475711822509766¬-1.8390671014785767¬15E¬NHS Birmingham And Solihull CCG¬01215062000¬¬http://omniapractice.com¬01215062005
16905¬M85035¬GP¬UNKNOWN¬Visible¬True¬True¬Woodgate Valley Health Centre¬61 Stevens Avenue¬Woodgate Valley¬¬Birmingham¬West Midlands¬B32 3SD¬52.442665100097656¬-1.9914088249206543¬15E¬NHS Birmingham And Solihull CCG¬01214260088¬¬http://www.woodgatevalley.co.uk¬0121 426 0080
16907¬M85037¬GP¬UNKNOWN¬Visible¬True¬True¬Kingsfield Medical Centre¬146 Alcester Road South¬Kings Heath¬¬Birmingham¬West Midlands¬B14 6AA¬52.427280426025391¬-1.8929955959320068¬15E¬NHS Birmingham And Solihull CCG¬01214442054¬¬http://www.kingsfieldmedicalcentre.nhs.uk/¬0121 443 5856
16909¬M85041¬GP¬UNKNOWN¬Visible¬True¬True¬Bournbrook Varsity Medical Centre¬1A Alton Road¬Selly Oak¬¬Birmingham¬West Midlands¬B29 7DU¬52.445701599121094¬-1.9298945665359497¬15E¬NHS Birmingham And Solihull CCG¬01214720129¬¬www.bournbrookvarsitymedical.co.uk¬0121 472-3775
16910¬M85042¬GP¬UNKNOWN¬Visible¬True¬True¬Selly Park Surgery¬2 Reaview Drive¬Pershore Road¬¬Birmingham¬West Midlands¬B29 7NT¬52.444049835205078¬-1.9164209365844727¬15E¬NHS Birmingham And Solihull CCG¬01214720187¬¬¬0121 472 4181
16911¬M85043¬GP¬UNKNOWN¬Visible¬True¬True¬Hawkesley Medical Practice¬375 Shannon Road¬Kings Norton¬¬Birmingham¬West Midlands¬B38 9TJ¬52.395442962646484¬-1.937483549118042¬15E¬NHS Birmingham And Solihull CCG¬0121486 4200¬¬https://hawkesleymedical.gpsurgery.net/¬0121 486 4201
16913¬M85046¬GP¬UNKNOWN¬Visible¬True¬True¬Sutton Coldfield Group Practice - Tudor ¬Ashfurlong Medical Centre¬233 Tamworth Road¬¬Sutton Coldfield¬West Midlands¬B75 6DX¬52.577358245849609¬-1.8066736459732056¬15E¬NHS Birmingham And Solihull CCG¬01213233235¬tudor.enquiries@nhs.net¬http://www.tudorpractice.co.uk/¬0121 323 3830
16914¬M85047¬GP¬UNKNOWN¬Visible¬True¬True¬Woodland Road Surgery¬57 Woodland Road¬Northfield¬¬Birmingham¬West Midlands¬B31 2HZ¬52.410224914550781¬-1.9621602296829224¬15E¬NHS Birmingham And Solihull CCG¬01214751065¬¬http://www.woodlandroadsurgery.nhs.uk/¬0121 475 6179
16915¬M85048001¬GP¬UNKNOWN¬Visible¬True¬True¬Church Road Surgery¬144 Tile Cross Road¬Tile Cross¬¬Birmingham¬West Midlands¬B33 0LU¬52.475364685058594¬-1.7608914375305176¬15E¬NHS Birmingham And Solihull CCG¬0121 788 2020¬¬http://www.birmingham-doctors.co.uk¬0121 779 1850
16916¬M85048¬GP¬UNKNOWN¬Visible¬True¬True¬Church Road Surgery¬90 Church Road¬Sheldon¬¬Birmingham¬West Midlands¬B26 3TP¬52.458869934082031¬-1.7807457447052002¬15E¬NHS Birmingham And Solihull CCG¬01217411101¬¬http://www.birmingham-doctors.co.uk¬0121 741 2727
16917¬M85051¬GP¬UNKNOWN¬Visible¬True¬True¬FirstCare Practice¬Balsall Heath Health Centre¬43 Edward Road¬Balsall Heath¬Birmingham¬West Midlands¬B12 9LP¬52.457382202148438¬-1.8879338502883911¬15E¬NHS Birmingham And Solihull CCG¬01214404666¬¬http://www.firstcaremedicalpractice.nhs.uk¬0121 446 5986
16919¬M85053¬GP¬UNKNOWN¬Visible¬True¬True¬The St.Clements Surgery¬56 Nechells Park Road¬Nechells¬¬Birmingham¬West Midlands¬B7 5PR¬52.498561859130859¬-1.8672807216644287¬15E¬NHS Birmingham And Solihull CCG¬01214110343¬m85053.gaspara@nhs.net¬http://stclementssurgery.myhealthcare.co.uk¬
16920¬M85055¬GP¬UNKNOWN¬Visible¬True¬True¬Selly Oak Health Centre¬15 Katie Road¬Selly Oak¬¬Birmingham¬West Midlands¬B29 6JG¬52.438255310058594¬-1.9391295909881592¬15E¬NHS Birmingham And Solihull CCG¬01214720016¬sellyoak.healthcentre@nhs.net¬https://www.sellyoakhealthcentre.nhs.uk/¬0121 4724912
16921¬M85056¬GP¬UNKNOWN¬Visible¬True¬True¬Weoley Park Surgery¬112 Weoley Park Road¬Selly Oak¬¬Birmingham¬West Midlands¬B29 5HA¬52.438091278076172¬-1.9568114280700684¬15E¬NHS Birmingham And Solihull CCG¬01214721965¬¬¬0121 415-5671
16922¬M85058¬GP¬UNKNOWN¬Visible¬True¬True¬Harborne Medical Practice¬4 York Street¬Harborne¬¬Birmingham¬West Midlands¬B17 0HG¬52.458583831787109¬-1.9462689161300659¬15E¬NHS Birmingham And Solihull CCG¬01214275246¬¬http://www.harbornemedicalpractice.co.uk/¬0121 4273087
16925¬M85060¬GP¬UNKNOWN¬Visible¬True¬True¬The Oaks Medical Centre¬199 Shady Lane¬Great Barr¬¬Birmingham¬West Midlands¬B44 9ER¬52.551292419433594¬-1.8980041742324829¬15E¬NHS Birmingham And Solihull CCG¬0121 389 2222¬oaksweb@nhs.net¬http://www.oaksmedical.net/¬0121 366 6977
16926¬M85060001¬GP¬UNKNOWN¬Visible¬True¬True¬Dr Naik JR & Partners, Streetly Surgery¬119 Chester Road¬Streetly¬¬Sutton Coldfield¬West Midlands¬B74 2HE¬52.576557159423828¬-1.8834106922149658¬15E¬NHS Birmingham And Solihull CCG¬01213892222¬oaks.web@nhs.net¬http://www.oaksmedical.net/¬0121 352 0867
16927¬M85061¬GP¬UNKNOWN¬Visible¬True¬True¬Yardley Green Medical Centre¬Yardley Green Medical Centre¬77 Yardley Green Road¬Bordesley Green¬Birmingham¬West Midlands¬B9 5PU¬52.475711822509766¬-1.8390671014785767¬15E¬NHS Birmingham And Solihull CCG¬0121 773 3737¬yardleygreen.appointments@nhs.net¬http://www.ygmc.co.uk¬0121 772 2392
16928¬M85062¬GP¬UNKNOWN¬Visible¬True¬True¬Shenley Green Surgery¬22 Shenley Green¬Selly Oak¬¬Birmingham¬West Midlands¬B29 4HH¬52.426437377929687¬-1.9738819599151611¬15E¬NHS Birmingham And Solihull CCG¬01214757997¬¬¬0121 475-9239
16929¬M85063001¬GP¬UNKNOWN¬Visible¬True¬True¬Eaton Wood Medical Centre¬1128 Tyburn Road¬Erdington¬¬Birmingham¬West Midlands¬B24 0SY¬52.519805908203125¬-1.8131157159805298¬15E¬NHS Birmingham And Solihull CCG¬01213730959¬¬http://www.mmpmedical.com¬0121 350 2719
16930¬M85063¬GP¬UNKNOWN¬Visible¬True¬True¬Erdington Medical Centre (MMP North)¬Erdington Medical Centre¬103 Wood End Road¬Erdington¬Birmingham¬West Midlands¬B24 8NT¬52.518146514892578¬-1.8415502309799194¬15E¬NHS Birmingham And Solihull CCG¬0121 373 0085¬¬http://www.mmpmedical.com¬0121 386 1768
16931¬M85063003¬GP¬UNKNOWN¬Visible¬True¬True¬Kingsmount Medical Centre (MMP North East)¬Kingsmount Medical Centre¬444 Kingstanding Road¬Kingstanding¬Birmingham¬West Midlands¬B44 9SG¬52.542625427246094¬-1.8857563734054565¬15E¬NHS Birmingham And Solihull CCG¬01213731734¬¬www.mmpmedical.com¬0121 306 4266
16932¬M85063004¬GP¬UNKNOWN¬Visible¬True¬True¬The High Street Surgery¬26 High Street¬Erdington¬¬Birmingham¬West Midlands¬B23 6RN¬52.526824951171875¬-1.8363453149795532¬15E¬NHS Birmingham And Solihull CCG¬01213730086¬¬www.mmpmedical.com¬0121 373 2041
16933¬M85063002¬GP¬UNKNOWN¬Visible¬True¬True¬Jockey Road Medical Centre¬519 Jockey Road¬¬¬Sutton Coldfield¬West Midlands¬B73 5DF¬52.548320770263672¬-1.8571619987487793¬15E¬NHS Birmingham And Solihull CCG¬0121 354 1749¬¬http://www.mmpmedical.com¬0121 355 1840
16934¬M85064¬GP¬UNKNOWN¬Visible¬True¬False¬Five Ways Health Centre¬¬Cope Street¬Ladywood¬Birmingham¬West Midlands¬B18 7BA¬52.482799530029297¬-1.9240783452987671¬05L¬NHS Sandwell And West Birmingham CCG¬0121 250 6105¬¬¬
16935¬M85065¬GP¬UNKNOWN¬Visible¬True¬True¬The Poplars Surgery¬17 Holly Lane¬Erdington¬¬Birmingham¬West Midlands¬B24 9JN¬52.528644561767578¬-1.8319902420043945¬15E¬NHS Birmingham And Solihull CCG¬01213772133¬¬www.poplarssurgery.co.uk¬0121 382-9576
16936¬M85066¬GP¬UNKNOWN¬Visible¬True¬True¬Ward End Medical Centre¬794A Washwood Heath Road¬Ward End¬¬Birmingham¬West Midlands¬B8 2JN¬52.493160247802734¬-1.8264695405960083¬15E¬NHS Birmingham And Solihull CCG¬01213271049¬stephanie.bowskill@nhs.net¬http://www.wardendmedicalcentre.co.uk¬0121 327 0964
16937¬M85046005¬GP¬UNKNOWN¬Visible¬True¬True¬Sutton Coldfield Group Practice - Vesey ¬James Preston Health Centre¬61 Holland Road¬¬Sutton Coldfield¬West Midlands¬B72 1RL¬52.558162689208984¬-1.8236026763916016¬15E¬NHS Birmingham And Solihull CCG¬01213555150¬¬www.veseypractice.co.uk¬0121 321-2498
16938¬M85069¬GP¬UNKNOWN¬Visible¬True¬True¬Laurie Pike Health Centre¬2 Fentham Road¬Aston¬¬Birmingham¬West Midlands¬B6 6BB¬52.505176544189453¬-1.8991272449493408¬05L¬NHS Sandwell And West Birmingham CCG¬0121 250 0370¬modality.lphc@nhs.net¬https://www.modalitypartnership.nhs.uk/laurie-pike-health-centre¬0121 523 6163
16939¬M85070¬GP¬UNKNOWN¬Visible¬True¬True¬Reservoir Road Surgery¬192 Reservoir Road¬Erdington¬¬Birmingham¬West Midlands¬B23 6DJ¬52.523883819580078¬-1.8573148250579834¬15E¬NHS Birmingham And Solihull CCG¬01214652950¬¬www.reservoirroadsurgery.co.uk¬0121 465 2951
16940¬M85071¬GP¬UNKNOWN¬Visible¬True¬True¬Wychall Lane Surgery¬11 Wychall Lane¬Kings Norton¬¬Birmingham¬West Midlands¬B38 8TE¬52.409969329833984¬-1.9355520009994507¬15E¬NHS Birmingham And Solihull CCG¬01216282345¬¬¬0121 628 8282
16941¬M85178003¬GP¬UNKNOWN¬Visible¬True¬True¬Modality St James¬85 Crocketts Road¬Crocketts Road¬Handsworth¬Birmingham¬West Midlands¬B21 0HR¬52.504398345947266¬-1.9497491121292114¬05L¬NHS Sandwell And West Birmingham CCG¬01215542980¬m85072.dawes@nhs.net¬https://www.modalitypartnership.nhs.uk/st-james-medical-centre¬0121 446 2023
16942¬M85074¬GP¬UNKNOWN¬Visible¬True¬True¬Wake Green Surgery¬7 Wake Green Road¬Moseley¬¬Birmingham¬West Midlands¬B13 9HD¬52.44610595703125¬-1.8833426237106323¬15E¬NHS Birmingham And Solihull CCG¬01214490300¬emis.wakegreensurgery@nhs.net¬http://www.wakegreensurgery.co.uk/¬0121 442 4057
16943¬M85136003¬GP¬UNKNOWN¬Visible¬True¬True¬Birmingham Heartlands Surgery¬78-81 Gray Street¬Bordesley Village¬¬Birmingham¬West Midlands¬B9 4LS¬52.477802276611328¬-1.8710975646972656¬15E¬NHS Birmingham And Solihull CCG¬01217722020¬¬http://www.birminghamheartlandsurgery.co.uk¬0121 772-2015
16944¬M85076¬GP¬UNKNOWN¬Visible¬True¬True¬Hollymoor Medical Centre¬Manor Park Grove¬Northfield¬¬Birmingham¬West Midlands¬B31 5ER¬52.403980255126953¬-1.9988095760345459¬15E¬NHS Birmingham And Solihull CCG¬01214769191¬¬http://www.hollymoormedicalcentre.co.uk¬01214832108
16945¬M85077¬GP¬UNKNOWN¬Visible¬True¬True¬Northwood Medical Centre¬10-12 Middleton Hall Road¬Kings Norton¬¬Birmingham¬West Midlands¬B30 1BY¬52.415489196777344¬-1.932956337928772¬15E¬NHS Birmingham And Solihull CCG¬01214581342¬¬https://northwoodandalvechurch.gpsurgery.net/¬0121 4586921
16946¬M85077001¬GP¬UNKNOWN¬Visible¬True¬True¬Dr Potter C M & Partners¬Alvechurch Medical Centre¬5 The Square¬Alvechurch¬Birmingham¬West Midlands¬B48 7LB¬52.351463317871094¬-1.9603015184402466¬15E¬NHS Birmingham And Solihull CCG¬01214451084¬¬https://northwoodandalvechurch.gpsurgery.net/¬0121 447 8062
16947¬M85078¬GP¬UNKNOWN¬Visible¬True¬True¬Oakwood Surgery¬Sparkhill Primary Care Centre¬856 Stratford Road¬Sparkhill¬Birmingham¬West Midlands¬B11 4BW¬52.444892883300781¬-1.8588781356811523¬15E¬NHS Birmingham And Solihull CCG¬01214110346¬¬¬0121 246 4520
16948¬M85079¬GP¬UNKNOWN¬Visible¬True¬True¬Eden Court Medical Practice¬200 Tangmere Drive¬Castle Vale¬¬Birmingham¬West Midlands¬B35 6EE¬52.518112182617187¬-1.7939945459365845¬15E¬NHS Birmingham And Solihull CCG¬0121 748 8200¬haveyoursay@edencourt.org.uk¬https://www.edencourt.org.uk/¬0121 748 8210
16949¬M85081¬GP¬UNKNOWN¬Visible¬True¬True¬The Dove Medical Practice¬60 Dovedale Road¬Erdington¬¬Birmingham¬West Midlands¬B23 5DD¬52.535160064697266¬-1.8645906448364258¬15E¬NHS Birmingham And Solihull CCG¬0121 465 5739¬¬http://www.dovesurgery.co.uk/¬0121 465 5761
16950¬M85082¬GP¬UNKNOWN¬Visible¬True¬True¬Handsworth Medical Pract.¬4 Trafalgar Road¬Handsworth¬¬Birmingham¬West Midlands¬B21 9NH¬52.505374908447266¬-1.9413208961486816¬05L¬NHS Sandwell And West Birmingham CCG¬01215514220¬¬¬0121 523 0322
16951¬M85046001¬GP¬UNKNOWN¬Visible¬True¬True¬Sutton Coldfield Group Practice - Ley Hill ¬¬228 Lichfield Road¬¬Sutton Coldfield¬West Midlands¬B74 2UE¬52.583305358886719¬-1.8278262615203857¬15E¬NHS Birmingham And Solihull CCG¬01213080359¬¬https://www.leyhillsurgery.co.uk¬
16952¬M85084¬GP¬UNKNOWN¬Visible¬True¬True¬The Wand Medical Centre¬15 Frank Street¬Highgate¬¬Birmingham¬West Midlands¬B12 0UF¬52.464191436767578¬-1.8886673450469971¬15E¬NHS Birmingham And Solihull CCG¬01214401561¬info.wand_sbpct@nhs.net¬http://www.thewandmedicalcentre.nhs.uk¬0121 4400060
16953¬M85085¬GP¬UNKNOWN¬Visible¬True¬True¬Ann Jones Family Health Centre ¬Ann Jones Family Health Centre¬34 Grantham Road¬¬Birmingham¬West Midlands¬B11 1LU¬52.462661743164063¬-1.8713182210922241¬05L¬NHS Sandwell And West Birmingham CCG¬0121 411 0354¬¬¬
16954¬M85086¬GP¬UNKNOWN¬Visible¬True¬True¬Cofton Medical Centre¬2 Robinsfield Drive¬Off Longbridge Lane¬¬Birmingham¬West Midlands¬B31 4TU¬52.392749786376953¬-1.9667892456054687¬15E¬NHS Birmingham And Solihull CCG¬01216935777¬¬http://www.coftonmedicalcentre.nhs.uk¬
16955¬M85087¬GP¬UNKNOWN¬Visible¬True¬True¬College Road Surgery¬452 College Road¬Kingstanding¬¬Birmingham¬West Midlands¬B44 0HL¬52.536769866943359¬-1.8741981983184814¬15E¬NHS Birmingham And Solihull CCG¬0121 373 8842¬¬http://www.collegeroadsurgery.co.uk¬
16956¬M85088¬GP¬UNKNOWN¬Visible¬True¬True¬Karis Medical Centre¬Waterworks Road¬Edgbaston¬¬Birmingham¬West Midlands¬B16 9AL¬52.474414825439453¬-1.9307184219360352¬15E¬NHS Birmingham And Solihull CCG¬01214550542¬¬www.karismedicalcentre.co.uk¬0121 452 4896
16957¬M85092¬GP¬UNKNOWN¬Visible¬True¬True¬Goodrest Croft Surgery¬1 Goodrest Croft¬Yardley Wood¬¬Birmingham¬West Midlands¬B14 4JU¬52.414939880371094¬-1.8680312633514404¬15E¬NHS Birmingham And Solihull CCG¬01214742059¬¬http://www.goodrest.org.uk¬0121 4367260
16959¬M85094¬GP¬UNKNOWN¬Visible¬True¬True¬Yardley Medical Centre¬1222 Coventry Road¬South Yardley¬¬Birmingham¬West Midlands¬B25 8BY¬52.463191986083984¬-1.8283828496932983¬15E¬NHS Birmingham And Solihull CCG¬01217721898¬adminyardleymedicalpractice@nhs.net¬http://yardleymedicalcentre.co.uk/¬0121 6081222
16960¬M85097¬GP¬UNKNOWN¬Visible¬True¬True¬Cranes Park Road Surgery¬25 Cranes Park Road¬Sheldon¬¬Birmingham¬West Midlands¬B26 3SE¬52.456558227539063¬-1.7795705795288086¬15E¬NHS Birmingham And Solihull CCG¬01217432018¬¬http://www.cranesparkroadsurgery.nhs.uk¬
16961¬M85098¬GP¬UNKNOWN¬Visible¬True¬True¬Rotton Park Medical Centre¬264 Rotton Park Road¬Edgbaston¬¬Birmingham¬West Midlands¬B16 0LU¬52.482166290283203¬-1.9470648765563965¬05L¬NHS Sandwell And West Birmingham CCG¬01214292683¬¬http://www.rottonparkmedicalcentre.co.uk/¬0121 434-5158
16962¬M85069001¬GP¬UNKNOWN¬Visible¬True¬True¬Shanklin House Surgery¬190 Aston Lane¬Handsworth¬¬Birmingham¬West Midlands¬B20 3HE¬52.513755798339844¬-1.8920199871063232¬05L¬NHS Sandwell And West Birmingham CCG¬01212501590¬modality.lphc@nhs.net¬https://www.modalitypartnership.nhs.uk/shanklin-house-surgery¬
16963¬M85046003¬GP¬UNKNOWN¬Visible¬True¬True¬Sutton Coldfield Group Practice - Sutton Park ¬34 Chester Road North¬¬¬Sutton Coldfield¬West Midlands¬B73 6SP¬52.564479827880859¬-1.878544807434082¬15E¬NHS Birmingham And Solihull CCG¬01213532586¬¬www.suttonparksurgery.nhs.uk¬0121 353-5289
16964¬M85105¬GP¬UNKNOWN¬Visible¬True¬True¬Victoria Road Surgery¬21 Victoria Road¬Acocks Green¬¬Birmingham¬West Midlands¬B27 7XZ¬52.444454193115234¬-1.8196282386779785¬15E¬NHS Birmingham And Solihull CCG¬01217061129¬victoriaroad.surgery@nhs.net¬http://www.victoriaroadpractice.nhs.uk/¬0121 765 4927
16965¬M85107¬GP¬UNKNOWN¬Visible¬True¬True¬Firs Surgery¬87 Kempson Road¬Castle Bromwich¬¬Birmingham¬West Midlands¬B36 8LR¬52.506309509277344¬-1.8014897108078003¬15E¬NHS Birmingham And Solihull CCG¬01217473586¬¬http://www.firssurgery.nhs.uk/index.aspx¬01217492070
16966¬M85108¬GP¬UNKNOWN¬Visible¬True¬True¬Small Heath Medical Practice¬2 Great Wood Road¬Small Heath¬¬Birmingham¬West Midlands¬B10 9QE¬52.47198486328125¬-1.8619611263275146¬15E¬NHS Birmingham And Solihull CCG¬01217668828¬¬https://shmp.digipractice.org/¬0121 772 0097
16967¬M85110¬GP¬UNKNOWN¬Visible¬True¬True¬Saltley & Fernbank Medical Practice¬Cradock Road¬Saltley¬¬Birmingham¬West Midlands¬B8 1RZ¬52.490840911865234¬-1.8519428968429565¬15E¬NHS Birmingham And Solihull CCG¬01213284223¬¬¬01213272413
16970¬M85113¬GP¬UNKNOWN¬Visible¬True¬True¬Bucklands End Lane Surgery¬36 Bucklands End Lane¬Castle Bromwich¬¬Birmingham¬West Midlands¬B34 6BP¬52.497814178466797¬-1.7998486757278442¬15E¬NHS Birmingham And Solihull CCG¬0121 747 2160¬¬http://www.bucklandsendlanesurgery.co.uk¬01217473425
16971¬M85115¬GP¬UNKNOWN¬Visible¬True¬True¬Sutton Road Surgery¬122 Sutton Road¬Erdington¬¬Birmingham¬West Midlands¬B23 5TJ¬52.534313201904297¬-1.8285778760910034¬15E¬NHS Birmingham And Solihull CCG¬01213730056¬¬http://www.suttonroadsurgery.co.uk/¬01213823212
16972¬M85116¬GP¬UNKNOWN¬Visible¬True¬True¬Fernley Medical Centre¬560 Stratford Road¬Sparkhill¬¬Birmingham¬West Midlands¬B11 4AN¬52.451606750488281¬-1.8645522594451904¬15E¬NHS Birmingham And Solihull CCG¬0121 411 0347¬fernley.medicalcentre@nhs.net¬http://www.fernleymedicalcentre.nhs.uk¬0121 766 6865
16973¬M85117¬GP¬UNKNOWN¬Visible¬True¬True¬Bartley Green Medical Practice¬71 Romsley Road¬Bartley Green¬¬Birmingham¬West Midlands¬B32 3PR¬52.436237335205078¬-2.00303053855896¬15E¬NHS Birmingham And Solihull CCG¬01214774300¬¬http://www.bgmp.digipractice.org¬0121 4766056
16974¬M85118¬GP¬UNKNOWN¬Visible¬True¬True¬BALDWINS LANE SURGERY¬265 Baldwins Lane¬Hall Green¬¬Birmingham¬West Midlands¬B28 0RF¬52.414516448974609¬-1.8463907241821289¬15E¬NHS Birmingham And Solihull CCG¬01217441290¬¬http://www.baldwinslanesurgery.info/¬0121 745 1126
16975¬M85123¬GP¬UNKNOWN¬Visible¬True¬True¬Al-Shafa Medical Centre¬5-7 Little Oaks Road¬Aston¬¬Birmingham¬West Midlands¬B6 6JY¬52.506256103515625¬-1.8915668725967407¬15E¬NHS Birmingham And Solihull CCG¬0121 328 1977¬¬¬0121 3273755
16976¬M85124¬GP¬UNKNOWN¬Visible¬True¬True¬Bellevue Medical Centre¬6 Bellevue¬Edgbaston¬¬Birmingham¬West Midlands¬B5 7LX¬52.465396881103516¬-1.9008370637893677¬05L¬NHS Sandwell And West Birmingham CCG¬01214462000¬¬https://www.modalitypartnership.nhs.uk/bellevue-medical-centre¬0121 446 2015
16979¬M85128¬GP¬UNKNOWN¬Visible¬True¬True¬Dr Mohamedtaki Walji¬Balsall Heath Health Centre¬43 Edward Road¬Balsall Heath¬Birmingham¬West Midlands¬B12 9LP¬52.457382202148438¬-1.8879338502883911¬15E¬NHS Birmingham And Solihull CCG¬01212893037¬m85128.waljimt@nhs.net¬http://www.drwaljiandcolleagues.co.uk/¬0121 440 5861
16981¬M85178004¬GP¬UNKNOWN¬Visible¬True¬True¬Crompton Road Surgery¬93 Crompton Road¬Handsworth¬¬Birmingham¬West Midlands¬B20 3QP¬52.510093688964844¬-1.91075599193573¬05L¬NHS Sandwell And West Birmingham CCG¬0121 523 0427¬modailty.hwmc@nhs.net¬https://www.modalitypartnership.nhs.uk/crompton-road-surgery¬0121 523 8242
16982¬M85134¬GP¬UNKNOWN¬Visible¬True¬True¬West Heath Primary C Ctr¬481 Rednal Road¬Kings Norton¬¬Birmingham¬West Midlands¬B38 8AX¬52.398895263671875¬-1.953630805015564¬15E¬NHS Birmingham And Solihull CCG¬01214658188¬¬http://www.westheathprimarycarecentre.nhs.uk/¬0121 4658190
16983¬M85136001¬GP¬UNKNOWN¬Visible¬True¬True¬Hillmeads Medical Centre¬97 Hillmeads Road¬97 Hillmeads Road¬¬Birmingham¬West Midlands¬B38 9NE¬52.403129577636719¬-1.922627329826355¬15E¬NHS Birmingham And Solihull CCG¬01214861646¬¬https://druidsheath.gpsurgery.net/¬0121 459 5986
16984¬M85136¬GP¬UNKNOWN¬Visible¬True¬True¬Druids Heath Surgery¬27 Pound Road¬Druids Heath¬¬Birmingham¬West Midlands¬B14 5SB¬52.405296325683594¬-1.8987812995910645¬15E¬NHS Birmingham And Solihull CCG¬01214305461¬info.druidsheath_sbpct@nhs.net¬http://www.acemedicalpartnership.co.uk/¬0121 436 5669
16985¬M85139¬GP¬UNKNOWN¬Visible¬True¬True¬Alpha Medical Practice¬38 Alum Rock Road¬Alum Rock¬¬Birmingham¬West Midlands¬B8 1JA¬52.490737915039062¬-1.8560817241668701¬15E¬NHS Birmingham And Solihull CCG¬01213287010¬¬http://www.alphamedicalpractice.co.uk/¬01213287162
16986¬M85141¬GP¬UNKNOWN¬Visible¬True¬True¬Schoolacre Road Surgery¬2 Schoolacre Road¬Shard End¬¬Birmingham¬West Midlands¬B34 6RB¬52.497661590576172¬-1.7857822179794312¬15E¬NHS Birmingham And Solihull CCG¬01217472911¬schoolacresurgery@nhs.net¬¬0121 730 3006
16987¬M85142¬GP¬UNKNOWN¬Visible¬True¬True¬Keynell Covert Surgery¬33 Keynell Covert¬Kings Norton¬¬Birmingham¬West Midlands¬B30 3QT¬52.408443450927734¬-1.9118427038192749¬15E¬NHS Birmingham And Solihull CCG¬01214582619¬¬http://www.keynellcovert.co.uk/¬01214599640
16988¬M85143¬GP¬UNKNOWN¬Visible¬True¬True¬Jiggins Lane Medical Centre¬17 Jiggins Lane¬Bartley Green¬¬Birmingham¬West Midlands¬B32 3LE¬52.436805725097656¬-1.9953962564468384¬15E¬NHS Birmingham And Solihull CCG¬01214777272¬¬https://jlmc.digipractice.org¬01214784319
16989¬M85145¬GP¬UNKNOWN¬Visible¬True¬True¬The Slieve Surgery¬2 The Slieve¬Handsworth Wood¬¬Birmingham¬West Midlands¬B20 2NR¬52.520011901855469¬-1.9271535873413086¬05L¬NHS Sandwell And West Birmingham CCG¬01215541812¬¬http://www.2theslieve.co.uk/¬01215546830
16990¬M85146001¬GP¬UNKNOWN¬Visible¬True¬True¬Khattak Memorial Surgery¬The Memorial Health Centre, 309 Bolton Road¬Small Heath¬Small Heath¬Birmingham¬West Midlands¬B10 0AU¬52.465724945068359¬-1.8613885641098022¬15E¬NHS Birmingham And Solihull CCG¬01217734622 (ext. 1217734622)¬m85146.khattakmemorial@nhs.net¬https://www.khattakmemorialsurgery.co.uk¬
16991¬M85146¬GP¬UNKNOWN¬Visible¬True¬True¬Khattak Memorial Surgery¬The Memorial Health Centre, 309 Bolton Road¬Sparkbrook¬¬Birmingham¬West Midlands¬B10 0AU¬52.465724945068359¬-1.8613885641098022¬15E¬NHS Birmingham And Solihull CCG¬01217734622¬¬¬0121 766-7248
16992¬M85149¬GP¬UNKNOWN¬Visible¬True¬True¬Alum Rock Medical Centre¬27-29 Highfield Road¬Alum Rock¬¬Birmingham¬West Midlands¬B8 3QD¬52.489902496337891¬-1.8506499528884888¬15E¬NHS Birmingham And Solihull CCG¬01213289579¬¬http://www.alumrockmedicalcentre.nhs.uk/¬0121 3287495
16993¬M85153¬GP¬UNKNOWN¬Visible¬True¬True¬Weather Oak Medical Centre¬35 Warwick Road¬Sparkhill¬¬Birmingham¬West Midlands¬B11 4RA¬52.456912994384766¬-1.8675234317779541¬15E¬NHS Birmingham And Solihull CCG¬01217720352¬¬¬01217537980
16994¬M85154¬GP¬UNKNOWN¬Visible¬True¬True¬Lozells Medical Practice ¬Finch Road Primary Care Centre¬Lozells¬¬Birmingham¬West Midlands¬B19 1HS¬52.503772735595703¬-1.9104593992233276¬15E¬NHS Birmingham And Solihull CCG¬01215160363¬¬http://www.lozellsmedicalpractice.nhs.uk¬0121 682 7410
16996¬M85155¬GP¬UNKNOWN¬Visible¬True¬True¬Kingstanding Circle Surgery¬26 Rough Road¬Kingstanding¬¬Birmingham¬West Midlands¬B44 0UY¬52.553947448730469¬-1.881449818611145¬15E¬NHS Birmingham And Solihull CCG¬01216471385¬¬http://www.kingstandingcirclesurgery.co.uk/¬
16997¬M85156¬GP¬UNKNOWN¬Visible¬True¬True¬River Brook Medical Centre¬3 River Brook Drive¬Stirchley¬¬Birmingham¬West Midlands¬B30 2SH¬52.433032989501953¬-1.9137941598892212¬15E¬NHS Birmingham And Solihull CCG¬01214512525¬¬¬0121 433-3214
16998¬M85158¬GP¬UNKNOWN¬Visible¬True¬True¬Apollo Surgery¬619 Kings Road¬Great Barr¬¬Birmingham¬West Midlands¬B44 9HW¬52.554706573486328¬-1.8938813209533691¬15E¬NHS Birmingham And Solihull CCG¬01213608668¬¬http://apollosurgery.co.uk/¬0121 3601212
16999¬M85159¬GP¬UNKNOWN¬Visible¬True¬True¬BG Health Centre Bunbury Road Branch¬108 Bunbury Road¬Northfield¬¬Birmingham¬West Midlands¬B31 2DN¬52.414440155029297¬-1.9589074850082397¬15E¬NHS Birmingham And Solihull CCG¬01214751050¬bg.health@nhs.net¬https://bghealth.mygeneralpractice.org¬
17002¬M85164001¬GP¬UNKNOWN¬Visible¬True¬True¬Newport Medical Group¬234 Stoney Lane¬Balsall Heath¬¬Birmingham¬West Midlands¬B12 8AW¬52.451400756835938¬-1.8727930784225464¬05L¬NHS Sandwell And West Birmingham CCG¬0121 449 9685¬¬https://www.newportmedicalgroup.nhs.uk/¬0121 442 4146
17003¬M85164¬GP¬UNKNOWN¬Visible¬True¬True¬Newport Medical Practice¬1 Newport Road¬Balsall Heath¬¬Birmingham¬West Midlands¬B12 8QE¬52.452239990234375¬-1.8796470165252686¬05L¬NHS Sandwell And West Birmingham CCG¬0121 449 1327¬¬http://www.newportmedicalgroup.nhs.uk/¬0121 449 5540
17005¬M85167¬GP¬UNKNOWN¬Visible¬True¬True¬University Medical Practice¬University Medical Centre¬5 Pritchatts Road¬¬Birmingham¬West Midlands¬B15 2QU¬52.455848693847656¬-1.9379723072052002¬15E¬NHS Birmingham And Solihull CCG¬01216873055¬¬www.theump.co.uk¬0121 687-3054
17006¬M85170¬GP¬UNKNOWN¬Visible¬True¬True¬Gate Medical Centre¬120 Washwood Heath Road¬Saltley¬¬Birmingham¬West Midlands¬B8 1RE¬52.494289398193359¬-1.8558639287948608¬15E¬NHS Birmingham And Solihull CCG¬01213274427¬¬http://www.gatemedicalcentre.nhs.uk¬0121 327 8638
17007¬M85171¬GP¬UNKNOWN¬Visible¬True¬True¬Dr Srinivas Rao Dasari And Dr Raveendra Katamaneni¬15 ROWLANDS ROAD¬YARDLEY¬¬BIRMINGHAM¬West Midlands¬B26 1AT¬52.463275909423828¬-1.8061428070068359¬15E¬NHS Birmingham And Solihull CCG¬01217066623¬doctors.rowland@nhs.net¬http://www.rowlandsroadsurgery.com¬0121 706 9888
17008¬M85172001¬GP¬UNKNOWN¬Visible¬True¬True¬Highfield Lane Medical Centre¬88 Highfield Lane¬Woodgate Valley¬¬Birmingham¬West Midlands¬B32 1QX¬52.455963134765625¬-2.0045771598815918¬15E¬NHS Birmingham And Solihull CCG¬0121422311¬info.ridgacrehousesbpct@nhs.net¬http://www.ridgacremedicalcentres.com/¬0121 421 3101
17009¬M85172¬GP¬UNKNOWN¬Visible¬True¬True¬Ridgacre House Surgery¬83 Ridgacre Road¬Quinton¬¬Birmingham¬West Midlands¬B32 2TJ¬52.460914611816406¬-1.9900954961776733¬15E¬NHS Birmingham And Solihull CCG¬01214223111¬¬https://rahs.digipractice.org¬0121 421 3101
17011¬M85174¬GP¬UNKNOWN¬Visible¬True¬True¬Spark Medical Group¬34 Grantham Road¬¬¬Birmingham¬West Midlands¬B11 1LU¬52.463199615478516¬-1.8710607290267944¬15E¬NHS Birmingham And Solihull CCG¬01213340174¬spark.medicalgroup@nhs.net¬http://www.sparkbrookhealth.nhs.uk¬0121 247 5473
17012¬M85174001¬GP¬UNKNOWN¬Visible¬True¬True¬St George's Surgery¬119 School Road¬Moseley¬¬Birmingham¬West Midlands¬B13 9TX¬52.43798828125¬-1.8875198364257812¬15E¬NHS Birmingham And Solihull CCG¬01215451430¬spark.medicalgroup@nhs.net¬http://www.sparkbrookhealth.nhs.uk/¬0121 449 8689
17013¬M85175¬GP¬UNKNOWN¬Visible¬True¬True¬Dr Mp Clarke's Practice¬331 Birmingham Road¬¬¬Sutton Coldfield¬West Midlands¬B72 1DL¬52.538749694824219¬-1.8259509801864624¬15E¬NHS Birmingham And Solihull CCG¬01213732211¬¬www.hawthornssurgery.co.uk¬0121 382-1274
17014¬M85176¬GP¬UNKNOWN¬Visible¬True¬True¬Kirpal Medical Practice¬247-251 Soho Road¬Handsworth¬¬Birmingham¬West Midlands¬B21 9RY¬52.503097534179688¬-1.9349303245544434¬05L¬NHS Sandwell And West Birmingham CCG¬0121 2035040¬¬http://www.drvatish.co.uk/¬0121 5549646
17015¬M85177¬GP¬UNKNOWN¬Visible¬True¬True¬Swanswell Medical Centre¬370 Gospel Lane¬Acocks Green¬¬Birmingham¬West Midlands¬B27 7AL¬52.432518005371094¬-1.8165146112442017¬15E¬NHS Birmingham And Solihull CCG¬01217065676¬bcccg.swanswellmedicalcentre@nhs.net¬http://www.swanswellmedicalcentre.co.uk¬0121 765 0160
17016¬M85178¬GP¬UNKNOWN¬Visible¬True¬True¬Enki Medical Practice¬Orsborn House¬55 Terrace Road¬Lozells¬Birmingham¬West Midlands¬B19 1BP¬52.501136779785156¬-1.9203345775604248¬05L¬NHS Sandwell And West Birmingham CCG¬01212501585¬¬https://www.modalitypartnership.nhs.uk/enki-medical-practice¬0121 241 5629
17017¬M85179¬GP¬UNKNOWN¬Visible¬True¬True¬Maypole Health Surgery Y¬10 Sladepool Farm Road¬Maypole¬¬Birmingham¬West Midlands¬B14 5DJ¬52.410251617431641¬-1.8864727020263672¬15E¬NHS Birmingham And Solihull CCG¬01214302829¬¬http://www.dryapandpartners-maypolehealthcentre.co.uk¬
17019¬M85600¬GP¬UNKNOWN¬Visible¬True¬True¬Kings Norton Surgery¬66 Redditch Road¬Kings Norton¬¬Birmingham¬West Midlands¬B38 8QS¬52.404590606689453¬-1.9307385683059692¬15E¬NHS Birmingham And Solihull CCG¬01214582550¬¬www.kns.org.uk¬0121 459 2770
17020¬M85124001¬GP¬UNKNOWN¬Visible¬True¬True¬Modality Attwood Green¬Attwood Green Health Centre¬2nd Floor¬30 Bath Row¬Birmingham¬West Midlands¬B15 1LZ¬52.472629547119141¬-1.9084614515304565¬05L¬NHS Sandwell And West Birmingham CCG¬01214462000¬¬https://modalitypartnership.nhs.uk/modality-attwood-green¬0121 250 0371
17021¬M85624¬GP¬UNKNOWN¬Visible¬True¬True¬Perry Park Surgery¬291-293 Walsall Road¬Perry Barr¬¬Birmingham¬West Midlands¬B42 1TY¬52.525684356689453¬-1.9043424129486084¬15E¬NHS Birmingham And Solihull CCG¬01213564131¬¬http://www.perryparkandkingsdale.co.uk¬
17022¬M85624001¬GP¬UNKNOWN¬Visible¬True¬True¬Kingsdale and Perry Park Medical Practice¬422-424 Kings Road¬Kingstanding¬¬Birmingham¬West Midlands¬B44 0UJ¬52.552463531494141¬-1.8799347877502441¬15E¬NHS Birmingham And Solihull CCG¬01213548213¬¬http://www.perryparkandkingsdale.co.uk/¬
17023¬M85634¬GP¬UNKNOWN¬Visible¬True¬True¬Heathfield Family Centre¬Heathfield Family centre¬131 - 133 Heathfield Road¬Handsworth¬Birmingham¬West Midlands¬B19 1HL¬52.506343841552734¬-1.9100711345672607¬05L¬NHS Sandwell And West Birmingham CCG¬0121 465 4100¬heathfieldfamilycentre@nhs.net¬https://www.heathfieldfamilycentre.com/¬
17024¬M85642¬GP¬UNKNOWN¬Visible¬True¬True¬Cavendish Medical Practice¬Summerfield Primary Care Centre¬134 Heath St¬Winson Green¬Birmingham¬West Midlands¬B18 7AL¬52.487689971923828¬-1.9373387098312378¬15E¬NHS Birmingham And Solihull CCG¬01212032050¬¬http://www.cavendishmedicalpractice.co.uk¬01216871454
17027¬M85663¬GP¬UNKNOWN¬Visible¬True¬True¬Dr Iftekhar Majeed¬Bloomsbury Health Centre¬63 Rupert Street¬Nechells¬Birmingham¬West Midlands¬B7 5DT¬52.493747711181641¬-1.8766037225723267¬05L¬NHS Sandwell And West Birmingham CCG¬01213800760¬¬¬
17028¬M85669¬GP¬UNKNOWN¬Visible¬True¬True¬Tudor Practice Stockland Green¬192 Reservoir Road¬Erdington¬¬Birmingham¬West Midlands¬B23 6DJ¬52.523883819580078¬-1.8573148250579834¬15E¬NHS Birmingham And Solihull CCG¬01214652900¬tudorpractice.reception@nhs.net¬http://www.tudorpracticestocklandgreen.nhs.uk¬0121 4652901
17029¬M85670¬GP¬UNKNOWN¬Visible¬True¬True¬Greenfield Medical Centre¬38 Havelock Road¬Saltley¬¬Birmingham¬West Midlands¬B8 1RT¬52.491672515869141¬-1.8557546138763428¬15E¬NHS Birmingham And Solihull CCG¬01213281174¬zakariya.hassan@nhs.net¬http://www.greenfieldmedicalpractice.co.uk/¬0121 3285340
17030¬M85671¬GP¬UNKNOWN¬Visible¬True¬True¬Bournville Surgery¬41B Sycamore Road¬Bournville¬¬Birmingham¬West Midlands¬B30 2AA¬52.431129455566406¬-1.9331239461898804¬15E¬NHS Birmingham And Solihull CCG¬0121 472 7231¬¬http://www.bournvillesurgery.org.uk/¬0121 472 5243
17031¬M85676¬GP¬UNKNOWN¬Visible¬True¬True¬Victoria Road Medical Centre¬229-233 Victoria Road¬Aston¬¬Birmingham¬West Midlands¬B6 5HP¬52.501857757568359¬-1.8871877193450928¬05L¬NHS Sandwell And West Birmingham CCG¬01213270327¬¬¬0121 327 0868
17032¬M85110001¬GP¬UNKNOWN¬Visible¬True¬True¬Fernbank Medical Practice¬Fernbank Medical Centre¬508-516 Alum Rock Road¬Ward End¬Birmingham¬West Midlands¬B8 3HX¬52.487171173095703¬-1.837066650390625¬15E¬NHS Birmingham And Solihull CCG¬0121 678 3800¬¬http://www.fernbankmedical.org.uk/¬0121 678 3810
17033¬M85679¬GP¬UNKNOWN¬Visible¬True¬True¬Charles Road Surgery¬192 Charles Road¬Small Heath¬¬Birmingham¬West Midlands¬B10 9AB¬52.472202301025391¬-1.8506067991256714¬15E¬NHS Birmingham And Solihull CCG¬0121 772 0398¬¬http://www.charlesroadsurgery.co.uk/¬
17034¬M85680¬GP¬UNKNOWN¬Visible¬True¬True¬Cotterils Lane Surgery¬75-77 Cotterills Lane¬Alum Rock¬¬Birmingham¬West Midlands¬B8 3RZ¬52.485893249511719¬-1.8285892009735107¬15E¬NHS Birmingham And Solihull CCG¬01213275111¬¬http://www.cotterillslanesurgery.nhs.uk¬01213275111
17035¬M85684¬GP¬UNKNOWN¬Visible¬True¬True¬City Road Medical Centre¬5 City Road¬Edgbaston¬¬Birmingham¬West Midlands¬B16 0HH¬52.485561370849609¬-1.9421865940093994¬05L¬NHS Sandwell And West Birmingham CCG¬01214563322¬¬http://www.cityroadmedicalcentre.co.uk¬
17036¬M85686¬GP¬UNKNOWN¬Visible¬True¬True¬Summerfield Pcc - Dr Kulshrestha¬134 Heath Street¬Winson Green¬¬Birmingham¬West Midlands¬B18 7AL¬52.487689971923828¬-1.9373387098312378¬15E¬NHS Birmingham And Solihull CCG¬01214110362¬¬¬
17038¬M85172003¬GP¬UNKNOWN¬Visible¬True¬True¬Dovecote Surgery¬464 Hagley Road West¬¬¬Oldbury¬West Midlands¬B68 0DJ¬52.464061737060547¬-1.9948489665985107¬15E¬NHS Birmingham And Solihull CCG¬01214222267¬¬http://www.dovecotesurgery.co.uk¬0121 422 4808
17039¬M85693¬GP¬UNKNOWN¬Visible¬True¬True¬Featherstone Medical Centre¬158 Alcester Road South¬Kings Heath¬¬Birmingham¬West Midlands¬B14 6AA¬52.427280426025391¬-1.8929955959320068¬15E¬NHS Birmingham And Solihull CCG¬01214441186¬¬http://www.featherstonemedicalpractice.co.uk¬0121 444 1094
17040¬M85694¬GP¬UNKNOWN¬Visible¬True¬True¬Garretts Green Lane Surgery¬172 Garretts Green Lane¬Sheldon¬¬Birmingham¬West Midlands¬B26 2SB¬52.468448638916016¬-1.7886766195297241¬15E¬NHS Birmingham And Solihull CCG¬01217433003¬¬https://www.garrettsgreenlanesurgery.nhs.uk/¬0121 7432777
17041¬M85697¬GP¬UNKNOWN¬Visible¬True¬True¬Church Road Surgery¬28 Church Road¬Aston¬¬Birmingham¬West Midlands¬B6 5UP¬52.503318786621094¬-1.8752216100692749¬05L¬NHS Sandwell And West Birmingham CCG¬01214110344¬contact@churchroadsurgery.co.uk¬https://www.churchroadsurgery.co.uk¬
17042¬M85699¬GP¬UNKNOWN¬Visible¬True¬True¬Coventry Road Medical Centre¬448 Coventry Road¬Small Heath¬¬Birmingham¬West Midlands¬B10 0UG¬52.470020294189453¬-1.858769416809082¬15E¬NHS Birmingham And Solihull CCG¬01217735390¬¬¬0121 506 2519
17043¬M85706003¬GP¬UNKNOWN¬Visible¬True¬True¬Glebe Farm Road Surgery¬37-41 Glebe Farm Road¬Stechford¬¬Birmingham¬West Midlands¬B33 9LY¬52.488189697265625¬-1.7930885553359985¬15E¬NHS Birmingham And Solihull CCG¬0121 783 3803¬¬http://www.druidgroup.co.uk/¬0121 783 3359
17044¬M85701¬GP¬UNKNOWN¬Visible¬True¬True¬Burbury Medical Centre¬311 Burbury Street¬Lozells¬¬Birmingham¬West Midlands¬B19 1TT¬52.502216339111328¬-1.9103593826293945¬15E¬NHS Birmingham And Solihull CCG¬01215513804¬m85701.alamm@nhs.net¬http://www.burburymedicalcentre.co.uk¬0121 551 4277
17046¬M85706001¬GP¬UNKNOWN¬Visible¬True¬True¬Hobmoor Road Surgery¬533 Hobmoor Road¬Yardley¬¬Birmingham¬West Midlands¬B25 8TH¬52.466899871826172¬-1.8121325969696045¬15E¬NHS Birmingham And Solihull CCG¬0121 789 9744¬¬http://www.druidgroup.co.uk/¬0121 785 1168
17047¬M85711¬GP¬UNKNOWN¬Visible¬True¬True¬City Health Centre¬449 City Road¬Edgbaston¬¬Birmingham¬West Midlands¬B17 8LG¬52.476696014404297¬-1.9581873416900635¬15E¬NHS Birmingham And Solihull CCG¬0345 245 0784¬¬http://www.cityhealthcentre.org.uk¬01214343931
17048¬M85713¬GP¬UNKNOWN¬Visible¬True¬True¬Highgate Medical Centre¬St Patricks Community Centre For Health¬Frank Street¬¬Birmingham¬West Midlands¬B12 0YA¬52.464366912841797¬-1.8874452114105225¬15E¬NHS Birmingham And Solihull CCG¬03452450751¬¬¬01214405063
17049¬M85715¬GP¬UNKNOWN¬Visible¬True¬True¬Soho Road Primary Care Centre¬247-251 Soho Road¬Handsworth¬¬Birmingham¬West Midlands¬B21 9RY¬52.503097534179688¬-1.9349303245544434¬05L¬NHS Sandwell And West Birmingham CCG¬0121 203 5050¬archna.bathla@nhs.net¬http://www.drbathlaandpartners.co.uk¬0121 554 0151
17050¬M85716¬GP¬UNKNOWN¬Visible¬True¬True¬Dr Roshan Khuroo's Practice¬192 Reservoir Road¬Erdington¬¬Birmingham¬West Midlands¬B23 6DJ¬52.523883819580078¬-1.8573148250579834¬15E¬NHS Birmingham And Solihull CCG¬01214652888¬shabbana.khan@nhs.net¬https://www.drkhuroospractice.co.uk¬0121 4652889
17051¬M85717¬GP¬UNKNOWN¬Visible¬True¬True¬Downsfield Medical Centre¬315 Sheldon Heath Road¬Sheldon¬¬Birmingham¬West Midlands¬B26 2TY¬52.466941833496094¬-1.7796752452850342¬15E¬NHS Birmingham And Solihull CCG¬01217432626¬downsfield.medicalcentre@nhs.net¬http://www.downsfieldmedicalcentre.nhs.uk/index.aspx¬0121 742 2147
17052¬M85721¬GP¬UNKNOWN¬Visible¬True¬True¬Holyhead Primary Health Care Centre¬Holyhead Primary Hc Centre¬1 St James Road¬Handsworth¬Birmingham¬West Midlands¬B21 0HL¬52.505702972412109¬-1.9482890367507935¬05L¬NHS Sandwell And West Birmingham CCG¬01215548516¬¬http://holyheadprimaryhealthcarecentre.co.uk/¬0121 5235306
17053¬M85722¬GP¬UNKNOWN¬Visible¬False¬True¬Naseby Medical Centre¬32-34 Naseby Road¬Alum Rock¬¬Birmingham¬West Midlands¬B8 3HE¬52.489177703857422¬-1.8449382781982422¬15E¬NHS Birmingham And Solihull CCG¬01213271878¬¬¬0121 327-3221
17054¬M85730¬GP¬UNKNOWN¬Visible¬True¬True¬Ley Hill Surgery¬101 Holloway¬Northfield¬¬Birmingham¬West Midlands¬B31 1TR¬52.421348571777344¬-1.9832518100738525¬15E¬NHS Birmingham And Solihull CCG¬01214751422¬¬¬0121 477-0538
17055¬M85732¬GP¬UNKNOWN¬Visible¬True¬True¬Bloomsbury Surgery¬30 Bloomsbury Street¬Nechells¬Birmingham¬Birmingham¬West Midlands¬B7 5BT¬52.493247985839844¬-1.8718771934509277¬15E¬NHS Birmingham And Solihull CCG¬01213591539¬¬http://www.bloomsburysurgerynechells.nhs.uk/¬
17056¬M85733¬GP¬UNKNOWN¬Visible¬True¬True¬Moor Green Lane Medical Centre¬Moor Green Lane Medical Centre¬339 Moor Green Lane¬Moseley¬Birmingham¬West Midlands¬B13 8QS¬52.438182830810547¬-1.9105185270309448¬15E¬NHS Birmingham And Solihull CCG¬0121 411 0393¬m85733.moorgreenlanemc@nhs.net¬http://moorgreenlanemc.co.uk¬0121 471 2924
17057¬M85735¬GP¬UNKNOWN¬Visible¬True¬True¬Greet Medical Practice¬50 Percy Road¬Greet¬¬Birmingham¬West Midlands¬B11 3ND¬52.453197479248047¬-1.8577636480331421¬15E¬NHS Birmingham And Solihull CCG¬01217666113¬¬https://www.greetmedicalpractice.co.uk/¬0121 3451102
17058¬M85736¬GP¬UNKNOWN¬Visible¬True¬True¬The Acocks Green Medical Centre¬999 Warwick Road¬Acocks Green¬¬Birmingham¬West Midlands¬B27 6QJ¬52.449481964111328¬-1.8293042182922363¬15E¬NHS Birmingham And Solihull CCG¬01217060501¬ag.mc@nhs.net¬http://www.acocksgreenmedicalcentre.org.uk¬0121 764 6143
17060¬M85739¬GP¬UNKNOWN¬Visible¬True¬True¬Pak Health Centre¬38 Alum Rock Road¬Alum Rock¬¬Birmingham¬West Midlands¬B8 1JA¬52.490737915039062¬-1.8560817241668701¬15E¬NHS Birmingham And Solihull CCG¬01213273926¬¬https://www.pakhealthcentre.com¬0121 3281370
17061¬M85046002¬GP¬UNKNOWN¬Visible¬True¬True¬Sutton Coldfield Group Practice - Falcon¬93 Carhampton Road¬St Judes¬¬Sutton Coldfield¬West Midlands¬B75 7PG¬52.564716339111328¬-1.7909291982650757¬15E¬NHS Birmingham And Solihull CCG¬01216869990¬¬¬0121 686 9992
17062¬M85746¬GP¬UNKNOWN¬Visible¬True¬True¬Mirfield Surgery¬287 Kitts Green Road¬Kitts Green¬¬Birmingham¬West Midlands¬B33 9SA¬52.483127593994141¬-1.7815382480621338¬15E¬NHS Birmingham And Solihull CCG¬01214110484¬¬http://www.mirfieldsurgery.nhs.uk/¬0121783 0550
17063¬M85749¬GP¬UNKNOWN¬Visible¬True¬True¬Surgery Aubery Road¬726-728 Coventry Road¬Small Heath¬¬Birmingham¬West Midlands¬B10 0TU¬52.466320037841797¬-1.8464021682739258¬15E¬NHS Birmingham And Solihull CCG¬01217732094¬modality.crs@nhs.net¬https://www.modalitypartnership.nhs.uk/surgery-aubery-road¬0121 753 0334
17065¬M85753¬GP¬UNKNOWN¬Visible¬True¬True¬Vicarage Road Surgery¬302 Vicarage Road¬Kings Heath¬¬Birmingham¬West Midlands¬B14 7NH¬52.427597045898437¬-1.9066720008850098¬15E¬NHS Birmingham And Solihull CCG¬0121 444 5959¬¬http://www.vicarageroadsurgery.org.uk¬0121 441 5040
17066¬M85756¬GP¬UNKNOWN¬Visible¬True¬True¬Springfield Medical Pract¬739-741 Stratford Road¬Springfield¬¬Birmingham¬West Midlands¬B11 4DG¬52.444957733154297¬-1.8596144914627075¬15E¬NHS Birmingham And Solihull CCG¬0121 778 4321¬¬http://www.springfieldmedicalpractice.co.uk¬0121 702 2662
17067¬M85757¬GP¬UNKNOWN¬Visible¬True¬True¬Soho Road Health Centre¬Dr Mohan S Saini & Dr Jessy Saini¬Soho Road Health Centre¬247-251 Soho Road¬Birmingham¬West Midlands¬B21 9RY¬52.503097534179688¬-1.9349303245544434¬05L¬NHS Sandwell And West Birmingham CCG¬0121 203 5030¬¬http://www.sainimedical.co.uk¬0121 554 9126
17068¬M85759¬GP¬UNKNOWN¬Visible¬True¬True¬Nechells Practice¬63 Rupert Street¬Nechells¬¬Birmingham¬West Midlands¬B7 5DT¬52.493747711181641¬-1.8766037225723267¬15E¬NHS Birmingham And Solihull CCG¬01214223111¬¬https://nchp.digipractice.org/¬0121 421 3101
17070¬M85766¬GP¬UNKNOWN¬Visible¬True¬True¬Balsall Heath Health Centre (S)¬43 Edward Road¬Balsall Heath¬¬Birmingham¬West Midlands¬B12 9LP¬52.457382202148438¬-1.8879338502883911¬15E¬NHS Birmingham And Solihull CCG¬01214110345¬¬https://www.balsallheathhealthcentre.co.uk/¬0121 4462407
17071¬M85770¬GP¬UNKNOWN¬Visible¬True¬True¬The Sheldon Medical Centre¬169-171 Church Road¬Sheldon¬¬Birmingham¬West Midlands¬B26 3TT¬52.460525512695313¬-1.7775143384933472¬15E¬NHS Birmingham And Solihull CCG¬01217435511¬¬http://www.sheldonpractice.co.uk¬01216939797
17073¬M85774¬GP¬UNKNOWN¬Visible¬True¬True¬Springfield Surgery¬856 Stratford Road¬Sparkhill¬¬Birmingham¬West Midlands¬B11 4BW¬52.444561004638672¬-1.8586300611495972¬15E¬NHS Birmingham And Solihull CCG¬0121 411 0353¬¬http://www.springfieldsurgery.com¬0121 246 7393
17076¬M85778¬GP¬UNKNOWN¬Visible¬True¬True¬Halcyon Medical Limited¬Unit 8¬24 Martineau Place¬¬Birmingham¬West Midlands¬B2 4UH¬52.480541229248047¬-1.8953698873519897¬05L¬NHS Sandwell And West Birmingham CCG¬0121 203 9999¬halcyonmedical@nhs.net¬https://www.halcyonmedical.co.uk¬
17077¬M85779¬GP¬UNKNOWN¬Visible¬True¬True¬Aylesbury Surgery¬Warren Farm Road¬Kingstanding¬¬Birmingham¬West Midlands¬B44 0DX¬52.542858123779297¬-1.876038670539856¬15E¬NHS Birmingham And Solihull CCG¬01213731078¬¬http://www.aylesburysurgery.nhs.uk/¬
17078¬M85781¬GP¬UNKNOWN¬Visible¬True¬True¬Bordesley Green Surgery¬143-145 Bordesley Green¬Bordesley Green¬¬Birmingham¬West Midlands¬B9 5EG¬52.476776123046875¬-1.8552143573760986¬15E¬NHS Birmingham And Solihull CCG¬01217661335¬¬¬0121 773 8905
17079¬M85782¬GP¬UNKNOWN¬Visible¬True¬True¬University Southgate Practice¬11 Bournbrook Road¬Selly Oak¬¬Birmingham¬West Midlands¬B29 7BL¬52.446346282958984¬-1.9273334741592407¬15E¬NHS Birmingham And Solihull CCG¬01214155237¬info.southgate_sbpct@nhs.net¬www.southgatesurgery.nhs.uk¬0121 472-5414
17080¬M85783¬GP¬UNKNOWN¬Visible¬True¬True¬Strensham Road Surgery¬4 Strensham Road¬Balsall Heath¬¬Birmingham¬West Midlands¬B12 9RR¬52.453845977783203¬-1.8925487995147705¬15E¬NHS Birmingham And Solihull CCG¬0121 440 3720¬¬http://www.strenshamroadsurgery.co.uk/¬0121 440 0591
17086¬M85792¬GP¬UNKNOWN¬Visible¬True¬True¬Cotmore Surgery¬169 Old Oscott Lane¬Great Barr¬¬Birmingham¬West Midlands¬B44 8TU¬52.542587280273438¬-1.8946329355239868¬15E¬NHS Birmingham And Solihull CCG¬0121 360 5409¬¬https://cotmoresurgery.co.uk¬0121 360 3633
17087¬M85794¬GP¬UNKNOWN¬Visible¬True¬True¬The Balaji Surgery¬Sparkbrook Community & Health Centre¬34 Grantham Road¬¬Birmingham¬West Midlands¬B11 1LU¬52.462661743164063¬-1.8713182210922241¬15E¬NHS Birmingham And Solihull CCG¬01213340200¬¬http://www.thebalajisurgery.com¬0121 247 5496
17088¬M85797¬GP¬UNKNOWN¬Visible¬True¬True¬Hockley Medical Practice¬60 Lion Court¬Carver Street¬¬Birmingham¬West Midlands¬B1 3AL¬52.485969543457031¬-1.9153697490692139¬05L¬NHS Sandwell And West Birmingham CCG¬0121 554 1757¬¬http://www.hockleymedicalpractice.com¬0121 212 3125
17089¬M85801¬GP¬UNKNOWN¬Visible¬True¬True¬Holly Road Medical Centre¬Holly Road Medical Centre¬2 The Slieve¬Handsworth Wood¬Birmingham¬West Midlands¬B20 2NR¬52.520011901855469¬-1.9271535873413086¬05L¬NHS Sandwell And West Birmingham CCG¬0121 554 1812¬hollyroad.medicalcentre@nhs.net¬¬
17090¬M85803¬GP¬UNKNOWN¬Visible¬True¬True¬Dr Abid Hussain¬Pearl Medical Centre¬619-621 Washwood Heath Road¬Ward End¬Birmingham¬West Midlands¬B8 2HB¬52.493820190429688¬-1.8346707820892334¬15E¬NHS Birmingham And Solihull CCG¬01213280999¬¬https://pearlmedicalcentre.gpsurgery.net/¬0121 328 2976
17092¬M86001¬GP¬UNKNOWN¬Visible¬True¬True¬Willenhall Primary Care Centre - 1¬Remembrance Road¬Willenhall¬¬Coventry¬West Midlands¬CV3 3DG¬52.387699127197266¬-1.4599725008010864¬05A¬NHS Coventry And Rugby CCG¬02476302082¬¬http://willenhallprimarycarecentre.nhs.uk/¬02476 302 402
17093¬M86002¬GP¬UNKNOWN¬Visible¬True¬True¬Longford Primary Care Centre¬Longford Road¬Longford¬¬Coventry¬West Midlands¬CV6 6DR¬52.449935913085938¬-1.4855358600616455¬05A¬NHS Coventry And Rugby CCG¬024 7664 6720¬lpcc.bghc@nhs.net¬http://www.longfordprimarycarecentre.nhs.uk¬024 7664 6723
17094¬M86002001¬GP¬UNKNOWN¬Visible¬True¬True¬Bell Green Health Centre (Dr Princewill & partners)¬Roseberry Avenue¬Bell Green¬¬Coventry¬West Midlands¬CV2 1NE¬52.436618804931641¬-1.4706133604049683¬05A¬NHS Coventry And Rugby CCG¬02476689310¬¬¬
17095¬M86003001¬GP¬UNKNOWN¬Visible¬True¬True¬Harnall Lane Medical Centre¬Harnall Lane East¬¬¬Coventry¬West Midlands¬CV1 5AE¬52.415241241455078¬-1.5015830993652344¬05A¬NHS Coventry And Rugby CCG¬02476224640¬doctors@skybluemedicalgroup.co.uk¬www.skybluemedicalgroup.co.uk¬024 7622 3859
17096¬M86003¬GP¬UNKNOWN¬Visible¬True¬True¬Sky Blue Medical Group¬Green Lane¬Finham¬¬Coventry¬West Midlands¬CV3 6EA¬52.382244110107422¬-1.5275768041610718¬05A¬NHS Coventry And Rugby CCG¬02476418841¬skyblue.medical@nhs.net¬http://www.skybluemedicalgroup.co.uk¬024 76692909
17097¬M86004¬GP¬UNKNOWN¬Visible¬True¬True¬Allesley Park Medical Ctr¬2 Whitaker Road¬¬¬Coventry¬West Midlands¬CV5 9JE¬52.413017272949219¬-1.5553289651870728¬05A¬NHS Coventry And Rugby CCG¬02476674123¬¬www.allesleyparkmedicalcentre.co.uk¬024 7671 8166
17098¬M86004001¬GP¬UNKNOWN¬Visible¬True¬True¬University of Warwick Health Centre (Pink Practice)¬Dr Cowan and Partners¬Allesley Park Medical Centre¬University of Warwick¬Coventry¬West Midlands¬CV4 7AL¬52.385810852050781¬-1.5647999048233032¬05A¬NHS Coventry And Rugby CCG¬02476524888¬uniadmin.m86029@nhs.net¬http://www.allesleyparkmedicalcentre.co.uk/¬024 76524548
17099¬M86005¬GP¬UNKNOWN¬Visible¬True¬True¬Dr Sani & Partners¬2 Stoney Stanton Road¬¬¬Coventry¬West Midlands¬CV1 4FS¬52.414653778076172¬-1.5052506923675537¬05A¬NHS Coventry And Rugby CCG¬02476961373¬sani.info@nhs.net¬http://www.drsaniandpartners.nhs.uk/¬02476 961404
17100¬M86006¬GP¬UNKNOWN¬Visible¬True¬True¬JUBILEE HEALTHCARE¬41 Westminster Road¬Earlsdon¬¬Coventry¬West Midlands¬CV1 3GB¬52.403427124023438¬-1.5188696384429932¬05A¬NHS Coventry And Rugby CCG¬02476223565¬¬http://www.jubileehealthcarecoventry.nhs.uk/¬024 76230053
17101¬M86006001¬GP¬UNKNOWN¬Visible¬True¬True¬Jubilee Healthcare (Station Av.)¬60 Station Avenue¬Tile Hill¬¬Coventry¬West Midlands¬CV4 9HS¬52.398929595947266¬-1.5956084728240967¬05A¬NHS Coventry And Rugby CCG¬02476466585¬¬http://www.jubileehealthcarecoventry.nhs.uk/¬024 76230053
17102¬M86007¬GP¬UNKNOWN¬Visible¬True¬True¬Phoenix Family Care¬103 Leamington Road¬¬¬Coventry¬West Midlands¬CV3 6GQ¬52.390007019042969¬-1.5154153108596802¬05A¬NHS Coventry And Rugby CCG¬02476227234¬¬http://www.phoenixfamilycare.nhs.uk¬02476 634 816
17103¬M86008001¬GP¬UNKNOWN¬Visible¬True¬True¬The Gables Medicentre ¬152 Goodyers End Lane¬¬¬Bedworth¬Warwickshire¬CV12 0HU¬52.468334197998047¬-1.5035158395767212¬05A¬NHS Coventry And Rugby CCG¬02476688340¬¬http://thegablesmedicentre.nhs.uk/¬
17104¬M86008¬GP¬UNKNOWN¬Visible¬True¬True¬The Gables Medicentre¬268 Holbrook Lane¬¬¬Coventry¬West Midlands¬CV6 4DD¬52.440898895263672¬-1.5082815885543823¬05A¬NHS Coventry And Rugby CCG¬02476688340¬¬¬
17105¬M86009¬GP¬UNKNOWN¬Visible¬True¬True¬Engleton House Surgery¬2 Villa Road¬¬¬Coventry¬West Midlands¬CV6 3HZ¬52.423675537109375¬-1.5222963094711304¬05A¬NHS Coventry And Rugby CCG¬02476592012¬¬http://www.engletonhousesurgery.nhs.uk/¬02476601913
17106¬M86009001¬GP¬UNKNOWN¬Visible¬True¬True¬Coventry University Medical Centre¬The Hub, Coventry University¬The Hub¬Jordan Well¬Coventry¬West Midlands¬CV1 5QP¬52.407196044921875¬-1.5061131715774536¬05A¬NHS Coventry And Rugby CCG¬02476592012¬¬http://www.covunigp.co.uk/¬
17107¬M86010¬GP¬UNKNOWN¬Visible¬True¬True¬Forrest Medical Centre¬6 Prior Deram Walk¬¬¬Coventry¬West Midlands¬CV4 8FT¬52.394630432128906¬-1.55927574634552¬05A¬NHS Coventry And Rugby CCG¬02476672277¬forrest.medical@nhs.net¬http://www.fmcgp.co.uk¬024 7671 8010
17110¬M86012¬GP¬UNKNOWN¬Visible¬True¬True¬Priory Gate Practice¬1St Floor, City Of Coventry Health Centre¬2 Stoney Stanton Road¬¬Coventry¬West Midlands¬CV1 4FS¬52.414287567138672¬-1.5051162242889404¬05A¬NHS Coventry And Rugby CCG¬02476961370¬glenn.walker@nhs.net¬http://www.priorygatepractice.co.uk¬024 76961403
17112¬M86014¬GP¬UNKNOWN¬Visible¬True¬True¬The Forum Health Centre¬1a Farren Road¬Wyken¬¬Coventry¬West Midlands¬CV2 5EP¬52.416637420654297¬-1.4592164754867554¬05A¬NHS Coventry And Rugby CCG¬02476266370¬forum.health@nhs.net¬www.forumhealthcentre.nhs.uk¬024 76444380
17113¬M86015¬GP¬UNKNOWN¬Visible¬True¬True¬Kenyon Medical Centres¬15 Chace Avenue¬¬¬Coventry¬West Midlands¬CV3 3AD¬52.385112762451172¬-1.472551703453064¬05A¬NHS Coventry And Rugby CCG¬02476307024¬¬www.kenyonmedicalcentres.gpsurgery.net¬024 76306255
17114¬M86015001¬GP¬UNKNOWN¬Visible¬True¬True¬Kenyon Medical Centres¬108 Brandon Road¬Binley¬¬Coventry¬West Midlands¬CV3 2JF¬52.399848937988281¬-1.4430837631225586¬05A¬NHS Coventry And Rugby CCG¬02476453634¬¬www.kenyonmedicalcentres.gpsurgery.net¬024 76636886
17115¬M86016¬GP¬UNKNOWN¬Visible¬True¬True¬Godiva Group Practice¬Stoney Stanton Medical Centre¬475 Stoney Stanton Road¬¬Coventry¬West Midlands¬CV6 5EA¬52.423534393310547¬-1.4946663379669189¬05A¬NHS Coventry And Rugby CCG¬02475096629¬¬https://www.godivagrouppractice.nhs.uk/¬024 76581247
17116¬M86017¬GP¬UNKNOWN¬Visible¬True¬True¬Mansfield Medical Centre¬56 Binley Road¬¬¬Coventry¬West Midlands¬CV3 1JB¬52.405979156494141¬-1.4845623970031738¬05A¬NHS Coventry And Rugby CCG¬024 76 457551¬¬¬024 76 442250
17117¬M86018¬GP¬UNKNOWN¬Visible¬True¬True¬Moseley Avenue Surgery¬109 Moseley Avenue¬Coundon¬¬Coventry¬West Midlands¬CV6 1HS¬52.419895172119141¬-1.5254102945327759¬05A¬NHS Coventry And Rugby CCG¬02476592201¬crccg.moseleyavenuepractice@nhs.net¬https://www.moseleyavenuesurgery.nhs.uk¬024 76601226
17118¬M86019001¬GP¬UNKNOWN¬Visible¬True¬True¬Dr Kukreja (Mayors Croft)¬3 Mayors Croft¬¬¬Coventry¬West Midlands¬CV4 8FF¬52.393798828125¬-1.5631048679351807¬05A¬NHS Coventry And Rugby CCG¬02476466312¬¬http://westwoodmedicalcentre.nhs.uk¬
17119¬M86019¬GP¬UNKNOWN¬Visible¬True¬True¬Westwood Medical H/Centre¬298 Tile Hill Lane¬¬¬Coventry¬West Midlands¬CV4 9DR¬52.404323577880859¬-1.5605021715164185¬05A¬NHS Coventry And Rugby CCG¬02476466106¬¬http://www.westwoodmedicalcentre.nhs.uk¬024 76422475
17120¬M86020¬GP¬UNKNOWN¬Visible¬True¬True¬Woodend Health Centre¬67B Deedmore Road¬¬¬Coventry¬West Midlands¬CV2 1XA¬52.435646057128906¬-1.4641822576522827¬05A¬NHS Coventry And Rugby CCG¬02476612929¬¬www.woodendhealthcentre.co.uk¬024 7661 8665
17121¬M86021¬GP¬UNKNOWN¬Visible¬True¬True¬Springfield Medical Practice¬Keresley Green Medical Centre¬Bennetts Road South¬¬Coventry¬West Midlands¬CV6 2FL¬52.437995910644531¬-1.5310705900192261¬05A¬NHS Coventry And Rugby CCG¬024 76332628¬¬http://www.springfieldmedical.co.uk/¬
17123¬M86023¬GP¬UNKNOWN¬Visible¬True¬True¬Balliol Road Surgery¬1 Balliol Road¬¬¬Coventry¬West Midlands¬CV2 3DR¬52.415927886962891¬-1.471434473991394¬05A¬NHS Coventry And Rugby CCG¬02476449111¬¬¬024 76636526
17126¬M86027¬GP¬UNKNOWN¬Visible¬True¬True¬Cheylesmore Surgery¬Cheylesmore Surgery¬51 Quinton Park¬Cheylesmore¬Coventry¬West Midlands¬CV3 5PZ¬52.391326904296875¬-1.5039095878601074¬05A¬NHS Coventry And Rugby CCG¬02476502255¬crccg.cheylesmoresurgery@nhs.net¬http://www.cheylesmoresurgery.nhs.uk/¬024 7650 2325
17127¬M86028¬GP¬UNKNOWN¬Visible¬True¬True¬Central Medical Centre¬42. St. Paul's Road¬Foleshill¬¬Coventry¬West Midlands¬CV6 5DF¬52.425090789794922¬-1.4988633394241333¬05A¬NHS Coventry And Rugby CCG¬02476681231¬¬http://www.centralmedicalcentre.co.uk/¬024 7666 4935
17129¬M86029001¬GP¬UNKNOWN¬Visible¬True¬True¬University of Warwick (Blue Practice)¬Health Centre Road¬¬¬Coventry¬West Midlands¬CV4 7AL¬52.385810852050781¬-1.5647999048233032¬05A¬NHS Coventry And Rugby CCG¬02476524888¬¬http://www.broomfieldparkmedicalcentre.co.uk/¬024 76524548
17130¬M86029¬GP¬UNKNOWN¬Visible¬True¬True¬Broomfield Park Med.Ctr.¬Broomfield Park Medical Centre¬¬¬Coventry¬West Midlands¬CV1 3HQ¬52.407947540283203¬-1.5276405811309814¬05A¬NHS Coventry And Rugby CCG¬02476228606¬crccg.bpmcpatient@nhs.net¬http://www.broomfieldparkmedicalcentre.co.uk/¬
17131¬M86030¬GP¬UNKNOWN¬Visible¬True¬True¬Kensington Road Surgery¬148 Kensington Road¬¬¬Coventry¬West Midlands¬CV5 6HY¬52.402572631835938¬-1.5323867797851563¬05A¬NHS Coventry And Rugby CCG¬02476672466¬¬¬024 76717311
17132¬M86032¬GP¬UNKNOWN¬Visible¬True¬True¬Holbrooks Health Team¬71-77 Wheelwright Lane¬Holbrooks¬¬Coventry¬West Midlands¬CV6 4HN¬52.448875427246094¬-1.5113562345504761¬05A¬NHS Coventry And Rugby CCG¬02476366775¬hht.admin@nhs.net¬http://www.hht-nhs.co.uk/¬
17133¬M86033¬GP¬UNKNOWN¬Visible¬True¬True¬Willenhall Oak Medical Centre¬70 Remembrance Road¬¬¬Coventry¬West Midlands¬CV3 3DP¬52.388992309570313¬-1.4631160497665405¬05A¬NHS Coventry And Rugby CCG¬02476639909¬¬http://www.willenhalloak.nhs.uk¬024 7630 5312
17134¬M86034¬GP¬UNKNOWN¬Visible¬True¬True¬Woodside Medical Centre¬Jardine Crescent¬Tile Hill¬¬Coventry¬West Midlands¬CV4 9PL¬52.407215118408203¬-1.579259991645813¬05A¬NHS Coventry And Rugby CCG¬02476694001¬woodsidemc.m86034@nhs.net¬http://www.woodsidemedical.co.uk¬024 7669 5639
17135¬M86035¬GP¬UNKNOWN¬Visible¬True¬True¬Henley Green Medical Centre¬Henley Road¬Henley Green¬¬Coventry¬West Midlands¬CV2 1AB¬52.428371429443359¬-1.4542695283889771¬05A¬NHS Coventry And Rugby CCG¬02476614255¬henleygreen.medical@nhs.net¬http://www.henleygreenmc.nhs.uk¬024 76602699
17136¬M86037¬GP¬UNKNOWN¬Visible¬True¬True¬Dr Rashpal Dosanj¬Quinton Park Medical Centre¬5 Quinton Park¬Cheylesmore¬Coventry¬West Midlands¬CV3 5PZ¬52.391628265380859¬-1.5052556991577148¬05A¬NHS Coventry And Rugby CCG¬02476503485¬crccg.quintonpark@nhs.net¬https://www.quintonparkmc.nhs.uk/¬024 76505730
17137¬M86038¬GP¬UNKNOWN¬Visible¬True¬True¬Bredon Avenue Surgery¬232 Bredon Avenue¬¬¬Coventry¬West Midlands¬CV3 2FD¬52.399784088134766¬-1.4464503526687622¬05A¬NHS Coventry And Rugby CCG¬02476458777¬¬http://www.bredonavenue.nhs.uk/¬024 76431839
17138¬M86039¬GP¬UNKNOWN¬Visible¬True¬True¬ALLESLEY VILLAGE SURGERY¬163 Birmingham Road¬Allesley¬¬Coventry¬West Midlands¬CV5 9BD¬52.424697875976563¬-1.5684173107147217¬05A¬NHS Coventry And Rugby CCG¬02476402332¬info.mydoctors@nhs.net¬¬024 76 408369
17139¬M86040¬GP¬UNKNOWN¬Visible¬True¬True¬Walsgrave Health Centre¬50 Hall Lane¬Walsgrave¬¬Coventry¬West Midlands¬CV2 2SW¬52.422561645507813¬-1.4436948299407959¬05A¬NHS Coventry And Rugby CCG¬02476612004¬¬¬024 76603779
17140¬M86041¬GP¬UNKNOWN¬Visible¬True¬True¬Clay Lane Medical Practice¬Clay Lane Medical Practice¬5 Clay Lane¬¬Coventry¬West Midlands¬CV2 4LJ¬52.412097930908203¬-1.4829980134963989¬05A¬NHS Coventry And Rugby CCG¬02475097145¬crccg.claylanemc@nhs.net¬http://www.claylanemedicalpractice.co.uk/index.aspx¬02475097146
17142¬M86044¬GP¬UNKNOWN¬Visible¬True¬True¬Park House¬2 St. Georges Road¬¬¬Coventry¬West Midlands¬CV1 2DL¬52.405818939208984¬-1.4910321235656738¬05A¬NHS Coventry And Rugby CCG¬02476224438¬¬http://www.parkhousesurgery.nhs.uk/¬024 76229782
17143¬M86045¬GP¬UNKNOWN¬Visible¬True¬True¬Paradise Medical Centre¬Broad Street¬¬¬Coventry¬West Midlands¬CV6 5BG¬52.426792144775391¬-1.4949378967285156¬05A¬NHS Coventry And Rugby CCG¬02476689343¬¬http://www.paradisemedicalcentre.nhs.uk¬024 76638733
17144¬M86046¬GP¬UNKNOWN¬Visible¬True¬True¬Copsewood Medical Centre¬95 Momus Boulevard¬¬¬Coventry¬West Midlands¬CV2 5NB¬52.406135559082031¬-1.4654216766357422¬05A¬NHS Coventry And Rugby CCG¬02476457497¬¬¬024 7663 6395
17145¬M86048¬GP¬UNKNOWN¬Visible¬True¬True¬Windmill Surgery¬Longford Primary Care Centre¬Longford Road¬¬Coventry¬West Midlands¬CV6 6DR¬52.449935913085938¬-1.4855358600616455¬05A¬NHS Coventry And Rugby CCG¬02476646750¬¬http://windmillsurgery.com¬024 7664 6752
17147¬M86605¬GP¬UNKNOWN¬Visible¬True¬True¬Limbrick Wood Surgery¬Jardine Crescent¬¬¬Coventry¬West Midlands¬CV4 9PN¬52.406837463378906¬-1.5785433053970337¬05A¬NHS Coventry And Rugby CCG¬02476460800¬¬www.limbrickwoodsurgery.co.uk¬024 76467512
17149¬Y04952¬GP¬UNKNOWN¬Visible¬True¬True¬Broad Lane Surgery¬684 Broad Lane¬Tile Hill¬¬Coventry¬West Midlands¬CV5 7BB¬52.412307739257813¬-1.5823136568069458¬05A¬NHS Coventry And Rugby CCG¬02476466583¬atp.broadlanesurgery@nhs.net¬http://www.broadlanesurgery.nhs.uk¬024 7669 5972
17150¬M86610¬GP¬UNKNOWN¬Visible¬True¬True¬Dadhania Surgery¬102 St Georges Road¬Stoke¬¬Coventry¬West Midlands¬CV1 2DL¬52.405818939208984¬-1.4910321235656738¬05A¬NHS Coventry And Rugby CCG¬02476552531¬¬¬024 76634813
17151¬M86612¬GP¬UNKNOWN¬Visible¬True¬True¬George Eliot Medical Centre¬178 Foleshill Road¬¬¬Coventry¬West Midlands¬CV1 4JH¬52.419528961181641¬-1.5065194368362427¬05A¬NHS Coventry And Rugby CCG¬02476520183¬¬https://www.drsingh.org.uk¬024 76230205
17153¬M86617¬GP¬UNKNOWN¬Visible¬True¬True¬Dr Raquia Bano¬City Of Coventry Health Centre¬2 Stoney Stanton Road¬¬Coventry¬West Midlands¬CV1 4FS¬52.414653778076172¬-1.5052506923675537¬05A¬NHS Coventry And Rugby CCG¬02476961372¬crccg.hillfieldshealth@nhs.net¬http://www.hillfieldhealthcentre.nhs.uk/contact¬024 76 961405
17156¬M86622¬GP¬UNKNOWN¬Visible¬True¬True¬Govind Health Centre¬77C Moor Street¬¬¬Coventry¬West Midlands¬CV5 6EU¬52.400264739990234¬-1.5327786207199097¬05A¬NHS Coventry And Rugby CCG¬02476 675016¬info.mydoctors@nhs.net¬¬024 76717405
17157¬M86624001¬GP¬UNKNOWN¬Visible¬True¬True¬Broad Street Surgery- Drs Sihota, Nahl & Dosanjh¬200 Broad Street¬Foleshill¬¬Coventry¬West Midlands¬CV6 5BG¬52.426792144775391¬-1.4949378967285156¬05A¬NHS Coventry And Rugby CCG¬02476682486¬jubilee.health@nhs.net¬www.coventrygp.com¬02476 680 209
17158¬M86624¬GP¬UNKNOWN¬Visible¬True¬True¬Jubilee Health Centre¬Jubilee Crescent¬Radford¬¬Coventry¬West Midlands¬CV6 3FA¬52.431354522705078¬-1.5178596973419189¬05A¬NHS Coventry And Rugby CCG¬02476596060¬jubilee.health@nhs.net¬www.coventrygp.com¬02476 600 590
17159¬M86627¬GP¬UNKNOWN¬Visible¬True¬True¬Dr Parveen Aggarwal¬Stoke Aldermoor Med Ctre¬The Barley Lea¬¬Coventry¬West Midlands¬CV3 1EG¬52.397346496582031¬-1.475771427154541¬05A¬NHS Coventry And Rugby CCG¬02476636972¬stokealdermoor.medical@nhs.net¬¬024 7665 0620
17162¬M86633¬GP¬UNKNOWN¬Visible¬True¬True¬Edgwick Medical Centre¬2 Queen Marys Road¬¬¬Coventry¬West Midlands¬CV6 5LL¬52.432144165039063¬-1.4983184337615967¬05A¬NHS Coventry And Rugby CCG¬02476685918¬edgwick.medical@nhs.net¬¬02476 685 919
17164¬M86638¬GP¬UNKNOWN¬Visible¬True¬True¬Woodway Medical Centre¬201 Wigston Road¬¬¬Coventry¬West Midlands¬CV2 2RH¬52.437568664550781¬-1.4444031715393066¬05A¬NHS Coventry And Rugby CCG¬02476612110¬¬http://woodwaymedicalcentre.co.uk¬02476 603731
17165¬M87001¬GP¬UNKNOWN¬Visible¬True¬True¬Meadowbrook Surgery¬4 Meadowbrook Road¬¬¬Halesowen¬West Midlands¬B63 1AB¬52.446590423583984¬-2.0712995529174805¬05C¬NHS Dudley CCG¬01215501034¬¬http://www.meadowbrooksurgery.co.uk¬0121 550 4758
17167¬M87003¬GP¬UNKNOWN¬Visible¬True¬True¬Moss Grove Surgery-Kingswinford¬15 Moss Grove¬¬¬Kingswinford¬West Midlands¬DY6 9HS¬52.498676300048828¬-2.1698858737945557¬05C¬NHS Dudley CCG¬01384277377¬dudleyccg.communicationsmossgrove@nhs.net¬http://www.mossgrovesurgery.co.uk/¬
17169¬M87005¬GP¬UNKNOWN¬Visible¬True¬True¬Three Villages Medical Practice, John Corbett Drive¬Stourbridge Health And Social Care Centre¬John Corbett Drive¬¬Stourbridge¬West Midlands¬DY8 4JB¬52.464099884033203¬-2.1486210823059082¬05C¬NHS Dudley CCG¬01384 987740¬¬http://www.3villages.co.uk¬
17170¬M87006¬GP¬UNKNOWN¬Visible¬True¬True¬Eve Hill Medical Practice¬29 Himley Road¬¬¬Dudley¬West Midlands¬DY1 2QD¬52.512908935546875¬-2.0967957973480225¬05C¬NHS Dudley CCG¬01384254423¬¬http://www.evehillmedicalpractice.com¬01384 254424
17171¬M87007¬GP¬UNKNOWN¬Visible¬True¬True¬The Ridgeway Surgery¬175 The Ridgeway¬Sedgley¬¬Dudley¬West Midlands¬DY3 3UH¬52.535812377929688¬-2.1208474636077881¬05C¬NHS Dudley CCG¬01902886500¬¬www.ridgewaysurgery.co.uk¬01902 882101
17172¬M87008¬GP¬UNKNOWN¬Visible¬True¬True¬Kingswinford Medical Practice¬Standhills Road¬¬¬Kingswinford¬West Midlands¬DY6 8DN¬52.4981689453125¬-2.1603093147277832¬05C¬NHS Dudley CCG¬01384271241¬¬http://www.kingswinfordmedicalpractice.nhs.uk/¬01384 297530
17173¬M87009001¬GP¬UNKNOWN¬Visible¬True¬True¬Squires Court¬1 Squires Court¬¬¬Brierley Hill¬West Midlands¬DY5 3RJ¬52.471351623535156¬-2.1310930252075195¬05C¬NHS Dudley CCG¬01384 465422¬¬http://www.awsurgeries.co.uk¬
17174¬M87009¬GP¬UNKNOWN¬Visible¬True¬True¬Aw Surgeries¬Albion Street¬¬¬Brierley Hill¬West Midlands¬DY5 3EE¬52.482303619384766¬-2.1224231719970703¬05C¬NHS Dudley CCG¬01384 465422¬¬http://www.awsurgeries.co.uk¬01384 364664
17175¬M87010¬GP¬UNKNOWN¬Visible¬True¬True¬The Waterfront Surgery¬Brierley Hill Health & Social Care Centre¬Venture Way¬¬Brierley Hill¬West Midlands¬DY5 1RU¬52.481758117675781¬-2.117842435836792¬05C¬NHS Dudley CCG¬01384481235¬m87010.docman@nhs.net¬https://waterfront.gpsurgery.net/¬01384 481928
17176¬M87011¬GP¬UNKNOWN¬Visible¬True¬True¬Lion Health¬2 Lowndes Road¬¬¬Stourbridge¬West Midlands¬DY8 3SS¬52.460636138916016¬-2.155811071395874¬05C¬NHS Dudley CCG¬01384 460111¬¬http://www.lion-health.co.uk¬01384 444310
17177¬M87012¬GP¬UNKNOWN¬Visible¬True¬True¬The Greens Health Centre¬100 Maple Green¬¬¬Dudley¬West Midlands¬DY1 3QZ¬52.529010772705078¬-2.0991601943969727¬05C¬NHS Dudley CCG¬01902667949¬¬www.thegreenshealthcentre.com¬01902 667945
17178¬M87013001¬GP¬UNKNOWN¬Visible¬True¬True¬The Tandon Medical Centre¬10 The Arcade¬Kent Street¬Upper Gornal Dudley¬Dudley¬West Midlands¬DY3 1UX¬52.527790069580078¬-2.1161675453186035¬05L¬NHS Sandwell And West Birmingham CCG¬01902882243¬¬¬
17179¬M87013¬GP¬UNKNOWN¬Visible¬True¬True¬Drs Oram, Hynes & Dutton¬14 Horseley Heath¬¬¬Tipton¬West Midlands¬DY4 7QU¬52.526336669921875¬-2.0460474491119385¬05L¬NHS Sandwell And West Birmingham CCG¬01215572027 (ext. 1215572027)¬tmc.hhs@nhs.net¬https://www.hhs-tmc.co.uk¬
17180¬M87014¬GP¬UNKNOWN¬Visible¬True¬True¬Lapal Medical Practice¬95 Goodrest Avenue¬¬¬Halesowen¬West Midlands¬B62 0HP¬52.458702087402344¬-2.0161597728729248¬05C¬NHS Dudley CCG¬01214222345¬¬http://www.lapalmedicalpractice.co.uk¬0121 423-3099
17181¬M87015¬GP¬UNKNOWN¬Visible¬True¬True¬Lower Gornal Medical Practice¬Bull Street¬Lower Gornal¬¬Dudley¬West Midlands¬DY3 2NQ¬52.51580810546875¬-2.1319918632507324¬05C¬NHS Dudley CCG¬01384322422¬lowergornal@dudleyccg.nhs.uk¬http://www.lowergornalmedicalpractice.nhs.uk¬01384 359495
17182¬M87016¬GP¬UNKNOWN¬Visible¬True¬True¬Woodsetton Medical Centre  ¬40 Bourne Street¬Woodsetton Dudley¬¬Dudley¬West Midlands¬DY3 1AF¬52.537998199462891¬-2.1008760929107666¬05C¬NHS Dudley CCG¬01902883346¬¬http://www.woodsettonmedicalcentre.nhs.uk/¬
17183¬M87017¬GP¬UNKNOWN¬Visible¬True¬True¬Steppingstones Medical Practice¬Stafford Street¬¬¬Dudley¬West Midlands¬DY1 1RT¬52.509525299072266¬-2.0906736850738525¬05C¬NHS Dudley CCG¬01384458229¬ssmp.enquiries@dudleyccg.nhs.uk¬http://www.steppingstonesmedicalpractice.co.uk¬
17184¬M87018¬GP¬UNKNOWN¬Visible¬True¬True¬The Summerhill Surgery¬Summerhill¬¬¬Kingswinford¬West Midlands¬DY6 9JG¬52.496517181396484¬-2.1716008186340332¬05C¬NHS Dudley CCG¬01384273275¬¬http://www.summerhillsurgery.com¬01384 833366
17185¬M87019¬GP¬UNKNOWN¬Visible¬True¬True¬The Limes Surgery Medical Centre¬172 High Street¬Lye¬¬Stourbridge¬West Midlands¬DY9 8LL¬52.456886291503906¬-2.1140377521514893¬05C¬NHS Dudley CCG¬01384426929¬¬www.thelimesmedicalcentre.co.uk¬01384 898461
17186¬M87020001¬GP¬UNKNOWN¬Visible¬True¬True¬Hawne Lane Surgery (Dr Thorns)¬6 Hawne Lane¬¬¬Halesowen¬West Midlands¬B63 3RN¬52.456996917724609¬-2.0626335144042969¬05C¬NHS Dudley CCG¬01215502207¬hawne.lane@nhs.net¬http://www.feldonpractice.co.uk¬0121 585 9662
17187¬M87020¬GP¬UNKNOWN¬Visible¬True¬True¬Feldon Lane Practice¬Feldon Lane¬¬¬Halesowen¬West Midlands¬B62 9DR¬52.467311859130859¬-2.0282626152038574¬05C¬NHS Dudley CCG¬01214224703¬feldon.lane@nhs.net¬http://www.feldonpractice.co.uk¬0121 422 3773
17188¬M87021¬GP¬UNKNOWN¬Visible¬True¬True¬Coseley Medical Centre¬32-34 Avenue Road¬Coseley¬¬Bilston¬West Midlands¬WV14 9DJ¬52.542629241943359¬-2.0863332748413086¬05C¬NHS Dudley CCG¬01902882070¬¬http://www.coseleymedicalcentre.nhs.uk/¬01902 881213
17189¬M87023¬GP¬UNKNOWN¬Visible¬True¬True¬Wordsley Green Health Centre¬Wordsley Green¬Wordsley¬¬Stourbridge¬West Midlands¬DY8 5PD¬52.480606079101562¬-2.1646773815155029¬05C¬NHS Dudley CCG¬01384277591¬¬www.wordsleygreensurgery.co.uk¬01384 401156
17191¬M87024001¬GP¬UNKNOWN¬Visible¬True¬True¬Chapel House Lane Surgery¬Chapel House Lane¬¬¬Halesowen¬West Midlands¬B63 2JW¬52.458724975585938¬-2.0897448062896729¬05C¬NHS Dudley CCG¬01384322300¬¬http://www.wychburymedicalgroup.co.uk/index.aspx¬
17192¬M87024002¬GP¬UNKNOWN¬Visible¬True¬True¬Cradley Road Medical Practice¬62 Cradley Road¬¬¬Cradley Heath¬West Midlands¬B64 6AG¬52.470172882080078¬-2.0852782726287842¬05C¬NHS Dudley CCG¬01384322300¬¬https://www.wychburymedicalgroup.co.uk/¬
17193¬M87024¬GP¬UNKNOWN¬Visible¬True¬True¬Wychbury Medical Group¬121 Oakfield Road¬Wollescote¬¬Stourbridge¬West Midlands¬DY9 9DS¬52.441562652587891¬-2.1109676361083984¬05C¬NHS Dudley CCG¬01384322300¬¬https://www.wychburymedicalgroup.co.uk/¬
17194¬M87025¬GP¬UNKNOWN¬Visible¬True¬True¬Cross Street Health Centre¬Cross Street¬¬¬Dudley¬West Midlands¬DY1 1RN¬52.510272979736328¬-2.0891280174255371¬05C¬NHS Dudley CCG¬01384459044¬¬¬01384 232467
17195¬M87026¬GP¬UNKNOWN¬Visible¬True¬True¬St James Medical Practice2¬Malthouse Drive¬¬¬Dudley¬West Midlands¬DY1 2BY¬52.51422119140625¬-2.0973143577575684¬05C¬NHS Dudley CCG¬01384252729¬¬http://www.stjamesmedicalpracticedudley.nhs.uk/¬01384242109
17196¬M87027¬GP¬UNKNOWN¬Visible¬True¬True¬Quarry Bank Medical Centre¬165 High Street¬Quarry Bank¬¬Brierley Hill¬West Midlands¬DY5 2AE¬52.471847534179687¬-2.1023879051208496¬05C¬NHS Dudley CCG¬01384566651¬¬http://quarrybankmedicalcentre.com¬
17197¬M87028¬GP¬UNKNOWN¬Visible¬True¬True¬Netherton Health Centre¬Halesowen Road¬Netherton¬¬Dudley¬West Midlands¬DY2 9PU¬52.48797607421875¬-2.0790097713470459¬05C¬NHS Dudley CCG¬01384884030¬¬¬01384 242468
17198¬M87030¬GP¬UNKNOWN¬Visible¬True¬True¬Pedmore Medical Practice¬22 Pedmore Road¬Lye¬¬Stourbridge¬West Midlands¬DY9 8DJ¬52.457019805908203¬-2.1182029247283936¬05C¬NHS Dudley CCG¬01384422591¬¬¬01384 892235
17200¬M87034¬GP¬UNKNOWN¬Visible¬True¬True¬Clement Road Medical Practice¬Clement Road Medical Centre¬4A Clement Road¬¬Halesowen¬West Midlands¬B62 9LR¬52.472076416015625¬-2.0338304042816162¬05C¬NHS Dudley CCG¬01215592044¬¬¬0121 602-0555
17201¬M87036¬GP¬UNKNOWN¬Visible¬True¬True¬Bean Medical Practice¬Bean Medical Practice¬5 Bean Road¬¬Dudley¬West Midlands¬DY2 8TH¬52.505794525146484¬-2.0759773254394531¬05C¬NHS Dudley CCG¬01384252229¬¬https://www.beanmedicalpractice.nhs.uk/¬01384 458137
17202¬M87037¬GP¬UNKNOWN¬Visible¬True¬True¬Northway Medical Centre¬8 Alderwood Precinct¬The Northway¬Sedgley¬Dudley¬West Midlands¬DY3 3QY¬52.548107147216797¬-2.1309828758239746¬05C¬NHS Dudley CCG¬01902885180¬¬http://www.northwaymedicalcentre.nhs.uk/¬01902 883615
17204¬M87041¬GP¬UNKNOWN¬Visible¬True¬True¬Rangeways Road Surgery¬33 Rangeways Road¬¬¬Kingswinford¬West Midlands¬DY6 8PN¬52.48779296875¬-2.1496968269348145¬05C¬NHS Dudley CCG¬01384366166¬¬http://www.rangewayssurgery.nhs.uk¬01384 366165
17205¬M87601¬GP¬UNKNOWN¬Visible¬True¬True¬Keelinge House Surgery¬176 Stourbridge Road¬Holly Hall¬¬Dudley¬West Midlands¬DY1 2ER¬52.500930786132812¬-2.1097912788391113¬05C¬NHS Dudley CCG¬0138477194¬¬https://www.keelingehousesurgery.co.uk/¬01384 820210
17206¬M87602¬GP¬UNKNOWN¬Visible¬True¬True¬Halesowen Medical Practice¬2 Quarry Lane¬¬¬Halesowen¬West Midlands¬B63 4WD¬52.444046020507813¬-2.0591282844543457¬05C¬NHS Dudley CCG¬01215504917¬¬¬0121 504 0140
17207¬M87605¬GP¬UNKNOWN¬Visible¬True¬True¬Central Clinic¬Hall Street¬¬¬Dudley¬West Midlands¬DY2 7BX¬52.507980346679687¬-2.0757601261138916¬05C¬NHS Dudley CCG¬01384253616¬¬http://www.centralclinicsurgerydudley.nhs.uk¬01384 253332
17210¬M87612¬GP¬UNKNOWN¬Visible¬True¬True¬St James Medical Practice1¬Malthouse Drive¬¬¬Dudley¬West Midlands¬DY1 2BY¬52.51422119140625¬-2.0973143577575684¬05C¬NHS Dudley CCG¬01384255387¬¬http://www.stjamesmedicalpracticedudley.nhs.uk/¬01384 242109
17212¬M87617¬GP¬UNKNOWN¬Visible¬True¬True¬Links Medical Practice¬Netherton Health Centre¬Halesowen Road¬Netherton¬Dudley¬West Midlands¬DY2 9PU¬52.48797607421875¬-2.0790097713470459¬05C¬NHS Dudley CCG¬01384 239657¬links.medicalpractice@nhs.net¬http://www.linksmedical.co.uk¬01384 458136
17213¬M87617001¬GP¬UNKNOWN¬Visible¬True¬True¬Links Medical Practice, Hazel Road Branch¬7 Hazel Road¬¬¬Dudley¬West Midlands¬DY1 3EW¬52.516708374023438¬-2.0891854763031006¬05C¬NHS Dudley CCG¬01384259758¬links.medicalpractice@nhs.net¬http://www.linksmedical.co.uk¬
17214¬M87618¬GP¬UNKNOWN¬Visible¬True¬True¬Quincy Rise Surgery¬30 Sandringham Way¬¬¬Brierley Hill¬West Midlands¬DY5 3JR¬52.467426300048828¬-2.1295356750488281¬05C¬NHS Dudley CCG¬01384422698¬¬¬01384 898287
17216¬M87620¬GP¬UNKNOWN¬Visible¬True¬True¬Castle Meadows Surgery¬100 Milking Bank¬¬¬Dudley¬West Midlands¬DY1 2TY¬52.515724182128906¬-2.1182281970977783¬05C¬NHS Dudley CCG¬01384234737¬castle.meadows@nhs.net¬http://www.castlemeadowssurgery.nhs.uk¬01384 350652
17217¬M87621¬GP¬UNKNOWN¬Visible¬True¬True¬Bath Street Medical Centre¬73 Bath Street¬Sedgley¬¬Dudley¬West Midlands¬DY3 1LS¬52.544971466064453¬-2.113027811050415¬05C¬NHS Dudley CCG¬01902887870¬contact@bathstreetmedicalcentre.co.uk¬http://bathstreetmedicalcentre.co.uk/¬01902 887877
17218¬M87623¬GP¬UNKNOWN¬Visible¬True¬True¬Alexandra Medical Centre¬1 Short Street¬¬¬Halesowen¬West Midlands¬B63 3UH¬52.45404052734375¬-2.0630118846893311¬05C¬NHS Dudley CCG¬01215855188¬¬¬0121 602-6737
17220¬M87628¬GP¬UNKNOWN¬Visible¬True¬True¬Chapel Street Medical Centre¬87 Chapel Street¬Lye¬¬Stourbridge¬West Midlands¬DY9 8BT¬52.456329345703125¬-2.1148016452789307¬05C¬NHS Dudley CCG¬01384897668¬¬¬01384 820004
17223¬M87638¬GP¬UNKNOWN¬Visible¬True¬True¬Thorns Road Surgery¬43 Thorns Road¬Quarry Bank¬¬Brierley Hill¬West Midlands¬DY5 2JS¬52.472030639648437¬-2.1093368530273438¬05C¬NHS Dudley CCG¬01384484894¬¬http://www.thornsroadsurgery.nhs.uk¬01384 486540
17224¬M88001¬GP¬UNKNOWN¬Visible¬True¬True¬Village Medical Centre¬158A Crankhall Lane¬Friar Park¬¬Wednesbury¬West Midlands¬WS10 0EB¬52.552837371826172¬-1.9964319467544556¬05L¬NHS Sandwell And West Birmingham CCG¬01215562233¬¬¬0121 502 6358
17225¬M88002¬GP¬UNKNOWN¬Visible¬True¬True¬The Smethwick Medical Centre¬Regent Street¬¬¬Smethwick¬West Midlands¬B66 3BQ¬52.494884490966797¬-1.9681122303009033¬05L¬NHS Sandwell And West Birmingham CCG¬01212893418¬modality.smc@nhs.net¬https://www.modalitypartnership.nhs.uk/smethwick-medical-centre¬0121 555 7206
17226¬M88002001¬GP¬UNKNOWN¬Visible¬True¬True¬Hollybush Medical Centre - Modality Partnership¬435 Hagley Road West¬Quinton¬¬Birmingham¬West Midlands¬B32 2AD¬52.464698791503906¬-1.9892410039901733¬05L¬NHS Sandwell And West Birmingham CCG¬01212893418¬modality.smc@nhs.net¬https://www.modalitypartnership.nhs.uk/hollybush-medical-centre¬
17227¬M88003¬GP¬UNKNOWN¬Visible¬True¬True¬Warley Medical Centre¬Ambrose House Kingsway¬¬¬Oldbury¬West Midlands¬B68 0RT¬52.468124389648437¬-2.0067424774169922¬05L¬NHS Sandwell And West Birmingham CCG¬01214218400¬warleymedicalcentre@nhs.net¬www.warleymedicalcentre.co.uk¬0121 421 8415
17228¬M88004001¬GP¬UNKNOWN¬Visible¬True¬True¬Your Health Partnership: Rowley Village Surgery¬91 Rowley Village¬¬¬Rowley Regis¬West Midlands¬B65 9EN¬52.475200653076172¬-2.0441007614135742¬05L¬NHS Sandwell And West Birmingham CCG¬0121 559 3957¬¬http://www.yhp.org.uk¬0121 502 9117
17229¬M88004¬GP¬UNKNOWN¬Visible¬True¬True¬Your Health Partnership: Regis Medical Centre ¬Darby Street¬¬Rowley Regis¬Rowley Regis¬West Midlands¬B65 0BA¬52.475154876708984¬-2.0444772243499756¬05L¬NHS Sandwell And West Birmingham CCG¬0121 559 3957¬¬http://www.yhp.org.uk¬0121 502 9117
17230¬M88004002¬GP¬UNKNOWN¬Visible¬True¬True¬Your Health Partnership - Oakham Surgery¬213 Regent Road¬Tividale¬¬Oldbury¬West Midlands¬B69 1RZ¬52.504440307617188¬-2.0582373142242432¬05L¬NHS Sandwell And West Birmingham CCG¬01384 458 968¬¬http://www.yhp.org.uk¬01384 240088
17231¬M88006¬GP¬UNKNOWN¬Visible¬True¬True¬Cape Hill Medical Centre¬Raglan Road¬¬¬Smethwick¬West Midlands¬B66 3NR¬52.488407135009766¬-1.9542441368103027¬15E¬NHS Birmingham And Solihull CCG¬01215582613¬capehillmedicalcentre@nhs.net¬http://www.capehillmedicalcentre.co.uk¬
17232¬M88007¬GP¬UNKNOWN¬Visible¬True¬True¬Oakeswell Health Centre¬Brunswick Park Road¬¬¬Wednesbury¬West Midlands¬WS10 9HP¬52.554203033447266¬-2.0137617588043213¬05L¬NHS Sandwell And West Birmingham CCG¬01215050200¬¬¬0121 505 0201
17233¬M88008¬GP¬UNKNOWN¬Visible¬True¬True¬Dr Devanna Manivasagam¬291 Walsall Road¬¬¬West Bromwich¬West Midlands¬B71 3LN¬52.545448303222656¬-1.9826744794845581¬05L¬NHS Sandwell And West Birmingham CCG¬01215882286¬¬¬0121 567 5435
17234¬M88009001¬GP¬UNKNOWN¬Visible¬True¬True¬Norvic Family Practice¬110 Norman Road¬¬¬Smethwick¬West Midlands¬B67 5PU¬52.479038238525391¬-1.985512375831604¬05L¬NHS Sandwell And West Birmingham CCG¬01214296563¬norvicfamilypractice@nhs.net¬http://www.norvicfamilypractice.co.uk/¬0121 420 0229
17235¬M88009¬GP¬UNKNOWN¬Visible¬True¬True¬Norvic Family Practice¬Victoria Health Centre¬5 Suffrage Street¬¬Smethwick¬West Midlands¬B66 3PZ¬52.489730834960938¬-1.9601190090179443¬05L¬NHS Sandwell And West Birmingham CCG¬01215653760¬norvicfamilypractice@nhs.net¬http://www.norvicfamilypractice.co.uk/¬0121 565 8979
17236¬M88010¬GP¬UNKNOWN¬Visible¬True¬True¬Swanpool Medical Centre¬St Marks Road¬¬¬Tipton¬West Midlands¬DY4 0SZ¬52.540798187255859¬-2.0590450763702393¬05L¬NHS Sandwell And West Birmingham CCG¬01215572581¬¬http://www.swanpoolmedicalcentre.co.uk/¬0121 520 9475
17237¬M88004003¬GP¬UNKNOWN¬Visible¬True¬True¬Your Health Partnership: Carters Green Medical Centre¬396-400 High Street¬¬¬West Bromwich¬West Midlands¬B70 9LB¬52.522819519042969¬-2.0017251968383789¬05L¬NHS Sandwell And West Birmingham CCG¬0121 553 0385¬¬http://www.yhp.org.uk¬0121 525 9770
17238¬M88013¬GP¬UNKNOWN¬Visible¬True¬True¬Black Country Family Practice¬Neptune Health Park¬Sedgley Road West¬¬Tipton¬West Midlands¬DY4 8PX¬52.528850555419922¬-2.0711677074432373¬05L¬NHS Sandwell And West Birmingham CCG¬0121 373 1893¬modality.bcfp@nhs.net¬https://www.modalitypartnership.nhs.uk/black-country-family-practice¬
17239¬M88014¬GP¬UNKNOWN¬Visible¬True¬True¬Dr Pv Gudi And Partner¬68 Hill Top¬¬¬West Bromwich¬West Midlands¬B70 0PU¬52.536224365234375¬-2.0112497806549072¬05L¬NHS Sandwell And West Birmingham CCG¬01215560455¬¬¬0121 556 8664
17241¬M88015¬GP¬UNKNOWN¬Visible¬True¬True¬Great Barr Medical Centre¬379 Queslett Road¬Great Barr¬¬Birmingham¬West Midlands¬B43 7HB¬52.549003601074219¬-1.9153374433517456¬05L¬NHS Sandwell And West Birmingham CCG¬0121 357 1250¬¬http://www.greatbarrmedicalcentre.co.uk/¬
17242¬M88016¬GP¬UNKNOWN¬Visible¬True¬True¬The Practice Old Hill¬Priest House¬Priest Street¬¬Cradley Heath¬West Midlands¬B64 6JN¬52.474285125732422¬-2.0654702186584473¬05L¬NHS Sandwell And West Birmingham CCG¬01384566479¬m88016.prescriptions@nhs.net¬http://www.thepracticeoldhill.nhs.uk¬01384 566 636
17244¬M88018¬GP¬UNKNOWN¬Visible¬True¬True¬Oldbury Health Centre¬Albert Street¬¬¬Oldbury¬West Midlands¬B69 4DE¬52.503726959228516¬-2.0141141414642334¬05L¬NHS Sandwell And West Birmingham CCG¬01215431266¬¬http://www.oldburyhealthcentre.co.uk¬0121 544 6451
17245¬M88019¬GP¬UNKNOWN¬Visible¬True¬True¬Bearwood Road Surgery¬348 Bearwood Road¬Smethwick¬¬Warley¬West Midlands¬B66 4ES¬52.482128143310547¬-1.9694024324417114¬05L¬NHS Sandwell And West Birmingham CCG¬01214291479¬¬http://www.bearwoodroadsurgery.co.uk¬
17246¬M88020¬GP¬UNKNOWN¬Visible¬True¬True¬Sherwood House Medical Practice¬9 Sandon Road¬Edgbaston¬¬Birmingham¬West Midlands¬B17 8DP¬52.473854064941406¬-1.9594118595123291¬15E¬NHS Birmingham And Solihull CCG¬01214200100¬¬http://www.sherwoodhousemp.co.uk¬0121 420 0107
17247¬M88021¬GP¬UNKNOWN¬Visible¬True¬True¬Dr P Pal And Jemahl¬33 Newton Road¬Great Barr¬¬Birmingham¬West Midlands¬B43 6AA¬52.545711517333984¬-1.9369320869445801¬05L¬NHS Sandwell And West Birmingham CCG¬01213571690¬m88021.prescriptions@nhs.net¬¬01213574253
17248¬M88022¬GP¬UNKNOWN¬Visible¬True¬True¬Jubilee Health Centre¬1 Upper Russell Street¬¬¬Wednesbury¬West Midlands¬WS10 7AR¬52.551658630371094¬-2.0196158885955811¬05L¬NHS Sandwell And West Birmingham CCG¬01215564615¬¬http://www.jubileehealth.co.uk/¬
17249¬M88023¬GP¬UNKNOWN¬Visible¬True¬True¬Crankhall Lane Medical Centre¬156 Crankhall Lane¬¬¬Wednesbury¬West Midlands¬WS10 0EB¬52.552837371826172¬-1.9964319467544556¬05L¬NHS Sandwell And West Birmingham CCG¬01215314704¬¬¬0121 531 4701
17250¬M88024¬GP¬UNKNOWN¬Visible¬True¬True¬Sundial Surgery¬Sundial Lane¬Great Barr¬¬Birmingham¬West Midlands¬B43 6PA¬52.547443389892578¬-1.9322106838226318¬05L¬NHS Sandwell And West Birmingham CCG¬01213580082¬¬¬
17251¬M88026¬GP¬UNKNOWN¬Visible¬True¬True¬Portway Family Practice¬Portway Lifestyle Centre¬Newbury Lane¬¬Oldbury¬West Midlands¬B69 1HE¬52.498664855957031¬-2.0295040607452393¬05L¬NHS Sandwell And West Birmingham CCG¬01216123424¬¬http://www.portwayfamilypractice.co.uk/¬0121 612 3421
17252¬M88030¬GP¬UNKNOWN¬Visible¬True¬True¬Church View Surgery¬239 Halesowen Road¬¬¬Cradley Heath¬West Midlands¬B64 6JE¬52.475048065185547¬-2.0665459632873535¬05L¬NHS Sandwell And West Birmingham CCG¬01384566929¬¬http://www.churchviewsurgerycradleyheath.co.uk/¬01384 561923
17253¬M88031¬GP¬UNKNOWN¬Visible¬True¬False¬Hawes Lane Surgery¬Rowley Healthcare¬Hawes Lane¬¬Rowley Regis¬West Midlands¬B65 9AF¬52.486320495605469¬-2.0494954586029053¬05L¬NHS Sandwell And West Birmingham CCG¬01215595159¬gprowley@nhs.net¬http://www.rowleyhealthcare.co.uk/¬0844 499 6616
17254¬M88004005¬GP¬UNKNOWN¬Visible¬True¬True¬Your Health Partnership - Whiteheath Medical Centre¬Badsey Road¬¬¬Oldbury¬West Midlands¬B69 1EJ¬52.493129730224609¬-2.0348629951477051¬05L¬NHS Sandwell And West Birmingham CCG¬0121 612 2700¬¬http://www.yhp.org.uk¬0121 612 2701
17255¬M88004004¬GP¬UNKNOWN¬Visible¬True¬True¬Your Health Partnership - Mace Street Clinic¬Mace Street¬¬¬Cradley Heath¬West Midlands¬B64 6HP¬52.475269317626953¬-2.0687105655670166¬05L¬NHS Sandwell And West Birmingham CCG¬01384 354 653¬¬http://www.yhp.org.uk¬01384 354652
17256¬M88035¬GP¬UNKNOWN¬Visible¬True¬True¬New Street Surgery¬New Street Hill Top¬¬¬West Bromwich¬West Midlands¬B70 0HN¬52.53692626953125¬-2.0127537250518799¬05L¬NHS Sandwell And West Birmingham CCG¬01215560190¬m88035general@nhs.net¬http://www.newstreetsurgerywestbromwich.co.uk/¬0121 505 3705
17259¬M88038¬GP¬UNKNOWN¬Visible¬True¬True¬Linkway Medical Practice¬Lyng Centre For Health And Social Care¬Frank Fisher Way¬¬West Bromwich¬West Midlands¬B70 7AW¬52.516006469726562¬-1.9979672431945801¬05L¬NHS Sandwell And West Birmingham CCG¬01215534000¬m88038.clinical@nhs.net¬http://www.linkwaymedicalpractice.co.uk¬0121 553 4001
17260¬M88040¬GP¬UNKNOWN¬Visible¬True¬True¬St Paul's Medical Practice¬222 St Pauls Road¬Smethwick¬W Midlands¬Smethwick¬West Midlands¬B66 1HB¬52.500785827636719¬-1.9885252714157104¬05L¬NHS Sandwell And West Birmingham CCG¬01215580431¬¬¬0121 612 4051
17261¬M88041¬GP¬UNKNOWN¬Visible¬True¬True¬Hawthorns Medical Centre¬94 Lewisham Road¬¬¬Smethwick¬West Midlands¬B66 2DD¬52.501510620117187¬-1.9672530889511108¬05L¬NHS Sandwell And West Birmingham CCG¬01215555635¬¬http://www.hawthornsmcsmethwick.co.uk¬
17262¬M88042¬GP¬UNKNOWN¬Visible¬True¬True¬Bearwood Medical Centre¬176 Milcote Road¬¬¬Smethwick¬West Midlands¬B67 5BP¬52.476905822753906¬-1.9734255075454712¬05L¬NHS Sandwell And West Birmingham CCG¬01214291572¬¬http://www.bearwoodmedicalcentre.co.uk¬
17263¬M88043¬GP¬UNKNOWN¬Visible¬True¬True¬Haden Vale Medical Practice¬50 Barrs Road¬¬¬Cradley Heath¬West Midlands¬B64 7HG¬52.466350555419922¬-2.0733187198638916¬05L¬NHS Sandwell And West Birmingham CCG¬01384634511¬¬http://www.hadenvalemedicalpractice.org¬01384 410716
17264¬M88044¬GP¬UNKNOWN¬Visible¬True¬True¬West Bromwich Partnership for health¬40 Izons Road¬¬¬West Bromwich¬West Midlands¬B70 8PG¬52.517894744873047¬-2.0005903244018555¬05L¬NHS Sandwell And West Birmingham CCG¬01215530757¬¬¬0121 525 0561
17265¬M88600¬GP¬UNKNOWN¬Visible¬True¬True¬The Victoria Surgery¬Victoria Road¬¬¬Tipton¬West Midlands¬DY4 8SS¬52.523479461669922¬-2.0570540428161621¬05L¬NHS Sandwell And West Birmingham CCG¬01215573422¬¬https://sites.google.com/site/thevictoriaroadsurgery¬0121 557 8707
17266¬M88610¬GP¬UNKNOWN¬Visible¬True¬True¬Dr B P Choudhary And Dr R Choudhary¬Arden Road¬¬¬Smethwick¬West Midlands¬B67 6AJ¬52.490310668945313¬-1.9703836441040039¬05L¬NHS Sandwell And West Birmingham CCG¬01215580263¬¬http://www.sarephed.co.uk¬
17268¬M88612¬GP¬UNKNOWN¬Visible¬True¬True¬Glebefields Surgery¬St Marks Road¬¬¬Tipton¬West Midlands¬DY4 0SN¬52.540592193603516¬-2.0528891086578369¬05L¬NHS Sandwell And West Birmingham CCG¬01215308040¬¬http://www.glebefieldssurgery.co.uk¬
17271¬M88616002¬GP¬UNKNOWN¬Visible¬True¬True¬Yew Tree Surgery - Great Bridge Partnerships For Health¬Yew Tree Healthy living¬Redwood Road¬Walsall¬Sandwell¬West Midlands¬WS5 4LB¬52.559368133544922¬-1.9608234167098999¬05L¬NHS Sandwell And West Birmingham CCG¬01922 422299¬¬¬01922 422291
17272¬M88616¬GP¬UNKNOWN¬Visible¬True¬True¬Great Bridge Partnership For Health¬10 Slater Street¬Great Bridge¬¬Tipton¬West Midlands¬DY4 7EY¬52.528911590576172¬-2.0325624942779541¬05L¬NHS Sandwell And West Birmingham CCG¬01215212100¬greatbridgepartnerships@nhs.net¬http://www.greatbridgepartnershipsforhealth.co.uk/¬
17273¬M88616001¬GP¬UNKNOWN¬Visible¬True¬True¬Sai Surgery Branch¬1A Cordley Street¬¬¬West Bromwich¬West Midlands¬B70 9NQ¬52.524215698242187¬-2.0073850154876709¬05L¬NHS Sandwell And West Birmingham CCG¬1215242520¬¬¬0121 580 1908
17274¬M88618¬GP¬UNKNOWN¬Visible¬True¬True¬Dr Anil Indwar¬19 Walford Street¬Tividale¬¬Oldbury¬West Midlands¬B69 2LD¬52.513195037841797¬-2.0597372055053711¬05L¬NHS Sandwell And West Birmingham CCG¬01215571328¬¬https://walfordstreetsurgery@nhs.uk¬
17275¬M88619¬GP¬UNKNOWN¬Visible¬True¬True¬Dr R K Arora¬Lyng Centre for Health¬Dr R K Arora¬Frank Fisher Way¬West Bromwich¬West Midlands¬B70 7AW¬52.515678405761719¬-1.9983489513397217¬05L¬NHS Sandwell And West Birmingham CCG¬0121 612 2222¬¬https://aroralyng.co.uk/¬
17276¬M88620¬GP¬UNKNOWN¬Visible¬True¬True¬Causeway Green Road Surgery¬158 Causeway Green Road¬¬¬Oldbury¬West Midlands¬B68 8LJ¬52.484569549560547¬-2.0146820545196533¬05L¬NHS Sandwell And West Birmingham CCG¬01215521968¬¬¬0121 5442042
17277¬M88623¬GP¬UNKNOWN¬Visible¬True¬True¬Park House Surgery¬Park House Surgery¬134 Newton Road¬Great Barr¬Birmingham¬West Midlands¬B43 6BT¬52.544578552246094¬-1.9424523115158081¬05L¬NHS Sandwell And West Birmingham CCG¬01213573309¬reception.parkhousesurgery@nhs.net¬http://parkhousesurgeryhallan.nhs.uk¬0121 358 5941
17279¬M88625¬GP¬UNKNOWN¬Visible¬True¬True¬ST PAUL's PARTNERSHIP - Lyng Medical ¬Frank Fisher Way¬¬¬West Bromwich¬West Midlands¬B70 7AW¬52.516006469726562¬-1.9979672431945801¬05L¬NHS Sandwell And West Birmingham CCG¬01216122300¬¬¬0121 612 2311
17280¬M88626¬GP¬UNKNOWN¬Visible¬True¬True¬Dr Nisar- Ul Haque¬Primary Care Centre¬6 High Street¬¬West Bromwich¬West Midlands¬B70 6JX¬52.512733459472656¬-1.9843816757202148¬05L¬NHS Sandwell And West Birmingham CCG¬01216122525¬¬¬
17281¬M88627¬GP¬UNKNOWN¬Visible¬True¬True¬Dr Bhupendra Bhadauria¬Jubilee Health Centre¬1 Upper Russell Street¬¬Wednesbury¬West Midlands¬WS10 7AR¬52.551658630371094¬-2.0196158885955811¬05L¬NHS Sandwell And West Birmingham CCG¬01215025757¬¬¬
17282¬M88628¬GP¬UNKNOWN¬Visible¬True¬True¬Cambridge Street Surgery¬1 Cambridge Street¬¬¬West Bromwich¬West Midlands¬B70 8HQ¬52.51495361328125¬-2.0020492076873779¬05L¬NHS Sandwell And West Birmingham CCG¬01215259257¬¬http://www.cambridgestreetsurgery.nhs.uk/¬
17283¬M88629¬GP¬UNKNOWN¬Visible¬True¬True¬Hill Top Partnership¬Hill Top Partnership¬1a Cordley Street¬¬West Bromwich¬West Midlands¬B70 9NQ¬52.524215698242187¬-2.0073850154876709¬05L¬NHS Sandwell And West Birmingham CCG¬0121 524 2524¬¬¬
17284¬M88630001¬GP¬UNKNOWN¬Visible¬True¬True¬Victoria Health Centre¬5 Suffrage Street¬¬¬Smethwick¬West Midlands¬B66 3PZ¬52.489730834960938¬-1.9601190090179443¬05L¬NHS Sandwell And West Birmingham CCG¬01215582814¬¬¬
17285¬M88630¬GP¬UNKNOWN¬Visible¬True¬True¬Clifton Medical Centre¬Clifton Medical centre¬Clifton Lane¬¬West Bromwich¬West Midlands¬B71 3AS¬52.543449401855469¬-1.9823213815689087¬05L¬NHS Sandwell And West Birmingham CCG¬01215887989¬clifton.medical-centre@nhs.net¬¬0121 567 5418
17286¬M88633¬GP¬UNKNOWN¬Visible¬True¬True¬Lodge Road Surgery¬Lodge Road¬¬¬Smethwick¬West Midlands¬B67 7LU¬52.499824523925781¬-1.9842977523803711¬05L¬NHS Sandwell And West Birmingham CCG¬01215580499¬¬http://www.lodgeroadsurgery.nhs.uk¬01215655024
17287¬M88635¬GP¬UNKNOWN¬Visible¬True¬True¬Dr Abdul Naeem¬64 Dog Kennel Lane¬¬¬Oldbury¬West Midlands¬B68 9LZ¬52.489791870117188¬-1.9957298040390015¬05L¬NHS Sandwell And West Birmingham CCG¬01215521713¬¬¬
17289¬M88639¬GP¬UNKNOWN¬Visible¬True¬True¬St Pauls Partners¬Primary Care Centre¬6 High Street¬¬West Bromwich¬West Midlands¬B70 6JX¬52.512733459472656¬-1.9843816757202148¬05L¬NHS Sandwell And West Birmingham CCG¬01216122500¬¬http://www.mysurgerywebsite.co.uk/index.aspx?p=M88639¬0121 612 2503
17290¬M88640¬GP¬UNKNOWN¬Visible¬True¬True¬Warley Road Surgery¬118 Warley Road¬¬¬Oldbury¬West Midlands¬B68 9SZ¬52.490196228027344¬-1.9937120676040649¬05L¬NHS Sandwell And West Birmingham CCG¬01215445681¬¬¬
17291¬M88643¬GP¬UNKNOWN¬Visible¬True¬True¬The Spires Health Centre¬Victoria Street¬W Midlands¬¬Wednesbury¬West Midlands¬WS10 7EH¬52.550559997558594¬-2.0238776206970215¬05L¬NHS Sandwell And West Birmingham CCG¬01215314665¬¬http://www.thespireshealthcentre.nhs.uk/¬0121 531 4664
17292¬M88645¬GP¬UNKNOWN¬Visible¬True¬True¬Hill Top Medical Centre¬15 Hill Top Road¬¬¬Oldbury¬West Midlands¬B68 9DU¬52.478492736816406¬-1.9981601238250732¬05L¬NHS Sandwell And West Birmingham CCG¬01214222146¬sue.lawrence@nhs.net¬www.hilltopmedicalcentre.co.uk¬0121 422 9235
17293¬M88646¬GP¬UNKNOWN¬Visible¬True¬True¬Dr V K Dewan¬Dr V K Dewan¬Lyng Centre For Health¬Frank Fisher Way¬West Bromwich¬West Midlands¬B70 7AW¬52.516006469726562¬-1.9979672431945801¬05L¬NHS Sandwell And West Birmingham CCG¬01216122233¬¬http://www.drvkdewan-lyngcentre.nhs.uk¬0121 612 2234
17294¬M88647¬GP¬UNKNOWN¬Visible¬True¬True¬Rood End Medical Centre¬182-184 Vicarage Road¬¬¬Oldbury¬West Midlands¬B68 8JB¬52.494098663330078¬-1.9996767044067383¬05L¬NHS Sandwell And West Birmingham CCG¬01215448666¬¬http://www.roodendmc.org.uk¬0121 544 7666
17295¬M89001¬GP¬UNKNOWN¬Visible¬True¬True¬Parkfield Medical Centre¬10 Parkfield Drive¬Birmingham¬W Midlands¬Birmingham¬West Midlands¬B36 9EJ¬52.509265899658203¬-1.7758100032806396¬15E¬NHS Birmingham And Solihull CCG¬01217495757¬¬http://www.parkfieldmedical.co.uk/¬0121 7495700
17296¬M89002¬GP¬UNKNOWN¬Visible¬True¬True¬KINGSHURST MEDICAL PRACTICE¬40 Gilson Way¬¬¬Birmingham¬West Midlands¬B37 6BE¬52.494010925292969¬-1.7477701902389526¬15E¬NHS Birmingham And Solihull CCG¬01217700406¬¬https://www.kingshurstmedicalpractice.nhs.uk¬0870 890 2587
17297¬M89003003¬GP¬UNKNOWN¬Visible¬True¬True¬GPS Healthcare - Meadowside Family Health Centre¬Meadowside Family Health Centre¬30 Winchcombe Road¬¬Solihull¬West Midlands¬B92 8PJ¬52.443328857421875¬-1.7865898609161377¬15E¬NHS Birmingham And Solihull CCG¬01217962777¬¬http://www.gpshealthcare.co.uk¬0121 7434216
17299¬M89005¬GP¬UNKNOWN¬Visible¬True¬True¬St. Margaret's Medical Practice¬8 St Margarets Road¬Olton¬¬Solihull¬West Midlands¬B92 7JS¬52.437995910644531¬-1.8073568344116211¬15E¬NHS Birmingham And Solihull CCG¬01217060307¬¬¬0121 7650161
17301¬M89007¬GP¬UNKNOWN¬Visible¬True¬True¬Richmond Medical Centre¬179 Richmond Road¬¬¬Solihull¬West Midlands¬B92 7SA¬52.447601318359375¬-1.7991491556167603¬15E¬NHS Birmingham And Solihull CCG¬01217432159¬¬http://www.richmondmc.co.uk¬0121 7437802
17302¬M89008¬GP¬UNKNOWN¬Visible¬True¬True¬Bosworth Medical Centre¬Crabtree Drive¬¬¬Birmingham¬West Midlands¬B37 5BU¬52.480571746826172¬-1.7536188364028931¬15E¬NHS Birmingham And Solihull CCG¬01217704484¬¬http://www.bosworthmedicalcentre.co.uk/¬0121 779 6818
17303¬M89009¬GP¬UNKNOWN¬Visible¬True¬True¬MANOR HOUSE LANE SURGERY¬1 Manor House Lane¬Yardley¬¬Birmingham¬West Midlands¬B26 1PE¬52.461307525634766¬-1.8026927709579468¬15E¬NHS Birmingham And Solihull CCG¬01217432273¬manorhouse.marstongreen@nhs.net¬https://www.manorhouse-marstongreensurgeries.co.uk/¬
17304¬M89009001¬GP¬UNKNOWN¬Visible¬True¬True¬Chelmsley Lane Surgery¬20 Chelmsley Lane¬Marston Green¬¬Birmingham¬West Midlands¬B37 7BG¬52.469390869140625¬-1.7537548542022705¬15E¬NHS Birmingham And Solihull CCG¬01217793171¬manorhouse.marstongreen@nhs.net¬https://www.manorhouse-marstongreensurgeries.co.uk/¬0121 779 7116
17305¬M89010¬GP¬UNKNOWN¬Visible¬True¬True¬Dorridge Surgery¬3 Avenue Road¬Dorridge¬¬Solihull¬West Midlands¬B93 8LH¬52.372760772705078¬-1.7520593404769897¬15E¬NHS Birmingham And Solihull CCG¬01564776262¬¬http://www.dorridgesurgery.co.uk/¬01564 779599
17307¬M89012¬GP¬UNKNOWN¬Visible¬True¬True¬Croft Medical Centre¬1 Pomeroy Way¬Chelmsley Wood¬¬Birmingham¬West Midlands¬B37 7WB¬52.477809906005859¬-1.7286338806152344¬15E¬NHS Birmingham And Solihull CCG¬01212707180¬¬http://www.craigcroftmedicalcentre.co.uk/¬0121 770 0130
17308¬M89013¬GP¬UNKNOWN¬Visible¬True¬True¬Arran Medical Centre¬Arran Medical Centre¬Smiths Wood Medical Centre¬Burtons Way¬Birmingham¬West Midlands¬B36 0SZ¬52.503856658935547¬-1.7486714124679565¬15E¬NHS Birmingham And Solihull CCG¬01217704043¬¬http://www.arranmedicalcentre.co.uk¬0121 770 9991
17309¬M89013001¬GP¬UNKNOWN¬Visible¬True¬True¬Arran Medical Centre Branch Surgery¬194-194A Sheldon Heath Road¬Sheldon¬¬Birmingham¬West Midlands¬B26 2DR¬52.472183227539063¬-1.7853463888168335¬15E¬NHS Birmingham And Solihull CCG¬01217434444¬¬http://www.sheldonmedicalcentre.co.uk¬0121 722 2044
17310¬M89015¬GP¬UNKNOWN¬Visible¬True¬True¬Northbrook Health Centre¬93 Northbrook Road¬Shirley¬¬Solihull¬West Midlands¬B90 3LX¬52.419662475585938¬-1.8212584257125854¬15E¬NHS Birmingham And Solihull CCG¬01217465000¬¬http://www.northbrook.gpsurgery.net¬0121 733 3382
17311¬M89016001¬GP¬UNKNOWN¬Visible¬True¬True¬Meriden Surgery¬200 Main Road¬Meriden¬¬Coventry¬West Midlands¬CV7 7NG¬52.434524536132813¬-1.6376303434371948¬15E¬NHS Birmingham And Solihull CCG¬01676522252¬joanne.hope@nhs.net¬http://www.balsallcommongrouppractice.co.uk/¬01676 523865
17312¬M89016¬GP¬UNKNOWN¬Visible¬True¬True¬Balsall Common & Meriden Group Practice¬1 Ashley Drive¬¬¬Coventry¬West Midlands¬CV7 7RW¬52.39495849609375¬-1.6438472270965576¬15E¬NHS Birmingham And Solihull CCG¬01676935000¬joanne.hope@nhs.net¬http://www.balsallcommongrouppractice.co.uk¬01676 292005
17313¬M89017001¬GP¬UNKNOWN¬Visible¬True¬True¬Shirley Medical Centre (Solihull Healthcare Partnership)¬8 Union Road¬Shirley¬¬Solihull¬West Midlands¬B90 3DT¬52.405117034912109¬-1.8217728137969971¬15E¬NHS Birmingham And Solihull CCG¬01217441029¬¬https://solihullhealthcarepartnership.nhs.uk/¬0121 7449109
17314¬M89017¬GP¬UNKNOWN¬Visible¬True¬True¬Grove Surgery (Solihull Healthcare Partnership)¬3 Grove Road¬¬¬Solihull¬West Midlands¬B91 2AG¬52.419643402099609¬-1.7752202749252319¬15E¬NHS Birmingham And Solihull CCG¬01217051105¬¬http://www.solihullhealthcarepartnership.nhs.uk¬0121 7114098
17315¬M89019¬GP¬UNKNOWN¬Visible¬True¬True¬Hobs Moat Medical Centre¬Ulleries Road¬¬¬Solihull¬West Midlands¬B92 8ED¬52.444194793701172¬-1.7889102697372437¬15E¬NHS Birmingham And Solihull CCG¬01217425211¬hobsmoat.referrals@nhs.net¬http://www.hobsmoatmedicalcentre.co.uk/¬0121 7228000
17317¬M89021¬GP¬UNKNOWN¬Visible¬True¬True¬Coventry Road Practice¬2314 Coventry Road¬Sheldon¬¬Birmingham¬West Midlands¬B26 3JS¬52.451686859130859¬-1.7753369808197021¬15E¬NHS Birmingham And Solihull CCG¬01217432154¬¬www.coventryroadpractice.co.uk¬0121 743 9970
17319¬M89024¬GP¬UNKNOWN¬Visible¬True¬True¬GRAFTON ROAD SURGERY¬11 Grafton Road¬Shirley¬¬Solihull¬West Midlands¬B90 1NG¬52.407756805419922¬-1.8684349060058594¬15E¬NHS Birmingham And Solihull CCG¬01214744686¬¬http://www.graftonrdsurgery.co.uk¬
17320¬M89026¬GP¬UNKNOWN¬Visible¬True¬True¬The Castle Practice¬2 Hawthorne Road¬Castle Bromwich¬¬Birmingham¬West Midlands¬B36 0HH¬52.501274108886719¬-1.7576427459716797¬15E¬NHS Birmingham And Solihull CCG¬01217472422¬¬http://www.thecastlepractice.nhs.uk/¬0121 730 4528
17321¬M89027¬GP¬UNKNOWN¬Visible¬True¬True¬Green Lane Surgery ¬C/O Smiths Wood Medical Centre¬Burtons Way¬Smiths Wood¬Birmingham¬West Midlands¬B36 0SZ¬52.503856658935547¬-1.7486714124679565¬15E¬NHS Birmingham And Solihull CCG¬01217495115¬¬http://www.greenlaneandsheldonsurgery.co.uk/¬
17322¬M89027001¬GP¬UNKNOWN¬Visible¬True¬True¬Sheldon Surgery¬119 Sheldon Heath Road¬Sheldon¬¬Birmingham¬West Midlands¬B26 2DP¬52.471878051757813¬-1.7864078283309937¬15E¬NHS Birmingham And Solihull CCG¬01217845465¬¬http://www.greenlaneandsheldonsurgery.co.uk/¬
17324¬M89030¬GP¬UNKNOWN¬Visible¬True¬True¬Arden Medical Centre¬Downing Close¬Station Road¬¬Solihull¬West Midlands¬B93 0QA¬52.379802703857422¬-1.7447479963302612¬15E¬NHS Birmingham And Solihull CCG¬01564739194¬¬www.ardenmedicalcentre.co.uk¬01564 771224
17327¬M89602¬GP¬UNKNOWN¬Visible¬True¬True¬Chester Road Surgery¬406C Chester Road¬Kingshurst¬¬Birmingham¬West Midlands¬B36 0LF¬52.497676849365234¬-1.7524480819702148¬15E¬NHS Birmingham And Solihull CCG¬01217703035¬¬https://www.chesterroadsurgerycastlebromwich.nhs.uk¬0121 7797109
17329¬M89608¬GP¬UNKNOWN¬Visible¬True¬True¬Hampton Surgery¬Marsh Lane¬Hampton In Arden¬¬Solihull¬West Midlands¬B92 0AH¬52.424182891845703¬-1.7017871141433716¬15E¬NHS Birmingham And Solihull CCG¬01675442510¬¬http://www.hamptonsurgery.co.uk/¬01675 443353
17331¬M91003¬GP¬UNKNOWN¬Visible¬True¬True¬Sina Health Centre¬230 Coppice Farm Way¬¬¬Willenhall¬West Midlands¬WV12 5XZ¬52.618194580078125¬-2.047724723815918¬05Y¬NHS Walsall CCG¬01922710027¬¬¬01922 490120
17332¬M91004¬GP¬UNKNOWN¬Visible¬True¬True¬St Peter's Surgery¬51 Leckie Road¬¬¬Walsall¬West Midlands¬WS2 8DA¬52.594139099121094¬-1.9848974943161011¬05Y¬NHS Walsall CCG¬01922623755¬¬http://www.stpeterssurgery.com¬01922 746477
17333¬M91007¬GP¬UNKNOWN¬Visible¬True¬True¬St John's Medical Centre¬High Street¬Walsall Wood¬¬Walsall¬West Midlands¬WS9 9LP¬52.626308441162109¬-1.9325177669525146¬05Y¬NHS Walsall CCG¬01543622710¬¬https://www.modalitypartnership.nhs.uk/st-johns-medical-centre¬
17334¬M91008¬GP¬UNKNOWN¬Visible¬True¬True¬Little London Surgery¬Little London¬Caldmore¬¬Walsall¬West Midlands¬WS1 3EP¬52.574985504150391¬-1.9792691469192505¬05Y¬NHS Walsall CCG¬01922628280¬¬http://www.littlelondonsurgery.co.uk/¬01922 623023
17335¬M91009¬GP¬UNKNOWN¬Visible¬True¬True¬Streets Corner Surgery¬79-81 Lichfield Road¬Walsall Wood¬¬Walsall¬West Midlands¬WS9 9NP¬52.629623413085938¬-1.9277405738830566¬05Y¬NHS Walsall CCG¬01543377285¬¬https://www.streetscornersurgery.nhs.uk/¬01543 454004
17336¬M91010¬GP¬UNKNOWN¬Visible¬True¬True¬Portland Medical Practice¬Westfield Drive¬Anchor Meadow¬Aldridge¬Walsall¬West Midlands¬WS9 8AJ¬52.602516174316406¬-1.9211850166320801¬05Y¬NHS Walsall CCG¬01922450950¬¬https://www.portlandmedical.co.uk/Home¬01922 450960
17337¬M91011¬GP¬UNKNOWN¬Visible¬True¬True¬Drs K Conod & S Garsed¬5 Birmingham Road¬Walsall¬W Midlands¬Walsall¬West Midlands¬WS1 2LX¬52.580657958984375¬-1.9746620655059814¬05Y¬NHS Walsall CCG¬01922612048¬¬¬01922 619769
17338¬M91013¬GP¬UNKNOWN¬Visible¬True¬True¬Lockfield Surgery¬Gomer Street¬¬¬Willenhall¬West Midlands¬WV13 2DR¬52.58544921875¬-2.0571200847625732¬05Y¬NHS Walsall CCG¬01902639000¬lockfield.surgery@nhs.net¬http://www.lockfieldsurgery.co.uk/¬01902 639001
17339¬M91014¬GP¬UNKNOWN¬Visible¬True¬True¬DR ANAND KUMAR SINHA & DR MINAXI VERMA¬BRACE STREET HEALTH CENTRE¬63 BRACE STREET¬CALDMORE¬Walsall¬West Midlands¬WS1 3PS¬52.577598571777344¬-1.9833250045776367¬05Y¬NHS Walsall CCG¬01922624605¬¬http://www.bracestreethealthcentre.nhs.uk/¬
17340¬M91015¬GP¬UNKNOWN¬Visible¬True¬True¬Lichfield Street Surgery ¬19 Lichfield Street¬¬¬Walsall¬West Midlands¬WS1 1UG¬52.587158203125¬-1.9778760671615601¬05Y¬NHS Walsall CCG¬01922 620532¬¬https://www.lichfieldstreetsurgery.co.uk¬
17341¬M91016¬GP¬UNKNOWN¬Visible¬True¬True¬New Invention Health Centre¬66 Cannock Road¬¬¬Willenhall¬West Midlands¬WV12 5RZ¬52.609546661376953¬-2.0402576923370361¬05Y¬NHS Walsall CCG¬01922475100¬¬https://www.modalitypartnership.nhs.uk/new-invention-practice¬01922 712934
17342¬M91017¬GP¬UNKNOWN¬Visible¬True¬True¬Northgate Medical Centre¬Anchor Meadow Health Centre¬Westfield Drive¬Aldridge¬Walsall¬West Midlands¬WS9 8AJ¬52.602516174316406¬-1.9211850166320801¬05Y¬NHS Walsall CCG¬01922450900¬¬http://www.northgatepractice.co.uk¬01922 450910
17343¬M91018¬GP¬UNKNOWN¬Visible¬True¬True¬Saddlers Health Centre¬133 Hatherton Street¬¬¬Walsall¬West Midlands¬WS1 1YB¬52.587879180908203¬-1.9794549942016602¬05Y¬NHS Walsall CCG¬01922622326¬¬¬01922 633239
17344¬M91019¬GP¬UNKNOWN¬Visible¬True¬True¬RUSHALL MEDICAL CENTRE¬107 Lichfield Road¬Rushall¬¬Walsall¬West Midlands¬WS4 1HB¬52.607994079589844¬-1.9597170352935791¬05Y¬NHS Walsall CCG¬01922 622212¬¬http://www.rushallmedicalcentre.co.uk¬
17345¬M91020¬GP¬UNKNOWN¬Visible¬True¬True¬Sycamore House Medical Centre¬111 Birmingham Road¬¬¬Walsall¬West Midlands¬WS1 2NL¬52.576934814453125¬-1.9683041572570801¬05Y¬NHS Walsall CCG¬01922624320¬¬http://sycamorehousesurgery.co.uk¬
17346¬M91021¬GP¬UNKNOWN¬Visible¬True¬True¬Lockstown Practice¬Willenhall Medical Centre¬Gomer Street¬¬Willenhall¬West Midlands¬WV13 2DR¬52.58544921875¬-2.0571200847625732¬05Y¬NHS Walsall CCG¬01902600833¬lockstownpractice@walsall.nhs.uk¬http://www.lockstownpractice.co.uk/¬01902 600835
17348¬M91024¬GP¬UNKNOWN¬Visible¬True¬True¬Dr Nambisan Surgery¬1 Chapel Street¬Pelsall¬¬Walsall¬West Midlands¬WS3 4LN¬52.627880096435547¬-1.9685778617858887¬05Y¬NHS Walsall CCG¬01922685858¬¬¬
17350¬M91026¬GP¬UNKNOWN¬Visible¬True¬True¬Darlaston Family Practice¬Darlaston Health Centre¬Pinfold Street¬Darlaston¬Wednesbury¬West Midlands¬WS10 8SY¬52.566173553466797¬-2.0363080501556396¬05Y¬NHS Walsall CCG¬01215684300¬¬http://www.darlastonfamilypractice.nhs.uk¬0121 568 4319
17351¬M91028¬GP¬UNKNOWN¬Visible¬True¬True¬Kingfisher Berkley Practice¬Bentley Medical Centre¬Churchill Road¬Bentley¬Walsall¬West Midlands¬WS2 0BA¬52.589164733886719¬-2.0245187282562256¬05Y¬NHS Walsall CCG¬01922211238¬¬https://www.modalitypartnership.nhs.uk/kingfisher-berkley-practice¬
17352¬M91029¬GP¬UNKNOWN¬Visible¬True¬True¬Mossley & Dudley Fields Medical Practice¬3 Fisher Road¬¬¬Walsall¬West Midlands¬WS3 2TA¬52.621330261230469¬-2.0162501335144043¬05Y¬NHS Walsall CCG¬01922477226¬¬http://www.mossleyanddudleyfields.nhs.uk/¬
17353¬M91032¬GP¬UNKNOWN¬Visible¬True¬True¬COLLINGWOOD FAMILY PRACTICE¬Collingwood Drive¬¬¬Birmingham¬West Midlands¬B43 7NF¬52.556674957275391¬-1.9033901691436768¬05Y¬NHS Walsall CCG¬0121 289 4402¬¬https://www.modalitypartnership.nhs.uk/collingwood-family-practice¬0121 325 2091
17354¬M91033¬GP¬UNKNOWN¬Visible¬True¬True¬Willenhall Medical Centre¬Gomer Street¬¬¬Willenhall¬West Midlands¬WV13 2DR¬52.58544921875¬-2.0571200847625732¬05Y¬NHS Walsall CCG¬01902600900¬¬https://www.croftsurgery.co.uk¬01902 600904
17355¬M91034¬GP¬UNKNOWN¬Visible¬True¬True¬Bloxwich Medical Practice¬Pinfold Health Centre¬Field Road¬Bloxwich¬Walsall¬West Midlands¬WS3 3JP¬52.613178253173828¬-2.000784158706665¬05Y¬NHS Walsall CCG¬01922775138¬¬¬01922 775161
17356¬M91036¬GP¬UNKNOWN¬Visible¬True¬True¬Dr Kaul & Partners¬Harden Road¬Leamore¬¬Walsall¬West Midlands¬WS3 1ET¬52.608554840087891¬-1.985943078994751¬05Y¬NHS Walsall CCG¬01922475015¬¬http://www.drkaulandgill-hardenhealthcentre.nhs.uk/¬01922 404527
17359¬M91602¬GP¬UNKNOWN¬Visible¬True¬True¬Khan Medical Practice¬Field Road¬Bloxwich¬¬Walsall¬West Midlands¬WS3 3JP¬52.613178253173828¬-2.000784158706665¬05Y¬NHS Walsall CCG¬01922775194¬¬https://www.khanmedicalpractice.co.uk/¬01922 775196
17362¬M91609¬GP¬UNKNOWN¬Visible¬True¬True¬New Road Medical Centre¬Chester Road North¬Brownhills¬¬Walsall¬West Midlands¬WS8 7JB¬52.649738311767578¬-1.9348763227462769¬05Y¬NHS Walsall CCG¬01543375475¬¬http://www.newroadmedicalcentre.nhs.uk/¬
17364¬M91611¬GP¬UNKNOWN¬Visible¬True¬True¬Beechdale Centre¬Edison Road¬Beechdale¬¬Walsall¬West Midlands¬WS2 7EZ¬52.600872039794922¬-2.0073246955871582¬05Y¬NHS Walsall CCG¬01922605260¬¬http://www.beechdalesurgery.org.uk¬01922 605264
17365¬M91612¬GP¬UNKNOWN¬Visible¬True¬True¬St Mary's Surgery¬Pinfold Health Centre¬Walsall¬W Midlands¬Walsall¬West Midlands¬WS3 3JP¬52.613178253173828¬-2.000784158706665¬05Y¬NHS Walsall CCG¬01922775151¬stacey.antill1@nhs.net¬http://www.stmarys-surgery.co.uk¬01922 775160
17366¬M91613¬GP¬UNKNOWN¬Visible¬True¬True¬Forrester Street Surgery¬Forrester Street Surgery¬1 Forrester Street¬¬Walsall¬West Midlands¬WS2 9PL¬52.585731506347656¬-1.9950608015060425¬05Y¬NHS Walsall CCG¬01922 211 273¬¬https://www.modalitypartnership.nhs.uk/forrester-street-practice¬
17367¬M91614¬GP¬UNKNOWN¬Visible¬True¬True¬Stroud Practice¬Bentley Health Centre¬Bentley¬Walsall¬Walsall¬West Midlands¬WS2 0BA¬52.589164733886719¬-2.0245187282562256¬05Y¬NHS Walsall CCG¬01922423580¬walsallccg.stroud.practice@nhs.net¬http://www.stroudpractice.nhs.uk/¬
17368¬M91616¬GP¬UNKNOWN¬Visible¬True¬True¬Pleck Health Centre¬16 Oxford Street¬¬¬Walsall¬West Midlands¬WS2 9HY¬52.574253082275391¬-1.9980239868164063¬05Y¬NHS Walsall CCG¬01922604400¬¬https://www.modalitypartnership.nhs.uk/pleck-medical-centre¬01922 633397
17369¬M91619¬GP¬UNKNOWN¬Visible¬True¬True¬Broadway Medical Centre¬213 Broadway¬¬¬Walsall¬West Midlands¬WS1 3HD¬52.567615509033203¬-1.977280855178833¬05Y¬NHS Walsall CCG¬01922622064¬¬https://www.broadwaymedicalcentre.com/¬01922 613554
17370¬M91621¬GP¬UNKNOWN¬Visible¬True¬True¬Palfrey Health Centre¬151 Wednesbury Road¬¬¬Walsall¬West Midlands¬WS1 4JQ¬52.575096130371094¬-1.9913394451141357¬05Y¬NHS Walsall CCG¬01922627788¬¬www.palfreyhealthcentre.co.uk¬01922 628250
17372¬M91624¬GP¬UNKNOWN¬Visible¬True¬True¬Moxley Medical Centre¬10 Queen Street¬Moxley¬¬Wednesbury¬West Midlands¬WS10 8TF¬52.560035705566406¬-2.051098108291626¬05Y¬NHS Walsall CCG¬01902409515¬moxleymedicalcentre@nhs.net¬http://www.moxleymedicalcentre.nhs.uk¬
17373¬M91626¬GP¬UNKNOWN¬Visible¬True¬True¬Holland Park Surgery¬Parkview Centre¬Chester Road North¬Brownhills¬Walsall¬West Midlands¬WS8 7JB¬52.649738311767578¬-1.9348763227462769¬05Y¬NHS Walsall CCG¬01543 378594¬¬http://www.hollandparksurgery.co.uk/¬
17374¬M91006¬GP¬UNKNOWN¬Visible¬True¬True¬Parkside Medical Practice¬Chester Road¬Chester Road North¬Brownhills¬Walsall¬West Midlands¬WS8 7JB¬52.649738311767578¬-1.9348763227462769¬05Y¬NHS Walsall CCG¬01543 728748¬¬http://www.pmpgp.co.uk/¬01543 377741
17375¬M91628¬GP¬UNKNOWN¬Visible¬True¬True¬DR R KUMAR & DR D TAUNK¬63 Brace Street¬Caldmore¬¬Walsall¬West Midlands¬WS1 3PS¬52.577568054199219¬-1.9833112955093384¬05Y¬NHS Walsall CCG¬01922632421¬¬https://www.drkumarbracest.nhs.uk¬01922 634339
17376¬M91629¬GP¬UNKNOWN¬Visible¬True¬True¬Birchills Health Centre¬Birchills Health Centre¬23-37 Old Birchills¬Birchills¬Walsall¬West Midlands¬WS2 8QH¬52.59112548828125¬-1.9953957796096802¬05Y¬NHS Walsall CCG¬01922614896¬¬http://www.birchillshc.co.uk¬
17378¬M91637¬GP¬UNKNOWN¬Visible¬True¬True¬Dr Andrew Thornett¬Blackwood Road¬Streetly¬¬Sutton Coldfield¬West Midlands¬B74 3PL¬52.580062866210938¬-1.891650915145874¬05Y¬NHS Walsall CCG¬01213537558¬info@blackwoodhealthcentre.com¬http://www.blackwoodhealthcentre.com¬0121 353 7056
17379¬M91639¬GP¬UNKNOWN¬Visible¬True¬True¬Walsall Wood Health Centre¬77 Lichfield Road¬Walsall Wood¬¬Walsall¬West Midlands¬WS9 9NP¬52.629623413085938¬-1.9277405738830566¬05Y¬NHS Walsall CCG¬01543361452¬¬http://walsallwoodhealthcentre.nhs.uk¬
17380¬M91640¬GP¬UNKNOWN¬Visible¬True¬True¬ROUGH HAY SURGERY¬44B Rough Hay Road¬¬¬Darlaston¬West Midlands¬WS10 8NQ¬52.572563171386719¬-2.0426876544952393¬05Y¬NHS Walsall CCG¬01215262233¬¬http://www.roughhaysurgery.nhs.uk/¬0121 568 8206
17381¬M91641¬GP¬UNKNOWN¬Visible¬True¬True¬Dr Ali Surgery¬Darlaston Medical Centre¬Birmingham Street¬¬Darlaston¬West Midlands¬WS10 9JQ¬52.567062377929688¬-2.0320417881011963¬05Y¬NHS Walsall CCG¬0121 526 7151¬¬http://www.darlastonmedicalcentre.co.uk/¬0121 568 6384
17382¬M91642¬GP¬UNKNOWN¬Visible¬True¬True¬Queslett Medical Centre¬522 Queslett Road¬Great Barr¬¬Birmingham¬West Midlands¬B43 7DY¬52.557506561279297¬-1.8980193138122559¬15E¬NHS Birmingham And Solihull CCG¬01213608560¬clinicinfo.m91642@nhs.net¬http://www.queslettmedicalcentre.nhs.uk/¬0121 360 6833
17384¬M91647¬GP¬UNKNOWN¬Visible¬True¬True¬St Lukes Surgery¬Pinfold Health Centre¬Field Road¬Bloxwich¬Walsall¬West Midlands¬WS3 3JP¬52.613178253173828¬-2.000784158706665¬05Y¬NHS Walsall CCG¬01922775136¬clinicalinfo.m91647@nhs.net¬https://stlukesurgery.webgp.com/¬
17385¬M91650¬GP¬UNKNOWN¬Visible¬True¬True¬Pinfold Medical - All Saints & Field Road Surgeries¬Field Road¬Bloxwich¬¬Walsall¬West Midlands¬WS3 3JP¬52.613178253173828¬-2.000784158706665¬05Y¬NHS Walsall CCG¬01922775135¬¬https://www.pinfoldmedicalservices.co.uk/¬01922 775126
17386¬M91654¬GP¬UNKNOWN¬Visible¬True¬True¬Pelsall Village Surgery¬Pelsall Village Centre¬High Street¬Pelsall¬Walsall¬West Midlands¬WS3 4LX¬52.629604339599609¬-1.9682650566101074¬05Y¬NHS Walsall CCG¬01922683857¬¬https://www.pelsallvillagesurgery.co.uk¬01922 686949
17388¬M91659¬GP¬UNKNOWN¬Visible¬True¬True¬Dr Mahbub's Surgery¬Brace Street Health Centre¬Brace Street¬¬Walsall¬West Midlands¬WS1 3PS¬52.577568054199219¬-1.9833112955093384¬05Y¬NHS Walsall CCG¬01922631630¬¬http://drmahbubsurgery.co.uk/¬01922 821203
17389¬M91660¬GP¬UNKNOWN¬Visible¬True¬True¬Modality Darlaston Practice¬Darlaston Health Centre¬Pinfold Street¬Darlaston¬Wednesbury¬West Midlands¬WS10 8SY¬52.566349029541016¬-2.0359230041503906¬05Y¬NHS Walsall CCG¬0121 446 2021¬¬https://www.modalitypartnership.nhs.uk/modality-darlaston-practice¬0121 446 2022
17390¬M92001¬GP¬UNKNOWN¬Visible¬True¬True¬Poplars Medical Practice¬122 Third Avenue¬Low Hill¬¬Wolverhampton¬West Midlands¬WV10 9PG¬52.609931945800781¬-2.1123387813568115¬06A¬NHS Wolverhampton CCG¬01902731195¬¬¬01902 731195
17391¬M92002¬GP¬UNKNOWN¬Visible¬True¬True¬The Group Practice Alfred Squire Road¬Alfred Squire Road¬Wednesfield¬¬Wolverhampton¬West Midlands¬WV11 1XU¬52.599403381347656¬-2.0807461738586426¬06A¬NHS Wolverhampton CCG¬01902575000¬wolccg.alfredsquire@nhs.net¬¬01902 575013
17392¬M92003¬GP¬UNKNOWN¬Visible¬True¬True¬Dr B Mehta & Dr N New¬Hill Street¬Bradley¬¬Bilston¬West Midlands¬WV14 8SB¬52.552986145019531¬-2.0701596736907959¬06A¬NHS Wolverhampton CCG¬01902491659¬m92003wolverhampton@nhs.net¬http://www.nhs.uk¬01902 495770
17393¬M92004¬GP¬UNKNOWN¬Visible¬True¬True¬Primrose Lane Practice¬Primrose Lane Health Ctr¬Primrose Lane¬Low Hill¬Wolverhampton¬West Midlands¬WV10 8RN¬52.612701416015625¬-2.1007969379425049¬06A¬NHS Wolverhampton CCG¬01902731583¬wolccg.primroselanesurgery@nhs.net¬http://www.drmskainthprimroselane.nhs.uk/index.aspx¬01902 308829
17394¬M92006¬GP¬UNKNOWN¬Visible¬True¬True¬Coalway Road Medical Practice¬119 Coalway Road¬Penn¬¬Wolverhampton¬West Midlands¬WV3 7NA¬52.569149017333984¬-2.1564667224884033¬06A¬NHS Wolverhampton CCG¬01902 339296¬¬https://www.coalwayroadsurgery.co.uk¬01902 620527
17395¬M92007¬GP¬UNKNOWN¬Visible¬True¬True¬Lea Road Medical Practice¬35 Lea Road¬Pennfields¬¬Wolverhampton¬West Midlands¬WV3 0LS¬52.575973510742187¬-2.1408493518829346¬06A¬NHS Wolverhampton CCG¬01902682222¬wolccg.learoadscripts@nhs.net¬http://www.learoadmedicalcentre.co.uk/¬01902 657800
17396¬M92008¬GP¬UNKNOWN¬Visible¬True¬True¬Castlecroft Medical Practice¬Castlecroft Avenue¬Castlecroft¬¬Wolverhampton¬West Midlands¬WV3 8JN¬52.578773498535156¬-2.1897933483123779¬06A¬NHS Wolverhampton CCG¬01902761629¬¬http://www.castlecroftmedicalpractice.co.uk¬01902 761629
17397¬M92009001¬GP¬UNKNOWN¬Visible¬True¬True¬Prestbury Medical Practice (BUSH)¬Bushbury Health Centre¬Hellier Road¬Bushbury¬Wolverhampton¬West Midlands¬WV10 8ED¬52.622543334960938¬-2.1136269569396973¬06A¬NHS Wolverhampton CCG¬01902 394830¬¬http://prestburymedicalpractice.co.uk¬01902 444479
17399¬M92009¬GP¬UNKNOWN¬Visible¬True¬True¬Prestwood Road West Surgery (PRW)¬81 Prestwood Road West¬Wednesfield¬¬Wolverhampton¬West Midlands¬WV11 1HT¬52.607433319091797¬-2.0927369594573975¬06A¬NHS Wolverhampton CCG¬01902721021¬¬http://www.prestburymedicalpractice.co.uk¬01902 306225
17400¬M92010¬GP¬UNKNOWN¬Visible¬True¬True¬Tettenhall Medical Practice¬Lower Street¬Tettenhall¬¬Wolverhampton¬West Midlands¬WV6 9LL¬52.600727081298828¬-2.1594879627227783¬06A¬NHS Wolverhampton CCG¬01902444550 (ext. 444551)¬¬http://www.tettenhallmedicalpractice.nhs.uk/¬01902 444552
17401¬M92010001¬GP¬UNKNOWN¬Visible¬True¬True¬Tettenhall Medical Practice¬Wood Road¬Tettenhall Wood¬¬Wolverhampton¬West Midlands¬WV6 8NF¬52.590377807617187¬-2.1804111003875732¬06A¬NHS Wolverhampton CCG¬01902444560¬¬¬
17402¬M92011¬GP¬UNKNOWN¬Visible¬True¬True¬Penn Manor Medical Practice¬Manor Road¬¬¬Wolverhampton¬West Midlands¬WV4 5PY¬52.560428619384766¬-2.1527833938598633¬06A¬NHS Wolverhampton CCG¬01902575142¬helen.ryan3@nhs.net¬http://www.pennmanor.nhs.uk¬01902 575078
17403¬M92012¬GP¬UNKNOWN¬Visible¬True¬True¬Duncan Street Primary Care Partnership¬Duncan Street¬Primary Care Centre¬Blakenhall¬Wolverhampton¬West Midlands¬WV2 3AN¬52.573474884033203¬-2.1265876293182373¬06A¬NHS Wolverhampton CCG¬01902459076¬wolccg.duncanstreet@nhs.net¬http://www.duncanstreetprimarycarecentre.co.uk¬01902 455309
17404¬M92013¬GP¬UNKNOWN¬Visible¬True¬True¬Woden Road Surgery¬Woden Road¬Heath Town¬¬Wolverhampton¬West Midlands¬WV10 0BD¬52.59332275390625¬-2.110023021697998¬06A¬NHS Wolverhampton CCG¬01902 454242¬¬http://www.wodenroadsurgery.nhs.uk¬01902 352438
17406¬M92014¬GP¬UNKNOWN¬Visible¬True¬True¬Oxley Surgery¬470 Stafford Road¬¬¬Wolverhampton¬West Midlands¬WV10 6AR¬52.618293762207031¬-2.1300702095031738¬06A¬NHS Wolverhampton CCG¬01902783103¬¬http://www.oxleysurgery.nhs.uk¬01902 575114
17407¬M92649¬GP¬UNKNOWN¬Visible¬True¬True¬Bilston Health Centre¬Prouds Lane¬¬¬Bilston¬West Midlands¬WV14 6PW¬52.568580627441406¬-2.0766468048095703¬06A¬NHS Wolverhampton CCG¬01902490100¬m.mudigonda@nhs.net¬http://www.drmudigondaandpartners.nhs.uk¬01902 445376
17408¬M92016¬GP¬UNKNOWN¬Visible¬True¬True¬Tudor Medical Centre¬1 Tudor Road¬Heath Town¬¬Wolverhampton¬West Midlands¬WV10 0LS¬52.593650817871094¬-2.1025984287261963¬06A¬NHS Wolverhampton CCG¬01902731330¬admin@tudormedicalcentre.com¬http://www.tudormedicalcentre.com¬
17410¬M92019¬GP¬UNKNOWN¬Visible¬True¬True¬Keats Grove Surgery¬17 Keats Grove¬The Scotlands¬¬Wolverhampton¬West Midlands¬WV10 8LY¬52.614566802978516¬-2.0995311737060547¬06A¬NHS Wolverhampton CCG¬01902731907¬¬¬01902 733309
17412¬M92022¬GP¬UNKNOWN¬Visible¬True¬True¬Dr R Rajcholan ¬Griffiths Drive¬Ashmore Park¬Wednesfield¬Wolverhampton¬West Midlands¬WV11 2LH¬52.613674163818359¬-2.0578217506408691¬06A¬NHS Wolverhampton CCG¬01902732442¬¬http://www.ashmoreparkmedicalcentre.nhs.uk¬01902 729048
17415¬M92026¬GP¬UNKNOWN¬Visible¬True¬True¬Dr Bilas¬75 Griffiths Drive¬Ashmore Park¬Wednesfield¬Wolverhampton¬West Midlands¬WV11 2JN¬52.612827301025391¬-2.0630486011505127¬06A¬NHS Wolverhampton CCG¬01902731250¬¬http://www.ourpractice.org.uk¬01902 307193
17416¬M92612002¬GP¬UNKNOWN¬Visible¬True¬True¬Caerleon Surgery¬Dover Street¬¬¬Bilston¬West Midlands¬WV14 6AL¬52.568977355957031¬-2.0780787467956543¬06A¬NHS Wolverhampton CCG¬01902493426¬¬¬01902 490096
17417¬M92028¬GP¬UNKNOWN¬Visible¬True¬True¬Thornley Street Medical Centre¬40 Thornley Street¬¬¬Wolverhampton¬West Midlands¬WV1 1JP¬52.588432312011719¬-2.1257748603820801¬06A¬NHS Wolverhampton CCG¬01902688500¬¬http://www.thornleystreetsurgery.co.uk¬01902 444074
17418¬M92029¬GP¬UNKNOWN¬Visible¬True¬True¬Newbridge Surgery¬255 Tettenhall Road¬¬¬Wolverhampton¬West Midlands¬WV6 0DE¬52.593605041503906¬-2.1552844047546387¬06A¬NHS Wolverhampton CCG¬01902751420¬m92029wolverhampton@nhs.net¬https://www.newbridgesurgerywolverhampton.nhs.uk¬
17420¬M92016003¬GP¬UNKNOWN¬Visible¬True¬True¬Owen Road Medical Centre¬130 Owen Road¬¬¬Wolverhampton¬West Midlands¬WV3 0AJ¬52.579872131347656¬-2.1437544822692871¬06A¬NHS Wolverhampton CCG¬1902424859¬¬¬
17421¬M92016004¬GP¬UNKNOWN¬Visible¬True¬True¬Leicester Street Medical Centre¬Leicester Street¬Whitmore Reans¬¬Wolverhampton¬West Midlands¬WV6 0PS¬52.594661712646484¬-2.135993480682373¬06A¬NHS Wolverhampton CCG¬01902424118¬¬¬01902 310087
17422¬M92612001¬GP¬UNKNOWN¬Visible¬True¬True¬All Saints And Rosevillas Medical Practice¬17 Cartwright Street¬¬¬Wolverhampton¬West Midlands¬WV2 1EU¬52.577228546142578¬-2.1225109100341797¬06A¬NHS Wolverhampton CCG¬01902 457617¬¬¬01902 351021
17424¬M92039¬GP¬UNKNOWN¬Visible¬True¬True¬Dr St Pierre-Libberton¬60-62 Cannock Road¬Wednesfield¬¬Wolverhampton¬West Midlands¬WV10 8PJ¬52.610553741455078¬-2.1004819869995117¬06A¬NHS Wolverhampton CCG¬01902739973¬wolccg.cannockroadsurgery@nhs.net¬https://www.cannockroadsurgery.nhs.uk¬01902 735009
17425¬M92040003¬GP¬UNKNOWN¬Visible¬True¬True¬Mayfield Medical Practice¬60 Cromwell Road¬¬¬Wolverhampton¬West Midlands¬WV10 8UT¬52.630607604980469¬-2.1155240535736084¬06A¬NHS Wolverhampton CCG¬01902784784¬¬http://www.mayfieldmedicalpractice.nhs.uk¬01902 688555
17426¬M92040¬GP¬UNKNOWN¬Visible¬True¬True¬Mayfield Medical Practice¬272 Willenhall Road¬¬¬Wolverhampton¬West Midlands¬WV1 2GZ¬52.583034515380859¬-2.0932755470275879¬06A¬NHS Wolverhampton CCG¬01902351666¬¬http://www.mayfieldmedicalpractice.nhs.uk¬01902 575119
17427¬M92041¬GP¬UNKNOWN¬Visible¬True¬True¬Dr Sanjay Mittal¬Probert Road Surgery¬Probert Road¬Oxley¬Wolverhampton¬West Midlands¬WV10 6UF¬52.617992401123047¬-2.1333777904510498¬06A¬NHS Wolverhampton CCG¬01902444035¬wolccg.probertroadsurgery@nhs.net¬https://www.probertroadsurgery.nhs.uk¬01902 444944
17428¬M92042¬GP¬UNKNOWN¬Visible¬True¬True¬West Park Surgery¬West Park Surgery¬Park Road West¬¬Wolverhampton¬West Midlands¬WV1 4PW¬52.587787628173828¬-2.1412415504455566¬06A¬NHS Wolverhampton CCG¬01902422677¬wolccg.80tettenhallroadsurgery@nhs.net¬http://www.westparksurgery.nhs.net¬01902 713838
17429¬M92043¬GP¬UNKNOWN¬Visible¬True¬True¬Penn Surgery¬2A Coalway Road¬Penn¬¬Wolverhampton¬West Midlands¬WV3 7LR¬52.568572998046875¬-2.1449861526489258¬06A¬NHS Wolverhampton CCG¬01902333408¬¬www.pennsurgery.co.uk¬01902 349737
17430¬M92044¬GP¬UNKNOWN¬Visible¬True¬True¬Warstones Surgery¬Warstones Health Centre¬Pinfold Grove¬Penn¬Wolverhampton¬West Midlands¬WV4 4PS¬52.569267272949219¬-2.1678426265716553¬06A¬NHS Wolverhampton CCG¬01902575012¬¬¬01902 575037
17431¬M92607002¬GP¬UNKNOWN¬Visible¬True¬True¬Ednam Road Surgery¬14 Ednam Road¬Goldthorn Park¬¬Wolverhampton¬West Midlands¬WV4 5BL¬52.566745758056641¬-2.1300206184387207¬06A¬NHS Wolverhampton CCG¬01902340200¬¬http://www.drvijandpartners.nhs.uk/¬01902 349715
17432¬M92607¬GP¬UNKNOWN¬Visible¬True¬True¬Whitmore Reans Medical Practice¬Whitmore Reans Health Ctr¬Lowe Street¬Whitmore Reans¬Wolverhampton¬West Midlands¬WV6 0QL¬52.595733642578125¬-2.1425073146820068¬06A¬NHS Wolverhampton CCG¬01902421679¬wolccg.whitmorereanshealthpractice@nhs.net¬http://www.drvijandpartners.nhs.uk¬01902 445407
17433¬M92607001¬GP¬UNKNOWN¬Visible¬True¬True¬Dr Vij & Partners, Pendeford Branch Surgery¬Dr S Vij & Partners¬Whitburn Close¬¬Wolverhampton¬West Midlands¬WV9 5NJ¬52.623561859130859¬-2.1446068286895752¬06A¬NHS Wolverhampton CCG¬01902789080¬¬¬
17434¬M92609001¬GP¬UNKNOWN¬Visible¬True¬True¬Dr Archana Nandanavanam Pendeford Branch Surgery¬Pendeford Health Centre¬Whitburn Close¬Pendeford¬Wolverhampton¬West Midlands¬WV9 5NJ¬52.623561859130859¬-2.1446068286895752¬06A¬NHS Wolverhampton CCG¬01902 780238¬m92609wolverhampton@nhs.net¬http://www.ashfieldroadsurgery.co.uk¬01902 382930
17435¬M92609¬GP¬UNKNOWN¬Visible¬True¬True¬Ashfield Road Surgery¬39 Ashfield Road¬Fordhouses¬¬Wolverhampton¬West Midlands¬WV10 6QX¬52.626049041748047¬-2.1328260898590088¬06A¬NHS Wolverhampton CCG¬01902783372¬m92609wolverhampton@nhs.net¬http://www.ashfieldroadsurgery.co.uk¬01902 784671
17438¬M92612¬GP¬UNKNOWN¬Visible¬True¬True¬Grove Medical Centre¬175 Steelhouse Lane¬¬¬Wolverhampton¬West Midlands¬WV2 2AU¬52.576362609863281¬-2.1150565147399902¬06A¬NHS Wolverhampton CCG¬01902455771¬¬¬01902 457594
17440¬M92627¬GP¬UNKNOWN¬Visible¬True¬True¬Bilston Family Practice¬Bilston Family Practice (formerly Dr Sharma's Practice)¬Bilston Health Centre¬Prouds Lane¬Bilston¬West Midlands¬WV14 6PW¬52.568580627441406¬-2.0766468048095703¬06A¬NHS Wolverhampton CCG¬01902405200¬¬http://www.bilstonfamilypractice.co.uk¬01902 444410
17441¬M92629001¬GP¬UNKNOWN¬Visible¬True¬True¬Dr Kharwadkar Branch Surgery¬Pendeford Health Centre¬Whitburn Close¬Pendeford¬Wolverhampton¬West Midlands¬WV9 5NJ¬52.623561859130859¬-2.1446068286895752¬06A¬NHS Wolverhampton CCG¬01902398008¬¬www.pendefordsurgery.co.uk¬01902 680078
17442¬M92629¬GP¬UNKNOWN¬Visible¬True¬True¬Drs Kharwadkar & Maji¬68 Marsh Lane¬Fordhouses¬¬Wolverhampton¬West Midlands¬WV10 6RU¬52.621940612792969¬-2.1321785449981689¬06A¬NHS Wolverhampton CCG¬01902398111¬mail@fordhousesmedicalcentre.co.uk¬www.fordhousesmedicalcentre.co.uk¬01902 680078
17443¬M92630¬GP¬UNKNOWN¬Visible¬True¬True¬East Park Medical Practice¬East Park Medical Centre¬Jonesfield Crescent¬East Park¬Wolverhampton¬West Midlands¬WV1 2LW¬52.586044311523438¬-2.0971710681915283¬06A¬NHS Wolverhampton CCG¬01902 455422¬wolccg.eastparkmedicalpractice@nhs.net¬http://www.eastparkmedical.nhs.uk¬
17446¬M92640¬GP¬UNKNOWN¬Visible¬True¬True¬Tettenhall Road Medical Practice¬199 Tettenhall Road¬¬¬Wolverhampton¬West Midlands¬WV6 0DD¬52.59228515625¬-2.1536264419555664¬06A¬NHS Wolverhampton CCG¬01902575123¬¬¬01902 575125
17450¬M92015¬GP¬UNKNOWN¬Visible¬True¬True¬I.H Medical (Bilston Health Centre)¬Prouds Lane¬¬¬Bilston¬West Midlands¬WV14 6PW¬52.568580627441406¬-2.0766468048095703¬06A¬NHS Wolverhampton CCG¬01902 491410¬¬https://www.ihmedical.co.uk¬
17453¬M92654001¬GP¬UNKNOWN¬Visible¬True¬True¬MGS Medical Pracice¬Bradley Health Centre¬Wallace Road¬Bradley¬Bilston¬West Midlands¬WV14 8BW¬52.551914215087891¬-2.0593328475952148¬06A¬NHS Wolverhampton CCG¬01902444004¬¬¬01902 4445335
17454¬M92654¬GP¬UNKNOWN¬Visible¬True¬True¬MGS Medical Practice¬main site¬LOW HILL MEDICAL CENTRE¬191 FIRST AVENUE¬Wolverhampton¬West Midlands¬WV10 9SX¬52.609149932861328¬-2.1145076751708984¬06A¬NHS Wolverhampton CCG¬01902728861¬¬¬01902 822883
17484¬N81001¬GP¬UNKNOWN¬Visible¬True¬True¬Audlem Medical Practice¬16 Cheshire Street¬Audlem¬¬Crewe¬Cheshire¬CW3 0AH¬52.989620208740234¬-2.5087020397186279¬27D¬NHS Cheshire CCG¬01270811440¬¬http://www.audlemmedicalpractice.nhs.uk¬
17485¬N81002¬GP¬UNKNOWN¬Visible¬True¬True¬Kenmore Medical Centre¬60-62 Alderley Road¬¬¬Wilmslow¬Cheshire¬SK9 1PA¬53.323066711425781¬-2.2352097034454346¬27D¬NHS Cheshire CCG¬01625532244¬¬http://www.KenmoreMedicalCentre.co.uk¬01625 417900
17486¬N81005¬GP¬UNKNOWN¬Visible¬True¬True¬Helsby Health Centre¬Lower Robin Hood Lane¬¬¬Helsby¬Cheshire¬WA6 0BW¬53.270473480224609¬-2.7705070972442627¬27D¬NHS Cheshire CCG¬01928723676¬¬¬01928 725677
17487¬N81005001¬GP¬UNKNOWN¬Visible¬True¬True¬Dr Brook And Partners¬School Lane¬Elton¬¬Chester¬Cheshire¬CH2 4PU¬53.270561218261719¬-2.8192863464355469¬27D¬NHS Cheshire CCG¬01928723676¬¬https://www.helsbyandeltonpractice.co.uk¬01928 726117
17488¬N81006¬GP¬UNKNOWN¬Visible¬True¬False¬Bunbury Medical Practice¬Vicarage Lane¬Bunbury¬¬Tarporley¬Cheshire¬CW6 9PE¬53.116813659667969¬-2.6493630409240723¬27D¬NHS Cheshire CCG¬01829260218¬bunbury.medicalcentre@nhs.net¬https://bunburymedicalcentre.gpsurgery.net/¬01829 260411
17489¬N81007¬GP¬UNKNOWN¬Visible¬True¬True¬Holes Lane Medical Centre¬28 Holes Lane¬Woolston¬¬Warrington¬Cheshire¬WA1 4NE¬53.400936126708984¬-2.5452232360839844¬02E¬NHS Warrington CCG¬01925599855¬¬¬01925 244767
17490¬N81007001¬GP¬UNKNOWN¬Visible¬True¬True¬Manchester Road Surgery¬1 Manchester Road¬¬¬Warrington¬Cheshire¬WA1 3AD¬53.392177581787109¬-2.5804972648620605¬02E¬NHS Warrington CCG¬01925599855¬¬http://www.holeslanesurgery.co.uk¬01925 244767
17491¬N81008¬GP¬UNKNOWN¬Visible¬True¬True¬The Cedars Medical Centre¬Alsager Health Centre¬Sandbach Road¬Alsager¬Stoke On Trent¬Staffordshire¬ST7 2LU¬53.093288421630859¬-2.3007323741912842¬27D¬NHS Cheshire CCG¬01270275606¬¬http://www.cedarsmedicalcentre.nhs.uk¬01270 872564
17492¬N81009¬GP¬UNKNOWN¬Visible¬True¬True¬Heath Lane Medical Centre¬Heath Lane¬Great Boughton¬¬Chester¬Cheshire¬CH3 5UJ¬53.18896484375¬-2.863825798034668¬27D¬NHS Cheshire CCG¬01244 563105¬heathlanemedicalcentre@nhs.net¬http://www.heathlanemedicalcentre.co.uk¬01244 351057
17493¬N81010¬GP¬UNKNOWN¬Visible¬True¬True¬Dr Lalit Gurnani¬Church View Primary Care Centre¬Off Beam Street¬¬Nantwich¬Cheshire¬CW5 5NX¬53.068141937255859¬-2.5184922218322754¬27D¬NHS Cheshire CCG¬01270610181¬¬http://www.nantwichhealthcentre.nhs.uk¬01270 610511
17494¬N81011¬GP¬UNKNOWN¬Visible¬True¬True¬Bevan Group Practice¬Beaconsfield Primary Care Centre¬Bevan Way¬¬Widnes¬Cheshire¬WA8 6TR¬53.379730224609375¬-2.7245385646820068¬01F¬NHS Halton CCG¬01514243986¬¬http://www.beaconsfield-surgery.co.uk¬0151 424 1009
17495¬N81012¬GP¬UNKNOWN¬Visible¬True¬True¬Guardian Street Med/Ctr¬Guardian Medical Centre¬Guardian Street¬¬Warrington¬Cheshire¬WA5 1UD¬53.39190673828125¬-2.6062822341918945¬02E¬NHS Warrington CCG¬01925650226¬¬http://www.guardianmedicalcentre.co.uk¬01925 240633
17496¬N81013¬GP¬UNKNOWN¬Visible¬True¬True¬High Street Surgery¬Waters Green Medical Centre¬¬¬Macclesfield¬Cheshire¬SK11 6JL¬53.257949829101562¬-2.1226077079772949¬27D¬NHS Cheshire CCG¬01625423692¬¬https://macclesfieldprimarycarenetwork.co.uk¬
17497¬N81014¬GP¬UNKNOWN¬Visible¬True¬True¬Brookfield Surgery¬Whitbarrow Road¬¬¬Lymm¬Cheshire¬WA13 9DB¬53.382308959960937¬-2.4812157154083252¬02E¬NHS Warrington CCG¬01925 756969¬¬http://www.brookfieldsurgery.co.uk¬
17499¬N81016¬GP¬UNKNOWN¬Visible¬True¬True¬Millcroft Medical Centre¬Eagle Bridge Health & Wellbeing Centre¬Dunwoody Way¬¬Crewe¬Cheshire¬CW1 3AW¬53.09881591796875¬-2.4539549350738525¬27D¬NHS Cheshire CCG¬01270275200¬¬www.millcroftmedicalcentre.nhs.uk¬
17501¬N81018¬GP¬UNKNOWN¬Visible¬True¬True¬Dr Campbell and Partners - Tarporley Healthcentre¬Tarporley Healthcentre¬Park Road¬¬Tarporley¬Cheshire¬CW6 0BE¬53.158985137939453¬-2.665508508682251¬27D¬NHS Cheshire CCG¬01829733456¬¬https://tarporleygps.gpsurgery.net/¬01829 730124
17502¬N81018002¬GP¬UNKNOWN¬Visible¬True¬True¬Dr Campbell and Partners¬Tarvin Health Centre¬Hallfields¬Tarvin¬Chester¬Cheshire¬CH3 8ET¬53.193313598632812¬-2.7628211975097656¬27D¬NHS Cheshire CCG¬01829741410¬¬http://www.tarporleygps.gpsurgery.net¬
17503¬N81018003¬GP¬UNKNOWN¬Visible¬True¬True¬Dr Campbell and Partners¬Waverton Village Hall¬Common Lane¬Waverton¬Chester¬Cheshire¬CH3 7QT¬53.169731140136719¬-2.8165411949157715¬27D¬NHS Cheshire CCG¬01244335071¬¬http://www.tarporleygps.gpsurgery.net¬
17504¬N81019¬GP¬UNKNOWN¬Visible¬True¬True¬Castlefields Health Centre¬The Village Square¬Castlefields¬¬Runcorn¬Cheshire¬WA7 2ST¬53.338920593261719¬-2.691650390625¬01F¬NHS Halton CCG¬01928566671¬castlefields.healthcentre@nhs.net¬¬01928 581631
17505¬N81020¬GP¬UNKNOWN¬Visible¬True¬True¬Penketh Health Centre¬Honiton Way¬Penketh¬¬Warrington¬Cheshire¬WA5 2EY¬53.386566162109375¬-2.6560182571411133¬02E¬NHS Warrington CCG¬01925725644¬warr-pct.penkethenquiries@nhs.net¬http://www.penkethhealthcentre.co.uk/¬01925 791017
17506¬N81022001¬GP¬UNKNOWN¬Visible¬True¬True¬McIlvride Medical Practice¬The Chestnuts¬5 Chester Road¬Poynton¬Stockport¬Cheshire¬SK12 1EU¬53.349262237548828¬-2.1255438327789307¬27D¬NHS Cheshire CCG¬01625872134¬mcilvride.recep@nhs.net¬http://www.mcilvride.co.uk¬01625 859748
17507¬N81022¬GP¬UNKNOWN¬Visible¬True¬True¬Middlewood Partnership¬Wellington Road¬Bollington¬¬Macclesfield¬Cheshire¬SK10 5JH¬53.296310424804688¬-2.1075193881988525¬27D¬NHS Cheshire CCG¬01625462593¬¬http://www.bollingtonmedicalcentre.co.uk¬01625 562689
17509¬N81024¬GP¬UNKNOWN¬Visible¬True¬True¬Swanlow Medical Centre¬Dene Drive Primary Care Centre¬¬¬Winsford¬Cheshire¬CW7 1AT¬53.190902709960937¬-2.5312576293945312¬27D¬NHS Cheshire CCG¬01606544644¬¬http://www.swanlowmedicalcentre.co.uk¬01606 862997
17510¬N81025¬GP¬UNKNOWN¬Visible¬True¬True¬Firdale Medical Centre¬Firdale Road¬¬¬Northwich¬Cheshire¬CW8 4AZ¬53.257114410400391¬-2.5283939838409424¬27D¬NHS Cheshire CCG¬01606544300¬¬http://www.firdalemedicalcentre.co.uk¬01606 786709
17512¬N81027¬GP¬UNKNOWN¬Visible¬True¬True¬Readesmoor Medical Group Practice¬Readesmoor Medical Centre¬29-31 West Street¬¬Congleton¬Cheshire¬CW12 1JP¬53.163764953613281¬-2.2167773246765137¬27D¬NHS Cheshire CCG¬01260276161¬¬http://www.readesmoor.co.uk/¬01260 297340
17513¬N81028¬GP¬UNKNOWN¬Visible¬True¬True¬Causeway Medical Centre¬166-170 Wilderspool Causeway¬¬¬Warrington¬Cheshire¬WA4 6QA¬53.380527496337891¬-2.5895240306854248¬02E¬NHS Warrington CCG¬01925630282¬¬www.causewaymedicalcentre.co.uk¬01925 655113
17514¬N81028001¬GP¬UNKNOWN¬Visible¬True¬True¬Great Sankey Health Centre¬Hood Manor Centre¬Great Sankey¬¬Warrington¬Cheshire¬WA5 1UH¬53.392417907714844¬-2.6282072067260742¬02E¬NHS Warrington CCG¬01925630282 (ext. 630282)¬¬http://www.causewaymedicalcentre.co.uk/¬01925 444411
17515¬N81029¬GP¬UNKNOWN¬Visible¬True¬True¬South Park Surgery¬Sunderland Street¬¬¬Macclesfield¬Cheshire¬SK11 6JL¬53.257949829101562¬-2.1226077079772949¬27D¬NHS Cheshire CCG¬01625422249¬¬http://www.southparksurgery.com¬01625 502169
17516¬N81030001¬GP¬UNKNOWN¬Visible¬True¬True¬Brookside Surgery¬Brookside¬Kingsley¬¬Frodsham¬Cheshire¬WA6 8AR¬53.267131805419922¬-2.6735444068908691¬27D¬NHS Cheshire CCG¬01928733249¬knoll.surgery@nhs.net¬http://www.theknollsurgery.co.uk/¬01928 734527
17517¬N81030¬GP¬UNKNOWN¬Visible¬True¬True¬The Knoll Surgery¬Princeway¬¬¬Frodsham¬Cheshire¬WA6 6RX¬53.293056488037109¬-2.7268061637878418¬27D¬NHS Cheshire CCG¬01928733249¬¬http://www.theknollsurgery.co.uk¬01928 734527
17519¬N81031¬GP¬UNKNOWN¬Visible¬True¬True¬Drs Adey & Dancy - Tarporley Health Centre¬Tarporley Health Centre¬Park Road¬¬Tarporley¬Cheshire¬CW6 0BE¬53.158985137939453¬-2.665508508682251¬27D¬NHS Cheshire CCG¬01829 732401¬cheshirecccg.tarporleydoctors@nhs.net¬https://tarporleydoctors.gpsurgery.net/¬
17521¬N81032¬GP¬UNKNOWN¬Visible¬True¬True¬Ashfields Primary Care Centre¬Middlewich Road¬¬¬Sandbach¬Cheshire¬CW11 1EQ¬53.144645690917969¬-2.3673815727233887¬27D¬NHS Cheshire CCG¬01270275050¬¬http://www.sandbachgps.nhs.uk¬01270 275055
17522¬N81033¬GP¬UNKNOWN¬Visible¬True¬True¬Alderley Edge Medical Centre¬Alderley Edge Medical Centre¬Talbot Road¬¬Alderley Edge¬Cheshire¬SK9 7EP¬53.303413391113281¬-2.2328405380249023¬27D¬NHS Cheshire CCG¬01625 584545¬¬http://www.alderleyedgegp.co.uk¬01625 586099
17523¬N81033001¬GP¬UNKNOWN¬Visible¬True¬True¬Hope Cottage Surgery¬5 Macclesfield Road¬Prestbury¬¬Macclesfield¬Cheshire¬SK10 4BW¬53.286483764648437¬-2.1506643295288086¬27D¬NHS Cheshire CCG¬01625827319¬¬¬
17524¬N81034¬GP¬UNKNOWN¬Visible¬True¬True¬Boughton Medical Group¬Boughton Health Centre¬Hoole Lane¬¬Chester¬Cheshire¬CH2 3DP¬53.192852020263672¬-2.8759081363677979¬27D¬NHS Cheshire CCG¬01244325421¬¬http://www.boughtonhealthcentre.co.uk¬01244 322224
17525¬N81035¬GP¬UNKNOWN¬Visible¬True¬True¬Appleton Village Surgery¬2-6 Appleton Village¬¬¬Widnes¬Cheshire¬WA8 6DZ¬53.371395111083984¬-2.7295372486114502¬01F¬NHS Halton CCG¬0151 423 2990¬hccg.appletonvillagemc@nhs.net¬http://appletonvillagesurgery.co.uk¬0151 424 1032
17526¬N81036¬GP¬UNKNOWN¬Visible¬True¬True¬Springfields Medical Centre¬Bath Street Health & Wellbeing Centre¬¬Legh Street¬Warrington¬Cheshire¬WA1 1UG¬53.389244079589844¬-2.597508430480957¬02E¬NHS Warrington CCG¬01925843880¬warccg.springfieldsmc@nhs.net¬http://www.springfieldsmedicalcentre.co.uk¬01925 843879
17527¬N81037¬GP¬UNKNOWN¬Visible¬True¬True¬The Beeches Medical Centre¬20 Ditchfield Road¬¬¬Widnes¬Cheshire¬WA8 8QS¬53.36383056640625¬-2.766089916229248¬01F¬NHS Halton CCG¬01514243101¬¬www.thebeechesmedicalcentrewidnes.nhs.uk¬0151 495 2925
17528¬N81038¬GP¬UNKNOWN¬Visible¬True¬True¬Laurel Bank Surgery¬Old Hall Street¬¬¬Malpas¬Cheshire¬SY14 8PS¬53.017559051513672¬-2.7626233100891113¬27D¬NHS Cheshire CCG¬01948860205¬¬http://www.malpassurgery.co.uk¬01948 860142
17529¬N81039¬GP¬UNKNOWN¬Visible¬True¬True¬Middlewich Medical Centre¬St. Anns Walk¬¬¬Middlewich¬Cheshire¬CW10 9BE¬53.190460205078125¬-2.4463021755218506¬27D¬NHS Cheshire CCG¬01606836481¬¬https://www.oaklandsmiddlewich.nhs.uk/¬01606 834828
17530¬N81040¬GP¬UNKNOWN¬Visible¬True¬True¬High Street Practice Winsford¬Dene Drive Primary Care Centre¬Dene¬¬Winsford¬Cheshire¬CW7 1AT¬53.190902709960937¬-2.5312576293945312¬27D¬NHS Cheshire CCG¬01606544130¬¬http://www.highstreetmedicalpractice.co.uk/¬01606 550876
17531¬N81041¬GP¬UNKNOWN¬Visible¬True¬True¬Helsby Street Medical Centre¬2 Helsby Street¬¬¬Warrington¬Cheshire¬WA1 3AW¬53.394985198974609¬-2.5763096809387207¬02E¬NHS Warrington CCG¬01925 303 100¬¬http://www.helsbystreetmc.nhs.uk¬
17532¬N81042¬GP¬UNKNOWN¬Visible¬True¬True¬Knutsford Medical Partnership¬27-31 Manchester Road¬¬¬Knutsford¬Cheshire¬WA16 0LY¬53.306045532226563¬-2.3776354789733887¬27D¬NHS Cheshire CCG¬01565743100¬prescriptions.mrmc@nhs.net¬http://www.manchesterroadmedicalcentre.co.uk/¬01565 750135
17533¬N81043¬GP¬UNKNOWN¬Visible¬True¬True¬Haslington Surgery¬Crewe Road¬Haslington¬¬Crewe¬Cheshire¬CW1 5QY¬53.097686767578125¬-2.3949229717254639¬27D¬NHS Cheshire CCG¬01270275900¬¬http://www.haslingtonsurgery.nhs.uk/¬
17534¬N81044¬GP¬UNKNOWN¬Visible¬True¬True¬Hungerford Medical Centre¬School Crescent¬¬¬Crewe¬Cheshire¬CW1 5HA¬53.098178863525391¬-2.4284837245941162¬27D¬NHS Cheshire CCG¬01270275949¬¬http://www.hungerfordmedicalcentre.nhs.uk/¬01270 216330
17535¬N81045¬GP¬UNKNOWN¬Visible¬True¬True¬Peelhouse Medical Plaza¬Peelhouse Lane¬¬¬Widnes¬Cheshire¬WA8 6TN¬53.372138977050781¬-2.722545862197876¬01F¬NHS Halton CCG¬01514246221¬¬www.peelhouse-medical-plaza.nhs.uk/¬01514205436
17536¬N81046¬GP¬UNKNOWN¬Visible¬True¬True¬Park Medical Centre¬Shavington Avenue¬Hoole¬¬Chester¬Cheshire¬CH2 3RD¬53.202671051025391¬-2.8730840682983398¬27D¬NHS Cheshire CCG¬01244324136¬¬http://parkmedicalchester.co.uk/¬
17537¬N81047¬GP¬UNKNOWN¬Visible¬True¬True¬The Kiltearn Medical Ctr.¬Church View Primary Care Centre¬Off Beam Street¬¬Nantwich¬Cheshire¬CW5 5NX¬53.068141937255859¬-2.5184922218322754¬27D¬NHS Cheshire CCG¬01270610200¬kiltearn.reception@nhs.net¬http://www.kiltearnmedicalcentre.nhs.uk¬01270 610637
17538¬N81048001¬GP¬UNKNOWN¬Visible¬True¬True¬Longford Street Surgery¬Longford Street¬¬¬Warrington¬Cheshire¬WA2 7QZ¬53.39971923828125¬-2.5911881923675537¬02E¬NHS Warrington CCG¬01925255600¬¬¬01925 634954
17539¬N81048¬GP¬UNKNOWN¬Visible¬True¬True¬Fearnhead Cross Medical Centre¬25 Fearnhead Cross¬Fearnhead¬¬Warrington¬Cheshire¬WA2 0HD¬53.411075592041016¬-2.5590915679931641¬02E¬NHS Warrington CCG¬01925847000¬warccg.fearnheadcrossmc@nhs.net¬http://www.fearnheadcrosssurgery.co.uk/¬01925 818650
17540¬N81049¬GP¬UNKNOWN¬Visible¬True¬True¬Knutsford Medical Partnership ¬¬Annandale Medical Centre¬Mobberley Road¬Knutsford¬Cheshire¬WA16 8HR¬53.310302734375¬-2.3546805381774902¬27D¬NHS Cheshire CCG¬01565755222¬annandale.mc@nhs.net¬http://www.annandalemedicalcentre.co.uk/¬01565 652049
17541¬N81049002¬GP¬UNKNOWN¬Visible¬True¬True¬Dr Mallon T J and Partners¬99 Town Lane¬Mobberley¬¬Knutsford¬Cheshire¬WA16 7HH¬53.313388824462891¬-2.3287999629974365¬27D¬NHS Cheshire CCG¬01565872911¬¬http://www.annandalemedicalcentre.co.uk/¬01565 652049
17542¬N81050¬GP¬UNKNOWN¬Visible¬True¬True¬Great Sutton Medical Centre¬Old Chester Road¬Great Sutton¬¬Ellesmere Port¬Cheshire¬CH66 3SP¬53.276996612548828¬-2.9374663829803467¬27D¬NHS Cheshire CCG¬01513393126¬¬¬0151 339 9225
17543¬N81051¬GP¬UNKNOWN¬Visible¬True¬True¬The Weaverham Surgery¬Northwich Road¬Weaverham¬¬Northwich¬Cheshire¬CW8 3EU¬53.262294769287109¬-2.5774919986724854¬27D¬NHS Cheshire CCG¬01606544342¬¬http://www.weaverhamsurgery.nhs.uk¬01606 544360
17544¬N81052¬GP¬UNKNOWN¬Visible¬True¬True¬Lawton House Surgery¬Bromley Road¬¬¬Congleton¬Cheshire¬CW12 1QG¬53.163047790527344¬-2.2057805061340332¬27D¬NHS Cheshire CCG¬01260275454¬¬http://www.lawtonhousesurgery.nhs.uk¬01260 298412
17545¬N81053¬GP¬UNKNOWN¬Visible¬True¬True¬Earnswood Medical Centre¬Eagle Bridge Health & Well Being Centre¬Dunwoody Way¬¬Crewe¬Cheshire¬CW1 3AW¬53.09881591796875¬-2.4539549350738525¬27D¬NHS Cheshire CCG¬01270376666¬¬http://www.earnswood.nhs.uk¬01270 256273
17546¬N81054¬GP¬UNKNOWN¬Visible¬True¬True¬Weaver Vale Practice ¬Hallwood Health Centre¬Hospital Way¬¬Runcorn¬Cheshire¬WA7 2UT¬53.324798583984375¬-2.6966125965118408¬01F¬NHS Halton CCG¬01928711911¬¬http://www.mysurgerywebsite.co.uk/index.aspx?p=n81054¬01928 717368
17547¬N81055¬GP¬UNKNOWN¬Visible¬True¬True¬Watling Street Surgery¬2 Watling Street¬¬¬Northwich¬Cheshire¬CW9 5EX¬53.260238647460937¬-2.5140678882598877¬27D¬NHS Cheshire CCG¬0160642452¬vrccg.receptionwatlingmp@nhs.net¬http://watlingmedicalpractice.nhs.uk¬01606 350440
17548¬N81056¬GP¬UNKNOWN¬Visible¬True¬True¬Folly Lane Medical Centre¬Folly Lane¬Bewsey¬¬Warrington¬Cheshire¬WA5 0LU¬53.398113250732422¬-2.606881856918335¬02E¬NHS Warrington CCG¬01925417247¬¬http://www.follylane.gpsurgery.net/¬01925 444319
17549¬N81057¬GP¬UNKNOWN¬Visible¬True¬True¬Tower House Practice¬St Pauls Health Centre¬High Street¬¬Runcorn¬Cheshire¬WA7 1AB¬53.341175079345703¬-2.7324457168579102¬01F¬NHS Halton CCG¬01928567404¬¬http://towerhousepractice.co.uk¬01928 842592
17550¬N81059¬GP¬UNKNOWN¬Visible¬True¬True¬Culcheth Medical Centre¬Jackson Avenue¬Culcheth¬¬Warrington¬Cheshire¬WA3 4DZ¬53.452201843261719¬-2.5221226215362549¬02E¬NHS Warrington CCG¬01925765101¬culcheth.mc@nhs.net¬http://www.mysurgerywebsite.co.uk/index.aspx?p=n81059¬01925 765102
17551¬N81060¬GP¬UNKNOWN¬Visible¬True¬True¬Neston Surgery¬Mellock Lane¬Little Neston¬¬Neston¬Merseyside¬CH64 4BN¬53.285243988037109¬-3.0532073974609375¬27D¬NHS Cheshire CCG¬01513363951¬¬http://www.nestonsurgery.co.uk¬0151 353 0173
17552¬N81061¬GP¬UNKNOWN¬Visible¬True¬True¬Witton Street Surgery¬162 Witton Street¬¬¬Northwich¬Cheshire¬CW9 5QU¬53.262386322021484¬-2.5042591094970703¬27D¬NHS Cheshire CCG¬01606544850¬¬http://www.wittonstreetsurgery.co.uk¬01606 350659
17554¬N81062¬GP¬UNKNOWN¬Visible¬True¬True¬Cumberland House Surgery¬Cumberland House¬Waters Green Medical Centre¬Sunderland Street¬Macclesfield¬Cheshire¬SK11 6JL¬53.257949829101562¬-2.1226077079772949¬27D¬NHS Cheshire CCG¬01625428081¬¬¬01625 503128
17555¬N81063¬GP¬UNKNOWN¬Visible¬True¬True¬York Road Group Practice¬York Road¬¬¬Ellesmere Port¬Cheshire¬CH65 0DB¬53.278865814208984¬-2.8992929458618164¬27D¬NHS Cheshire CCG¬01513552112¬¬http://www.yorkroadgrouppractice.co.uk/¬0151 356 5512
17556¬N81064¬GP¬UNKNOWN¬Visible¬True¬True¬Newtown Surgery¬Health Care Resource Centre¬Oaks Place¬Caldwell Road¬Widnes¬Cheshire¬WA8 7GD¬53.362163543701172¬-2.7356908321380615¬01F¬NHS Halton CCG¬01514955110¬¬http://www.newtownsurgerywidnes.nhs.uk/¬
17557¬N81065¬GP¬UNKNOWN¬Visible¬True¬True¬Latchford Medical Centre¬5 Thelwall Lane¬Latchford¬¬Warrington¬Cheshire¬WA4 1LJ¬53.381004333496094¬-2.5616438388824463¬02E¬NHS Warrington CCG¬01925637508¬warccg.latchfordmc@nhs.net¬http://www.latchfordmedicalcentre.co.uk/¬
17558¬N81066¬GP¬UNKNOWN¬Visible¬True¬True¬Grove House Practice¬St Pauls Health Centre¬High Street¬¬Runcorn¬Cheshire¬WA7 1AB¬53.341175079345703¬-2.7324457168579102¬01F¬NHS Halton CCG¬01928566561¬¬http://www.grovehouse.co.uk¬01928 842529
17559¬N81067¬GP¬UNKNOWN¬Visible¬True¬True¬Oakwood Medical Centre¬Broadway¬Barnton¬¬Northwich¬Cheshire¬CW8 4LF¬53.271675109863281¬-2.5441646575927734¬27D¬NHS Cheshire CCG¬01606544241¬¬http://www.oakwoodmedicalcentrebarnton.nhs.uk/¬01606 784529
17560¬N81068001¬GP¬UNKNOWN¬Visible¬True¬True¬Gresty Brook Surgery¬Brookhouse Drive¬¬¬Crewe¬Cheshire¬CW2 6NA¬53.081123352050781¬-2.4450953006744385¬27D¬NHS Cheshire CCG¬01270650012¬¬http://www.grosvenormedicalcentre.org.uk¬
17561¬N81068¬GP¬UNKNOWN¬Visible¬True¬True¬Grosvenor Medical Centre¬Grosvenor Street¬¬¬Crewe¬Cheshire¬CW1 3HB¬53.102348327636719¬-2.4538428783416748¬27D¬NHS Cheshire CCG¬01270256340¬¬http://www.grosvenormedicalcentre.org.uk¬01270 250786
17562¬N81069¬GP¬UNKNOWN¬Visible¬True¬True¬Chelford Surgery¬Elmstead Road¬Chelford¬¬Macclesfield¬Cheshire¬SK11 9BS¬53.272537231445312¬-2.2824063301086426¬27D¬NHS Cheshire CCG¬01625861316¬¬http://www.chelfordsurgery.co.uk/¬01625 860075
17563¬N81070¬GP¬UNKNOWN¬Visible¬True¬True¬Handforth Health Centre¬Wilmslow Road¬Handforth¬¬Wilmslow¬Cheshire¬SK9 3HL¬53.347652435302734¬-2.2144806385040283¬27D¬NHS Cheshire CCG¬01625529421¬¬http://www.handforthhealthcentre.nhs.uk¬01625 536560
17564¬N81071¬GP¬UNKNOWN¬Visible¬True¬False¬Greenmoss Medical Centre¬Portland Drive¬Scholar Green¬¬Stoke On Trent¬Staffordshire¬ST7 3BT¬53.107517242431641¬-2.2501633167266846¬27D¬NHS Cheshire CCG¬01270376800¬¬http://www.greenmossmedicalcentre.nhs.uk¬01782 782403
17565¬N81071001¬GP¬UNKNOWN¬Visible¬True¬False¬Rode Heath Surgery¬130 Heath Avenue¬Rode Heath¬¬Stoke On Trent¬Staffordshire¬ST7 3TH¬53.115299224853516¬-2.2921757698059082¬27D¬NHS Cheshire CCG¬01270 376790¬¬http://www.greenmossmedicalcentre.nhs.uk¬
17566¬N81072¬GP¬UNKNOWN¬Visible¬True¬True¬Murdishaw Health Centre¬Murdishaw Health Centre¬Gorsewood Road¬Murdishaw¬Runcorn¬Cheshire¬WA7 6ES¬53.323986053466797¬-2.6621139049530029¬01F¬NHS Halton CCG¬01928 712061¬hccg.murdishawhealthcentre@nhs.net¬https://www.murdishawhealthcentre.co.uk¬01928 791988
17567¬N81022002¬GP¬UNKNOWN¬Visible¬True¬True¬Priorslegh Medical Centre¬Civic Centre¬Off Park Lane¬¬Stockport¬Cheshire¬SK12 1GP¬53.349349975585938¬-2.1181943416595459¬27D¬NHS Cheshire CCG¬01625872299¬priorslegh@nhs.net¬http://www.priorslegh.co.uk¬01625 859948
17568¬N81074¬GP¬UNKNOWN¬Visible¬True¬True¬Launceston Close Surgery¬9-10 Launceston Close¬¬¬Winsford¬Cheshire¬CW7 1LY¬53.18310546875¬-2.5424737930297852¬27D¬NHS Cheshire CCG¬01606544744¬¬www.launcestonclosesurgery.nhs.uk¬01606 592778
17569¬N81075¬GP¬UNKNOWN¬Visible¬True¬True¬Stockton Heath Med.Centre¬The Forge¬London Road¬¬Warrington¬Cheshire¬WA4 6HJ¬53.371955871582031¬-2.5821459293365479¬02E¬NHS Warrington CCG¬01925604427¬¬¬01925 210501
17570¬N81077¬GP¬UNKNOWN¬Visible¬True¬False¬The Health Centre - Holmes Chapel¬London Road¬¬¬Holmes Chapel¬Cheshire¬CW4 7BB¬53.200214385986328¬-2.3558361530303955¬27D¬NHS Cheshire CCG¬01477533100¬¬www.holmeschapelhealthcentre.co.uk¬01477 532563
17571¬N81079001¬GP¬UNKNOWN¬Visible¬True¬True¬The Elms Medical Practice (Blacon Clinic)¬Blacon Clinic, Holy Trinity Church¬Church Way¬Blacon¬Chester¬Cheshire¬CH1 5DZ¬53.2093505859375¬-2.9273788928985596¬27D¬NHS Cheshire CCG¬01244390103¬¬http://www.elmsmedicalcentre.co.uk¬01244 313497
17572¬N81079¬GP¬UNKNOWN¬Visible¬True¬True¬The Elms Medical Practice¬2Nd Floor Fountains Health¬Delamere Street¬¬Chester¬Cheshire¬CH1 4DS¬53.195098876953125¬-2.8929579257965088¬27D¬NHS Cheshire CCG¬01244351000¬¬http://www.elmsmedicalcentre.co.uk¬01244 313497
17573¬N81080¬GP¬UNKNOWN¬Visible¬True¬True¬Northgate Medical Centre¬Fountains Health¬1St Floor¬Delamere Street¬Chester¬Cheshire¬CH1 4DS¬53.195098876953125¬-2.8929579257965088¬27D¬NHS Cheshire CCG¬01244385553¬northgate.medicalcentre@nhs.net¬http://www.northgatemedicalcentre.nhs.uk¬
17574¬N81081¬GP¬UNKNOWN¬Visible¬True¬True¬Garden Lane Medical Ctr.¬Garden Lane Medical Centre¬19 Garden Lane¬¬Chester¬Cheshire¬CH1 4EN¬53.195278167724609¬-2.8963446617126465¬27D¬NHS Cheshire CCG¬01244346677¬¬http://www.gardenlanemedicalcentre.co.uk¬
17575¬N81082001¬GP¬UNKNOWN¬Visible¬True¬True¬City Walls and Saughall Medical Centre¬9 Church Road¬Saughall¬¬Chester¬Cheshire¬CH1 6EN¬53.224250793457031¬-2.9591846466064453¬27D¬NHS Cheshire CCG¬01244881590¬¬http://www.citywallsmedicalcentre.co.uk/¬01244 470809
17576¬N81082¬GP¬UNKNOWN¬Visible¬True¬True¬City Walls And Saughall Medical Centres¬St. Martin's Way¬¬¬Chester¬Cheshire¬CH1 2NR¬53.191532135009766¬-2.8959970474243164¬27D¬NHS Cheshire CCG¬01244357800¬¬http://www.citywallsmedicalcentre.co.uk¬01244 470809
17578¬N81083¬GP¬UNKNOWN¬Visible¬True¬True¬Park View Medical Practice¬Orford Jubilee Park¬Jubilee Way¬¬Warrington¬Cheshire¬WA2 8HE¬53.404598236083984¬-2.5882925987243652¬02E¬NHS Warrington CCG¬01925 303230¬warccg.parkview@nhs.net¬¬01925 843845
17579¬N81084¬GP¬UNKNOWN¬Visible¬True¬True¬Rope Green Medical Centre¬Rope Lane¬Shavington¬¬Crewe¬Cheshire¬CW2 5DA¬53.070751190185547¬-2.4599204063415527¬27D¬NHS Cheshire CCG¬01270275990¬¬¬01270 663 420
17580¬N81085¬GP¬UNKNOWN¬Visible¬True¬True¬Park Lane House Medical Centre¬Sunderland Street¬¬¬Macclesfield¬Cheshire¬SK11 6JL¬53.257949829101562¬-2.1226077079772949¬27D¬NHS Cheshire CCG¬01625422893¬¬www.parklanehousesurgery.co.uk¬01625 424810
17581¬N81086¬GP¬UNKNOWN¬Visible¬True¬True¬Wilmslow Health Centre¬Chapel Lane¬¬¬Wilmslow¬Cheshire¬SK9 5HX¬53.322380065917969¬-2.23811936378479¬27D¬NHS Cheshire CCG¬01625548555¬ecccg.whcadmin@nhs.net¬http://www.wilmslowhealthcentre.com¬01625 548 287
17582¬N81087001¬GP¬UNKNOWN¬Visible¬True¬True¬Sandiway Surgery¬1A Weaverham Road¬Sandiway¬¬Northwich¬Cheshire¬CW8 2NJ¬53.231895446777344¬-2.5956439971923828¬27D¬NHS Cheshire CCG¬01606 544544¬danebridge.surgery@nhs.net¬http://www.danebridge.org.uk¬
17583¬N81087¬GP¬UNKNOWN¬Visible¬True¬True¬Danebridge Medical Practice¬29 London Road¬¬¬Northwich¬Cheshire¬CW9 5HR¬53.258205413818359¬-2.5121695995330811¬27D¬NHS Cheshire CCG¬01606544544¬danebridge.surgery@nhs.net¬http://www.danebridge.org.uk¬
17584¬N81087002¬GP¬UNKNOWN¬Visible¬True¬True¬Kingsmead Medical Centre¬2 Kingsmead Square¬Regency Way¬¬Northwich¬Cheshire¬CW9 8UW¬53.243125915527344¬-2.5196318626403809¬27D¬NHS Cheshire CCG¬01606 544544¬danebridge.surgery@nhs.net¬http://www.danebridge.org.uk¬
17585¬N81088¬GP¬UNKNOWN¬Visible¬True¬True¬Park Green Surgery¬Sunderland Street¬¬¬Macclesfield¬Cheshire¬SK11 6JL¬53.257949829101562¬-2.1226077079772949¬27D¬NHS Cheshire CCG¬01625429555¬¬¬01625 502950
17586¬N81089¬GP¬UNKNOWN¬Visible¬True¬True¬Greenbank Surgery¬274 Manchester Road¬¬¬Warrington¬Cheshire¬WA1 3RB¬53.396598815917969¬-2.5712335109710693¬02E¬NHS Warrington CCG¬01925631132¬warccg.greenbankmc@nhs.net¬http://www.greenbanksurgery.com¬01925 624561
17587¬N81090¬GP¬UNKNOWN¬Visible¬True¬True¬Dr Keith Malone¬Beam Street¬¬¬Nantwich¬Cheshire¬CW5 5NX¬53.068141937255859¬-2.5184922218322754¬27D¬NHS Cheshire CCG¬01270610686¬¬¬01270 625770
17589¬N81092¬GP¬UNKNOWN¬Visible¬True¬True¬Hope Farm Medical Centre¬Hope Farm Road¬Great Sutton¬¬Ellesmere Port¬Cheshire¬CH66 2WW¬53.26519775390625¬-2.9234294891357422¬27D¬NHS Cheshire CCG¬01513573777¬hopefarm.medicalcentre@nhs.net¬http://www.hopefarmmedicalcentre.nhs.uk/¬0151 357 1444
17590¬N81093¬GP¬UNKNOWN¬Visible¬True¬True¬Whitby Group Practice Surgery (Red)¬114 Chester Road¬Whitby¬¬Ellesmere Port¬Merseyside¬CH65 6TG¬53.26751708984375¬-2.9106149673461914¬27D¬NHS Cheshire CCG¬01513556144¬¬¬0151 355 6843
17593¬N81096¬GP¬UNKNOWN¬Visible¬True¬True¬Brookvale Practice¬Hallwood Health Centre¬Hospital Way¬¬Runcorn¬Cheshire¬WA7 2UT¬53.324798583984375¬-2.6966125965118408¬01F¬NHS Halton CCG¬01928718182¬¬http://www.brookvalepractice.nhs.uk¬01928  719643
17594¬N81097¬GP¬UNKNOWN¬Visible¬True¬True¬Dallam Lane Medical Centre¬20 Dallam Lane¬¬¬Warrington¬Cheshire¬WA2 7NG¬53.392814636230469¬-2.5954983234405518¬02E¬NHS Warrington CCG¬01925572334¬warccg.dlmc@nhs.net¬¬01925 550431
17595¬N81100¬GP¬UNKNOWN¬Visible¬True¬True¬Upton Village Surgery¬Wealstone Lane¬Upton¬¬Chester¬Cheshire¬CH2 1HD¬53.213787078857422¬-2.8842868804931641¬27D¬NHS Cheshire CCG¬01244382238¬¬¬01244 381576
17596¬N81101¬GP¬UNKNOWN¬Visible¬True¬True¬The Handbridge Med.Ctr.¬Greenway Street¬¬¬Chester¬Cheshire¬CH4 7JS¬53.183662414550781¬-2.8894133567810059¬27D¬NHS Cheshire CCG¬01244680169¬¬¬01244 680162
17597¬N81102¬GP¬UNKNOWN¬Visible¬True¬True¬Fountains Medical Practice¬Fountains Health¬Delamere Street¬¬Chester¬Cheshire¬CH1 4DS¬53.195098876953125¬-2.8929579257965088¬27D¬NHS Cheshire CCG¬01244325721¬fountainsmedicalpractice@nhs.net¬http://www.fountainsmedicalpractice.co.uk¬01244 313836
17598¬Y04664¬GP¬UNKNOWN¬Visible¬True¬True¬The Willaston Surgery¬Neston Road¬Willaston¬¬Neston¬Merseyside¬CH64 2TN¬53.292915344238281¬-3.0116283893585205¬27D¬NHS Cheshire CCG¬01513274593¬wcccg.willastonsurgery@nhs.net¬https://willastonsurgery.nhs.uk/¬0151 327 8618
17599¬N81107¬GP¬UNKNOWN¬Visible¬True¬True¬Manchester Road Surgery¬280 Manchester Road¬¬¬Warrington¬Cheshire¬WA1 3RB¬53.396499633789063¬-2.5710475444793701¬02E¬NHS Warrington CCG¬01925230022¬manchesterroad.surgery@nhs.net¬¬
17600¬N81108001¬GP¬UNKNOWN¬Visible¬True¬True¬The Quays Grappenhal Surgery¬235 Thelwall New Road¬Grappenhall¬¬Warrington¬Cheshire¬WA4 2XT¬53.381359100341797¬-2.543292760848999¬02E¬NHS Warrington CCG¬01925499634¬¬¬
17601¬N81108¬GP¬UNKNOWN¬Visible¬True¬True¬The Lakeside Surgery¬Lakeside Road¬¬¬Lymm¬Cheshire¬WA13 0QE¬53.376876831054687¬-2.4841005802154541¬02E¬NHS Warrington CCG¬01925755050¬war-pct.lakesidemc@nhs.net¬www.lakesidesurgery.co.uk¬01925 755725
17602¬N81109001¬GP¬UNKNOWN¬Visible¬True¬True¬Woolston Surgery¬Woolston Leisure Centre¬Hall Road¬Woolston¬Warrington¬Cheshire¬WA1 4PN¬53.400173187255859¬-2.535576343536377¬02E¬NHS Warrington CCG¬01925813144¬¬http://www.padgatemedicalcentre.co.uk¬
17603¬N81109¬GP¬UNKNOWN¬Visible¬True¬True¬Padgate Medical Centre¬12 Station Road¬Padgate¬¬Warrington¬Cheshire¬WA2 0RX¬53.406513214111328¬-2.55617356300354¬02E¬NHS Warrington CCG¬01925815333¬¬http://www.padgatemedicalcentre.co.uk¬
17604¬N81111¬GP¬UNKNOWN¬Visible¬True¬True¬Merepark Medical Centre¬Alsager Health Centre¬12 Sandbach Road South¬Alsager¬Stoke On Trent¬Staffordshire¬ST7 2LU¬53.093288421630859¬-2.3007323741912842¬27D¬NHS Cheshire CCG¬01270275600¬contact.merepark@nhs.net¬http://www.merepark.nhs.uk¬01270 275668
17605¬N81022003¬GP¬UNKNOWN¬Visible¬True¬True¬The Schoolhouse Surgery¬2 Buxton Old Road¬¬¬Stockport¬Cheshire¬SK12 2BB¬53.357997894287109¬-2.0382144451141357¬27D¬NHS Cheshire CCG¬01663764488 (ext. 762484)¬¬http://www.theschoolhousesurgery.co.uk¬01663 766028
17606¬N81113¬GP¬UNKNOWN¬Visible¬True¬True¬Middlewich Road Surgery¬163 Middlewich Road¬¬¬Northwich¬Cheshire¬CW9 7DB¬53.257701873779297¬-2.4894237518310547¬27D¬NHS Cheshire CCG¬01606544700¬¬www.middlewichroadsurgery.nhs.uk¬01606 41337
17607¬N81114¬GP¬UNKNOWN¬Visible¬True¬True¬Birchwood Medical Centre¬15 Benson Road¬Birchwood¬¬Warrington¬Cheshire¬WA3 7PJ¬53.415485382080078¬-2.5264856815338135¬02E¬NHS Warrington CCG¬01925823502¬¬http://www.birchwoodmedicalcentre.co.uk¬01925 852422
17608¬N81115¬GP¬UNKNOWN¬Visible¬True¬True¬Lache Health Centre¬Hawthorn Road¬Lache¬¬Chester¬Cheshire¬CH4 8HX¬53.173603057861328¬-2.9143097400665283¬27D¬NHS Cheshire CCG¬01244671991¬¬http://www.lachehealth.co.uk/¬01244 680729
17609¬N81117¬GP¬UNKNOWN¬Visible¬True¬True¬Old Hall Surgery¬26 Stanney Lane¬¬¬Ellesmere Port¬Cheshire¬CH65 9AD¬53.275791168212891¬-2.9036307334899902¬27D¬NHS Cheshire CCG¬01513551191¬¬http://www.oldhallsurgery.co.uk¬0151 356 2683
17610¬N81118¬GP¬UNKNOWN¬Visible¬True¬True¬Meadowside Medical Centre¬Meadowside¬Mountbatten Way¬¬Congleton¬Cheshire¬CW12 1DY¬53.165088653564453¬-2.2113993167877197¬27D¬NHS Cheshire CCG¬01260272331¬¬http://www.meadowsidemedicalcentre.co.uk¬01260 294759
17611¬N81119¬GP¬UNKNOWN¬Visible¬True¬True¬Dr Satya Koya And Dr Lalitha Chalasani¬47-57 Hough Green Road¬Hough Green¬¬Widnes¬Cheshire¬WA8 4NJ¬53.378475189208984¬-2.7731773853302002¬01F¬NHS Halton CCG¬01515115805¬hccg.houghgreenhealthpark@nhs.net¬http://www.houghgreenhealth.co.uk¬0151 420 4979
17613¬N81120¬GP¬UNKNOWN¬Visible¬True¬False¬Kelsall Medical Centre¬Church Street¬Kelsall¬¬Tarporley¬Cheshire¬CW6 0QG¬53.20684814453125¬-2.7123351097106934¬27D¬NHS Cheshire CCG¬01829751252¬¬http://www.kelsallmedicalcentre.org.uk¬01829 752593
17614¬N81121¬GP¬UNKNOWN¬Visible¬True¬True¬Northgate Village Surgery¬Fountains Health¬Delamere Street¬¬Chester¬Cheshire¬CH1 4DS¬53.195220947265625¬-2.8921840190887451¬27D¬NHS Cheshire CCG¬01244564319¬northgatevillage.surgery@nhs.net¬http://northgatesurgery.co.uk¬01244 370762
17615¬N81122¬GP¬UNKNOWN¬Visible¬True¬True¬Westbrook Medical Centre¬301-302 Westbrook Centre¬Westbrook¬¬Warrington¬Cheshire¬WA5 8UF¬53.40850830078125¬-2.6321969032287598¬02E¬NHS Warrington CCG¬01925654152¬warccg.westbrookmc@nhs.net¬¬01925 632612
17616¬N81123¬GP¬UNKNOWN¬Visible¬True¬True¬Willow Wood Surgery¬Wharton Primary Healthcare Centre¬Crook Lane¬Wharton¬Winsford¬Cheshire¬CW7 3GY¬53.195541381835938¬-2.5043270587921143¬27D¬NHS Cheshire CCG¬01606861120¬¬http://www.willowwoodsurgery.co.uk¬01606 863354
17617¬N81125¬GP¬UNKNOWN¬Visible¬True¬True¬Neston Medical Centre¬Liverpool Road¬¬¬Neston¬Cheshire¬CH64 3RA¬53.29180908203125¬-3.0643355846405029¬27D¬NHS Cheshire CCG¬01513364121¬¬www.nestonmedicalcentre.co.uk¬0151 353 0151
17619¬N81127¬GP¬UNKNOWN¬Visible¬True¬True¬The Weaver Vale Surgery¬Dene Drive Primary Care Centre¬¬¬Winsford¬Cheshire¬CW7 1AT¬53.190902709960937¬-2.5312576293945312¬27D¬NHS Cheshire CCG¬01606544000¬vrccg.weavervaleadmin@nhs.net¬http://www.weavervalesurgery.nhs.uk¬
17620¬N81607¬GP¬UNKNOWN¬Visible¬True¬True¬Westminster Surgery ¬12-18 Church Parade¬¬¬Ellesmere Port¬Cheshire¬CH65 2ER¬53.285545349121094¬-2.8965833187103271¬27D¬NHS Cheshire CCG¬01513554864¬westminster.surgery@nhs.net¬http://www.westminstersurgery.nhs.uk¬
17621¬N81614¬GP¬UNKNOWN¬Visible¬True¬False¬Wrenbury Medical Practice¬Nantwich Road¬Wrenbury¬¬Nantwich¬Cheshire¬CW5 8EW¬53.024864196777344¬-2.605280876159668¬27D¬NHS Cheshire CCG¬01270780210¬¬http://www.wrenburymedicalcentre.co.uk¬
17623¬N81619¬GP¬UNKNOWN¬Visible¬True¬True¬Oaks Place Surgery¬Widnes Health Care Resource Centre (Hcrc)¬Oaks Place, Caldwell Road¬¬Widnes¬Cheshire¬WA8 7GD¬53.362197875976562¬-2.7358853816986084¬01F¬NHS Halton CCG¬01514955140¬¬http://www.oaksplacesurgery.nhs.uk¬0151 424 8123
17625¬N81623¬GP¬UNKNOWN¬Visible¬True¬True¬Stretton Medical Centre¬5 Hatton Lane¬Stretton¬¬Warrington¬Cheshire¬WA4 4NE¬53.339588165283203¬-2.5762531757354736¬02E¬NHS Warrington CCG¬01925 599856¬warccg.strettonmc@nhs.net¬https://strettonmedicalcentre.co.uk/¬0871 226 4249
17628¬N81626¬GP¬UNKNOWN¬Visible¬True¬True¬Western Ave Medical Ctre¬Western Avenue Medical Centre¬Gordon Road¬Blacon¬Chester¬Cheshire¬CH1 5PA¬53.201911926269531¬-2.9318890571594238¬27D¬NHS Cheshire CCG¬01244390755¬westernavenue@hotmail.co.uk¬www.westernavenue.org.uk¬01244 383955
17630¬N81628¬GP¬UNKNOWN¬Visible¬True¬True¬The Eric Moore Partnership¬Orford Jubilee Hub¬Jubilee Way¬¬Warrington¬Cheshire¬WA2 8HE¬53.404598236083984¬-2.5882925987243652¬02E¬NHS Warrington CCG¬01925 303199¬emp.admin@nhs.net¬http://www.ericmoorepartnership.co.uk¬01925 230235
17631¬N81632¬GP¬UNKNOWN¬Visible¬True¬True¬Broken Cross Surgery¬Waters Green Medical Centre¬¬¬Macclesfield¬Cheshire¬SK11 6JL¬53.257949829101562¬-2.1226077079772949¬27D¬NHS Cheshire CCG¬01625617300¬¬www.brokencrosssurgery.co.uk¬01625 508233
17633¬N81637¬GP¬UNKNOWN¬Visible¬True¬True¬Cockhedge Medical Centre¬7-8 Cockhedge Way¬Cockhedge Shopping Centre¬¬Warrington¬Cheshire¬WA1 2QQ¬53.390937805175781¬-2.5898182392120361¬02E¬NHS Warrington CCG¬01925244655¬info@cockhedgemedicalcentre.co.uk¬http://www.cockhedgemedicalcentre.co.uk/¬01925 241855
17634¬N81642¬GP¬UNKNOWN¬Visible¬True¬True¬Waters Edge Medical Centre¬Lex House¬10 - 12 Leadsmithy Street¬¬Middewich¬Cheshire¬CW10 9BH¬53.192340850830078¬-2.4439570903778076¬27D¬NHS Cheshire CCG¬01606544401¬¬http://www.watersedge-middlewich.nhs.uk¬01606 837500
17635¬N81645¬GP¬UNKNOWN¬Visible¬True¬True¬Dr Malkhandi A D¬Orford Jubilee Hub¬Orford Jubilee Park¬Orford¬Warrington¬Cheshire¬WA2 8HE¬53.404598236083984¬-2.5882925987243652¬02E¬NHS Warrington CCG¬01925 303280¬warccg.fourseasonsmc@nhs.net¬http://www.4smc.co.uk/¬
17637¬Y04925¬GP¬UNKNOWN¬Visible¬True¬True¬Chapelford Medical Centre¬Santa Rosa Boulevard¬¬Great Sankey¬Warrington¬Cheshire¬WA5 3AL¬53.396732330322266¬-2.6373610496520996¬02E¬NHS Warrington CCG¬01925 598230¬¬http://www.chapelfordhealth.co.uk¬01925 411895
17639¬N81623002¬GP¬UNKNOWN¬Visible¬True¬True¬Stretton Branch Surgery¬¬43-45 Dudlow Green Road¬Appleton¬Warrington¬Cheshire¬WA4 5EQ¬53.352607727050781¬-2.5714111328125¬02E¬NHS Warrington CCG¬01925 599136¬warccg.strettonmc@nhs.net¬https://strettonmedicalcentre.co.uk/¬
17640¬N81651001¬GP¬UNKNOWN¬Visible¬True¬True¬Hale Village Surgery ¬6 Ivy Farm Court¬Town Lane¬Hale Village¬Liverpool¬Merseyside¬L24 4AG¬53.336238861083984¬-2.7986490726470947¬01F¬NHS Halton CCG¬01515115720¬hccg.uptonrockssurgery@nhs.net¬https://www.ssphealth.com/¬0151 422 9795
17641¬N81651¬GP¬UNKNOWN¬Visible¬True¬True¬Upton Rocks Surgery¬Widnes Rufc Car Park¬Heath Road¬¬Widnes¬Cheshire¬WA8 7NU¬53.373371124267578¬-2.7543566226959229¬01F¬NHS Halton CCG¬01515115730¬hccg.uptonrockssurgery@nhs.net¬https://www.ssphealth.com/¬0151 422 9795
17642¬N81655¬GP¬UNKNOWN¬Visible¬True¬True¬St Werburgh's Medical Practice For The Homeless¬2A George Street¬¬¬Chester¬Cheshire¬CH1 3EQ¬53.19427490234375¬-2.8923771381378174¬27D¬NHS Cheshire CCG¬01244665834¬¬¬
17643¬N82001¬GP¬UNKNOWN¬Visible¬True¬True¬The Margaret Thompson Medical Centre¬105 East Millwood Road¬Speke¬¬Liverpool¬Merseyside¬L24 6TH¬53.345977783203125¬-2.821723461151123¬99A¬NHS Liverpool CCG¬01514253331¬¬http://www.mtmc.r-a-w.org/¬0151425 2272
17644¬N82002¬GP¬UNKNOWN¬Visible¬True¬True¬YEW TREE CENTRE¬Berryford Road¬¬¬Liverpool¬Merseyside¬L14 4ED¬53.428817749023438¬-2.8750941753387451¬99A¬NHS Liverpool CCG¬01512967990¬¬http://www.yewtreecentre.nhs.uk/¬0151 296 7991
17645¬N82003¬GP¬UNKNOWN¬Visible¬True¬True¬Dovecot Health Centre¬Longreach Road¬¬¬Liverpool¬Merseyside¬L14 0NL¬53.417572021484375¬-2.8780229091644287¬99A¬NHS Liverpool CCG¬01512959440¬¬http://www.dovecothealthcentre.nhs.uk/¬0151 295 9441
17646¬N82004¬GP¬UNKNOWN¬Visible¬True¬True¬GARSTON FAMILY HEALTH CENTRE¬32 Church Road¬South Liverpool Nhs Treatment Centre¬¬Liverpool¬Merseyside¬L19 2LW¬53.353916168212891¬-2.8968157768249512¬99A¬NHS Liverpool CCG¬0151 295 9030¬gp.n82004@nhs.net¬http://www.garstonfamilyhealthcentre.nhs.uk/¬0151 295 9031
17647¬N82009¬GP¬UNKNOWN¬Visible¬True¬True¬GRASSENDALE MEDICAL PRACTICE¬23 Darby Road¬¬¬Liverpool¬Merseyside¬L19 9BP¬53.364410400390625¬-2.9112827777862549¬99A¬NHS Liverpool CCG¬0151 317 6244¬lccg.grassendale@nhs.net¬http://grassendalemedicalpractice.nhs.uk¬0151 296 7085
17648¬N82011¬GP¬UNKNOWN¬Visible¬True¬True¬The Priory Medical Centre¬Belmont Grove¬¬¬Liverpool¬Merseyside¬L6 4EW¬53.424224853515625¬-2.9457294940948486¬99A¬NHS Liverpool CCG¬01512609119¬chris.riley@livgp.nhs.uk¬¬0151 260 3035
17649¬N82014¬GP¬UNKNOWN¬Visible¬True¬True¬Lance Lane Medical Centre¬19 Lance Lane¬Wavertree¬¬Liverpool¬Merseyside¬L15 6TS¬53.396202087402344¬-2.9119017124176025¬99A¬NHS Liverpool CCG¬01517372882¬¬http://www.lancelanemedicalcentre.nhs.uk¬0151 737 2883
17650¬N82018¬GP¬UNKNOWN¬Visible¬True¬True¬ELLERGREEN MEDICAL CENTRE¬24 Carr Lane¬Norris Green¬¬Liverpool¬Merseyside¬L11 2YA¬53.445419311523438¬-2.9192945957183838¬99A¬NHS Liverpool CCG¬01512569800¬ellergreen.mc@nhs.net¬http://www.ellergreenmc.nhs.uk¬
17651¬N82019¬GP¬UNKNOWN¬Visible¬True¬True¬LANGBANK MEDICAL CENTRE¬Broad Lane¬Norris Green¬¬Liverpool¬Merseyside¬L11 1AD¬53.440818786621094¬-2.9276859760284424¬99A¬NHS Liverpool CCG¬01512261976¬¬https://www.langbankmc.nhs.uk¬0151 295 8532
17652¬N82022¬GP¬UNKNOWN¬Visible¬True¬True¬EDGE HILL HEALTH CENTRE¬157 Edge Lane¬¬¬Liverpool¬Merseyside¬L7 2AB¬53.408351898193359¬-2.9489724636077881¬99A¬NHS Liverpool CCG¬01512953600¬¬http://www.edgehillhealth.nhs.uk¬0151 475 4228
17653¬N82024¬GP¬UNKNOWN¬Visible¬True¬True¬West Derby Medical Centre¬3 Winterburn Crescent¬¬¬Liverpool¬Merseyside¬L12 8TQ¬53.431262969970703¬-2.895930290222168¬99A¬NHS Liverpool CCG¬01512283768 (ext. 2592900)¬westderby.mc@nhs.net¬http://www.westderbymc.nhs.uk/¬01512597008
17654¬N82026¬GP¬UNKNOWN¬Visible¬True¬True¬Penny Lane Surgery¬7 Smithdown Place¬¬¬Liverpool¬Merseyside¬L15 9EH¬53.389408111572266¬-2.9149894714355469¬99A¬NHS Liverpool CCG¬01517332800¬¬http://www.pennylanesurgery.nhs.uk¬0151 734 3418
17655¬N82033¬GP¬UNKNOWN¬Visible¬True¬True¬Dingle Park Practice¬Park Street¬¬¬Liverpool¬Merseyside¬L8 6QP¬53.386333465576172¬-2.9728703498840332¬99A¬NHS Liverpool CCG¬01512959228¬g.n82033@nhs.net¬http://www.dingledocs.nhs.uk¬0151 709 0348
17656¬N82034¬GP¬UNKNOWN¬Visible¬True¬True¬The Village Surgery¬32 Church Road¬Garston¬¬Liverpool¬Merseyside¬L19 2LW¬53.3538818359375¬-2.8969500064849854¬99A¬NHS Liverpool CCG¬0151 295 9020¬¬http://www.thevillagesurgerygarston.nhs.uk/¬0151 295 9021
17657¬N82035¬GP¬UNKNOWN¬Visible¬True¬True¬MATHER AVENUE SURGERY¬584 Mather Avenue¬¬¬Liverpool¬Merseyside¬L19 4UG¬53.365383148193359¬-2.8923680782318115¬99A¬NHS Liverpool CCG¬01514276239¬¬http://www.matheravenuesurgery.nhs.uk/¬0151 427 8876
17658¬N82036¬GP¬UNKNOWN¬Visible¬True¬True¬Netherley Medical Centre¬Middlemass Hey¬Netherley¬¬Liverpool¬Merseyside¬L27 7AF¬53.388282775878906¬-2.8395740985870361¬99A¬NHS Liverpool CCG¬01512341240¬netherlery.practice@gp-n82036.nhs.uk¬http://www.netherleyhealthcentre.nhs.uk¬0151 487 5767
17659¬N82037¬GP¬UNKNOWN¬Visible¬True¬True¬Westmoreland Gp Centre¬Aintree University Hospital¬Longmoor Lane¬¬Liverpool¬Merseyside¬L9 7AL¬53.466327667236328¬-2.9310894012451172¬99A¬NHS Liverpool CCG¬0151 317 6285¬¬https://www.westmorelandgpcentre.nhs.uk/¬0151 525 9070
17660¬N82039¬GP¬UNKNOWN¬Visible¬True¬True¬STORRSDALE MEDICAL CENTRE¬1 Storrsdale Road¬¬¬Liverpool¬Merseyside¬L18 7JY¬53.376697540283203¬-2.9057276248931885¬99A¬NHS Liverpool CCG¬01517242396¬storrsdaleprescription@nhs.net¬http://www.storrsdalemedicalcentre.nhs.uk¬0151 729 0081
17661¬N82041¬GP¬UNKNOWN¬Visible¬True¬True¬Oak Vale Medical Centre¬215 The Fiveways Centre¬215 Childwall Road¬¬Liverpool¬Merseyside¬L15 6UT¬53.397247314453125¬-2.8998174667358398¬99A¬NHS Liverpool CCG¬0151 295 9330¬¬http://oakvalemedicalcentre.co.uk¬0151 295 9331
17662¬N82046¬GP¬UNKNOWN¬Visible¬True¬True¬SEFTON PARK MEDICAL CENTRE¬Smithdown Road¬¬¬Liverpool¬Merseyside¬L15 2LQ¬53.393093109130859¬-2.9348282814025879¬99A¬NHS Liverpool CCG¬01512958700¬¬¬0151 734 1321
17663¬N82048¬GP¬UNKNOWN¬Visible¬True¬True¬WALTON MEDICAL CENTRE¬Breeze Hill Neighbourhood Health Centre¬1-3 Rice Lane¬Walton¬Liverpool¬Merseyside¬L9 1AD¬53.449073791503906¬-2.9667448997497559¬99A¬NHS Liverpool CCG¬01512953434¬waltonmedicalcentre@livgp.nhs.uk¬http://www.waltonmedicalcentre.nhs.uk¬0151 295 3433
17664¬N82049¬GP¬UNKNOWN¬Visible¬True¬True¬WESTMINSTER MEDICAL CENTRE¬Aldams Grove¬¬¬Liverpool¬Merseyside¬L4 3TT¬53.440834045410156¬-2.9783456325531006¬99A¬NHS Liverpool CCG¬0151 922 3510¬jeanette.radcliffe@livgp.nhs.uk¬https://westminstermedicalcentre.co.uk/¬0151 922 6071
17665¬N82050¬GP¬UNKNOWN¬Visible¬True¬True¬GATEACRE MEDICAL CENTRE¬49 Belle Vale Road¬¬¬Liverpool¬Merseyside¬L25 2PA¬53.385440826416016¬-2.8575150966644287¬99A¬NHS Liverpool CCG¬01514878660¬¬https://www.gateacremedicalcentre.nhs.uk/¬0151 487 5466
17667¬N82052¬GP¬UNKNOWN¬Visible¬True¬True¬TOWNSEND MEDICAL CENTRE¬98 Townsend Lane¬Anfield¬¬Liverpool¬Merseyside¬L6 0BB¬53.429424285888672¬-2.9453029632568359¬99A¬NHS Liverpool CCG¬01512959510¬gp.n82052@nhs.net¬http://www.townsendmc.nhs.uk/¬0151 295 9511
17668¬N82053001¬GP¬UNKNOWN¬Visible¬True¬True¬Aintree Park Group Practice¬Oriel Drive¬Aintree¬¬Liverpool¬Merseyside¬L10 6NJ¬53.485469818115234¬-2.9363913536071777¬99A¬NHS Liverpool CCG¬01512958350¬¬http://www.aintreeparkgrouppractice.nhs.uk/¬0151 286 9616
17669¬N82053¬GP¬UNKNOWN¬Visible¬True¬True¬Aintree Park Group Practice¬46 Moss Lane¬Orrell Park¬¬Liverpool¬Merseyside¬L9 8AL¬53.462802886962891¬-2.967282772064209¬99A¬NHS Liverpool CCG¬01512958350¬¬http://www.aintreeparkgrouppractice.nhs.uk¬0151 286 8923
17670¬N82054¬GP¬UNKNOWN¬Visible¬True¬True¬ABERCROMBY FAMILY PRACTICE¬Grove Street¬Edge Hill¬¬Liverpool¬Merseyside¬L7 7HG¬53.399036407470703¬-2.9617297649383545¬99A¬NHS Liverpool CCG¬01512953888¬¬https://www.abercrombyfp.nhs.uk¬0151 295 3873
17671¬N82058¬GP¬UNKNOWN¬Visible¬True¬True¬ROCK COURT SURGERY¬4 Crystal Close¬¬¬Liverpool¬Merseyside¬L13 2GA¬53.411602020263672¬-2.9161727428436279¬99A¬NHS Liverpool CCG¬01512280672¬mary.wade@gp-n82058.nhs.uk¬http://www.rockcourtsurgery.nhs.uk¬0151 228 0298
17672¬N82059¬GP¬UNKNOWN¬Visible¬True¬True¬Greenbank Drive Surgery¬8 Greenbank Drive¬Sefton Park¬¬Liverpool¬Merseyside¬L17 1AW¬53.389774322509766¬-2.9304099082946777¬99A¬NHS Liverpool CCG¬01517335703¬¬http://www.greenbankdrivesurgery.nhs.uk/¬0151 734 3354
17674¬N82062¬GP¬UNKNOWN¬Visible¬True¬True¬FULWOOD GREEN MEDICAL CENTRE¬2A Jericho Lane¬¬¬Liverpool¬Merseyside¬L17 5AR¬53.36944580078125¬-2.9380226135253906¬99A¬NHS Liverpool CCG¬01517272440¬¬¬0151 726 1936
17675¬N82065¬GP¬UNKNOWN¬Visible¬True¬True¬EARLE ROAD MEDICAL CENTRE¬131 Earle Road¬¬¬Liverpool¬Merseyside¬L7 6HD¬53.398880004882813¬-2.9430015087127686¬99A¬NHS Liverpool CCG¬01517337172¬earleroad.medicalcentre@nhs.net¬http://www.earleroadmedicalcentre.nhs.uk¬0151 733 2763
17676¬N82066¬GP¬UNKNOWN¬Visible¬True¬True¬WOOLTON HOUSE MEDICAL CENTRE¬4 Woolton Street¬Woolton¬¬Liverpool¬Merseyside¬L25 5JA¬53.375392913818359¬-2.867128849029541¬99A¬NHS Liverpool CCG¬0151 295 8686¬¬http://www.wooltonhousemc.nhs.uk¬0151 295 8672
17677¬N82067¬GP¬UNKNOWN¬Visible¬True¬True¬BENIM MEDICAL CENTRE¬2 Penvalley Crescent¬¬¬Liverpool¬Merseyside¬L6 3BY¬53.419399261474609¬-2.947789192199707¬99A¬NHS Liverpool CCG¬01512636588¬¬http://www.benimmedicalcentre.nhs.uk/¬0151 263 4723
17678¬N82070¬GP¬UNKNOWN¬Visible¬True¬True¬The Elms Medical Centre¬3 The Elms¬Dingle¬¬Liverpool¬Merseyside¬L8 3SS¬53.382347106933594¬-2.9568734169006348¬99A¬NHS Liverpool CCG¬01517275555¬¬http://www.theelmsmedicalcentre.nhs.uk/¬0151 288 5016
17679¬N82073¬GP¬UNKNOWN¬Visible¬True¬True¬THE ASH SURGERY¬1 Ashfield Road¬¬¬Liverpool¬Merseyside¬L17 0BY¬53.37457275390625¬-2.933039665222168¬99A¬NHS Liverpool CCG¬01517271155¬¬www.ashsurgery.co.uk¬0151 726 0018
17680¬N82074¬GP¬UNKNOWN¬Visible¬True¬True¬Old Swan Health Centre Group Practice¬Old Swan¬Crystal Close¬¬Liverpool¬Merseyside¬L13 2GA¬53.411602020263672¬-2.9161727428436279¬99A¬NHS Liverpool CCG¬01512853737¬¬http://www.oldswanhcgp.nhs.uk¬0151 252 1759
17681¬N82076¬GP¬UNKNOWN¬Visible¬True¬True¬Brownlow Health @ Princes Park¬Bentley Road¬¬¬Liverpool¬Merseyside¬L8 0SY¬53.39154052734375¬-2.9516360759735107¬99A¬NHS Liverpool CCG¬01512959222¬¬http://princespark.brownlowhealth.co.uk¬0151 295 9147
17682¬N82077¬GP¬UNKNOWN¬Visible¬True¬True¬Dr Shah- Bousfield Surgery¬Westminster Road¬¬¬Liverpool¬Merseyside¬L4 4PP¬53.431545257568359¬-2.97756028175354¬99A¬NHS Liverpool CCG¬01512071468¬bousefield.drshah@nhs.net¬http://www.bousfieldmc.nhs.uk/drshah¬0151 284 6864
17683¬N82078¬GP¬UNKNOWN¬Visible¬True¬True¬The Bousfield Surgery¬Dr JW Roberts and Dr J Mahadanaarachchi¬The Bousfield Surgery¬Westminster Road¬Liverpool¬Merseyside¬L4 4PP¬53.431545257568359¬-2.97756028175354¬99A¬NHS Liverpool CCG¬01512070813¬¬http://www.bousfieldmc.nhs.uk/drroberts/¬0151 207 2554
17684¬N82079¬GP¬UNKNOWN¬Visible¬True¬True¬Dr R N Barnett And Partners¬1B Greenbank Road¬¬¬Liverpool¬Merseyside¬L18 1HG¬53.389293670654297¬-2.9257965087890625¬99A¬NHS Liverpool CCG¬01517333224¬¬https://www.greenbankroadsurgery.nhs.uk/¬0151 522 1121
17685¬N82081¬GP¬UNKNOWN¬Visible¬True¬True¬Islington House Medical Centre¬45 Everton Road¬¬¬Liverpool¬Merseyside¬L6 2EH¬53.415794372558594¬-2.9645905494689941¬99A¬NHS Liverpool CCG¬0151 317 8600¬¬http://www.islingtonhousemc-liverpool.nhs.uk/¬0151 317 8601
17686¬N82082¬GP¬UNKNOWN¬Visible¬True¬True¬ST JAMES HEALTH CENTRE¬29 Great George Square¬¬¬Liverpool¬Merseyside¬L1 5DZ¬53.398338317871094¬-2.9790699481964111¬99A¬NHS Liverpool CCG¬01512953800¬stjames@livgp.nhs.uk¬www.stjameshealthcentre.co.uk¬0151 707 8958
17687¬N82083¬GP¬UNKNOWN¬Visible¬True¬True¬JUBILEE MEDICAL CENTRE¬52 Croxteth Hall Lane¬Croxteth¬¬Liverpool¬Merseyside¬L11 4UG¬53.448635101318359¬-2.9022736549377441¬99A¬NHS Liverpool CCG¬01515463956¬jubilee@livgp.nhs.uk¬http://www.jubileemedicalcentre.nhs.uk¬
17688¬N82084¬GP¬UNKNOWN¬Visible¬True¬True¬Gateacre Brow Practice¬1 Gateacre Brow¬¬¬Liverpool¬Merseyside¬L25 3PA¬53.383296966552734¬-2.8631851673126221¬99A¬NHS Liverpool CCG¬01512959595¬¬¬0151 428 2839
17689¬N82084001¬GP¬UNKNOWN¬Visible¬True¬True¬GATEACRE BROW SURGERY¬256 Hunts Cross Avenue¬¬¬Liverpool¬Merseyside¬L25 8QT¬53.370140075683594¬-2.8576436042785645¬99A¬NHS Liverpool CCG¬01512959595¬¬http://www.gateacrebrowpractice.nhs.uk/¬0151 428 1414
17690¬N82086¬GP¬UNKNOWN¬Visible¬True¬True¬Dr Fatma El-Sayed¬361-365 Queens Drive¬Walton¬¬Liverpool¬Merseyside¬L4 8SJ¬53.440574645996094¬-2.9434881210327148¬99A¬NHS Liverpool CCG¬0151 317 8540¬g.n82086@nhs.net¬https://www.abingdonmc.nhs.uk¬0151 256 0593
17691¬N82087¬GP¬UNKNOWN¬Visible¬True¬True¬GILLMOSS MEDICAL CENTRE¬48 Petherick Road¬Croxteth¬¬Liverpool¬Merseyside¬L11 0AG¬53.459461212158203¬-2.897834300994873¬99A¬NHS Liverpool CCG¬01515463867¬¬http://www.gillmossmedicalcentre.nhs.uk¬0151 549 2422
17692¬N82089¬GP¬UNKNOWN¬Visible¬True¬True¬Picton N'Hood Health & Children's Centre¬137 Earle Road¬¬¬Liverpool¬Merseyside¬L7 6HD¬53.398880004882813¬-2.9430015087127686¬99A¬NHS Liverpool CCG¬01512953377¬¬http://www.pictongreenfamilypractice.nhs.uk¬0151 295 3378
17693¬N82090¬GP¬UNKNOWN¬Visible¬True¬True¬GREEN LANE MEDICAL CENTRE¬15 Green Lane¬Stoneycroft¬¬Liverpool¬Merseyside¬L13 7DY¬53.424118041992188¬-2.9286165237426758¬99A¬NHS Liverpool CCG¬01512289101¬¬http://www.greenlanemc.nhs.uk¬0151 228 2472
17694¬N82091¬GP¬UNKNOWN¬Visible¬True¬True¬GP Practice - Riverside¬Riverside Centre for Health¬Park Street¬¬Liverpool¬Merseyside¬L8 6QP¬53.386333465576172¬-2.9728703498840332¬99A¬NHS Liverpool CCG¬01512959239¬¬¬0151 709 1993
17695¬N82092¬GP¬UNKNOWN¬Visible¬True¬True¬Dr J O'Donnell's Practice¬75 Hartsbourne Avenue¬¬¬Liverpool¬Merseyside¬L25 1RY¬53.399169921875¬-2.8765912055969238¬99A¬NHS Liverpool CCG¬01517222744¬elaine.mcnicol@gp-n82092.nhs.uk¬http://www.valleymedicalcentre.co.uk¬0151 281 4364
17696¬N82093¬GP¬UNKNOWN¬Visible¬True¬True¬DERBY LANE MEDICAL CENTRE¬88 Derby Lane¬¬Merseyside¬liverpool¬Merseyside¬L13 3DN¬53.415924072265625¬-2.9142796993255615¬99A¬NHS Liverpool CCG¬01512285868¬derby.lane88@nhs.net¬¬0151 259 6996
17697¬N82094¬GP¬UNKNOWN¬Visible¬True¬True¬Belle Vale Medical Practice¬Hedgefield Road¬¬¬Liverpool¬Merseyside¬L25 2XE¬53.392040252685547¬-2.8597381114959717¬99A¬NHS Liverpool CCG¬0151 317 8599¬¬https://www.bellevalehealthcentre.nhs.uk¬
17698¬N82095¬GP¬UNKNOWN¬Visible¬True¬True¬ALBION SURGERY¬45 Everton Road¬¬¬Liverpool¬Merseyside¬L6 2EH¬53.415794372558594¬-2.9645905494689941¬99A¬NHS Liverpool CCG¬01513008302¬¬http://www.albionsurgeryeverton.nhs.uk/¬0151 300 8301
17699¬N82097¬GP¬UNKNOWN¬Visible¬True¬True¬THE GREY ROAD SURGERY¬Breeze Hill Neighbourhood Health Centre¬3 Rice Lane¬¬Liverpool¬Merseyside¬L9 1AD¬53.447841644287109¬-2.9677939414978027¬99A¬NHS Liverpool CCG¬01512953444¬greyroad.surgery@nhs.net¬http://www.thegreyroadsurgery.nhs.uk¬0151 295 3445
17700¬N82099¬GP¬UNKNOWN¬Visible¬True¬True¬Mere Lane Group Practice¬Mere Lane Neighbourhood Health Centre¬49-51 Mere Lane¬¬Liverpool¬Merseyside¬L5 0QW¬53.426746368408203¬-2.9669094085693359¬99A¬NHS Liverpool CCG¬01512959620¬¬http://www.merelanegroupractice.nhs.uk/¬0151 295 9621
17702¬N82101¬GP¬UNKNOWN¬Visible¬True¬True¬Kirkdale¬14 Waller Close¬¬¬Liverpool¬Merseyside¬L4 4QJ¬53.433528900146484¬-2.9738278388977051¬99A¬NHS Liverpool CCG¬01512070950¬¬¬0151 298 1332
17703¬N82104¬GP¬UNKNOWN¬Visible¬True¬True¬STONEYCROFT MEDICAL CENTRE¬Stoneville Road¬¬¬Liverpool¬Merseyside¬L13 6QD¬53.41998291015625¬-2.9158413410186768¬99A¬NHS Liverpool CCG¬01512281138¬¬http://www.stoneycroftmc.nhs.uk¬0151 228 1653
17704¬N82106¬GP¬UNKNOWN¬Visible¬True¬True¬THE VILLAGE MEDICAL CENTRE¬20 Quarry Street¬¬¬Liverpool¬Merseyside¬L25 6HE¬53.374782562255859¬-2.871971607208252¬99A¬NHS Liverpool CCG¬01514284282¬¬¬0151 421 0884
17705¬N82107¬GP¬UNKNOWN¬Visible¬True¬True¬Edge Hill Health @ Mossley Hill Surgery¬Edge Hill Health@Mossley Hill Surgery¬73 Queens Drive¬¬Liverpool¬Merseyside¬L18 2DU¬53.386837005615234¬-2.9114458560943604¬99A¬NHS Liverpool CCG¬0151 733 2812¬¬http://www.edgehillhealth.nhs.uk¬0151 733 4922
17706¬N82108¬GP¬UNKNOWN¬Visible¬True¬True¬RUTHERFORD MEDICAL CENTRE¬1 Rutherford Road¬Mossley Hill¬¬Liverpool¬Merseyside¬L18 0HJ¬53.390323638916016¬-2.9103174209594727¬99A¬NHS Liverpool CCG¬01517221803¬¬http://www.rutherfordmedicalcentre.co.uk/¬0151 738 0083
17707¬N82109¬GP¬UNKNOWN¬Visible¬True¬True¬Dr SC & AK Thakur¬Speke Neighbourhood Health Centre¬Speke Neighbourhood Health Centre¬75 South Parade¬Liverpool¬Merseyside¬L24 2SF¬53.340915679931641¬-2.8387782573699951¬99A¬NHS Liverpool CCG¬01512958899¬¬https://www.drthakurspeke.nhs.uk/¬
17708¬N82110¬GP¬UNKNOWN¬Visible¬True¬True¬LONG LANE MEDICAL CENTRE¬Long Lane¬Walton¬¬Liverpool¬Merseyside¬L9 6DQ¬53.456027984619141¬-2.9249904155731201¬99A¬NHS Liverpool CCG¬01515301009¬¬http://www.longlanemedicalcentre.nhs.uk/¬
17709¬N82113¬GP¬UNKNOWN¬Visible¬True¬True¬Dr Fatin Karam¬2A Penvalley Crescent¬¬¬Liverpool¬Merseyside¬L6 3BY¬53.419399261474609¬-2.947789192199707¬99A¬NHS Liverpool CCG¬01512854415 (ext. 2854413)¬¬http://www.fairfieldmc.nhs.uk/¬0151 285 4414
17710¬N82115¬GP¬UNKNOWN¬Visible¬True¬True¬Vauxhall Primary Health Care¬Limekiln Lane¬Vauxhall¬¬Liverpool¬Merseyside¬L5 8XR¬53.419399261474609¬-2.9845495223999023¬99A¬NHS Liverpool CCG¬01512953737¬vphc@livgp.nhs.uk¬www.vphc.nhs.uk¬0151 295 3738
17711¬N82116¬GP¬UNKNOWN¬Visible¬True¬True¬Hillfoot Health¬Hillfoot Health¬Hunts Cross Neighbourhood Health Centre¬70 Hillfoot Road¬Liverpool¬Merseyside¬L25 0ND¬53.359188079833984¬-2.8591365814208984¬99A¬NHS Liverpool CCG¬0151317 8550¬¬http://www.hillfoothealth.nhs.uk¬0151 317 8551
17713¬N82117¬GP¬UNKNOWN¬Visible¬True¬True¬Brownlow General Practice¬70 Pembroke Place¬¬¬Liverpool¬Merseyside¬L69 3GF¬53.408428192138672¬-2.9675829410552979¬99A¬NHS Liverpool CCG¬01512854578¬¬http://central.brownlowhealth.co.uk/¬0151 794 8083
17714¬N82117001¬GP¬UNKNOWN¬Visible¬True¬True¬Student Health Centre- Brownlow Health¬150 Mount Pleasant¬¬¬Liverpool¬Merseyside¬L69 3GD¬53.405025482177734¬-2.9658360481262207¬99A¬NHS Liverpool CCG¬1512854578¬¬http://central.brownlowhealth.co.uk/¬
17715¬N82617¬GP¬UNKNOWN¬Visible¬True¬True¬Brownlow Health @ Marybone¬Unit 1 2 Vauxhall Road¬Islington¬¬Liverpool¬Merseyside¬L3 2BG¬53.411273956298828¬-2.9877917766571045¬99A¬NHS Liverpool CCG¬01513308200¬gp.n82617@nhs.net¬¬0151 330 8211
17719¬N82633¬GP¬UNKNOWN¬Visible¬True¬True¬KNOTTY ASH MEDICAL CENTRE¬411/413 East Prescot Road¬Knotty Ash¬¬Liverpool¬Merseyside¬L14 2DE¬53.419967651367188¬-2.8870553970336914¬99A¬NHS Liverpool CCG¬01512284369¬¬http://www.knottyashmc.nhs.uk¬0151 252 0030
17720¬N82641¬GP¬UNKNOWN¬Visible¬True¬True¬SANDRINGHAM MEDICAL CENTRE¬1A Aigburth Road¬¬¬Liverpool¬Merseyside¬L17 4JP¬53.380577087402344¬-2.9523234367370605¬99A¬NHS Liverpool CCG¬01517271382¬¬http://www.sandringhammc.nhs.uk¬0151 727 4017
17722¬N82645¬GP¬UNKNOWN¬Visible¬True¬True¬Brownlow Health @ Kensington Park¬157 Edge Lane¬¬¬Liverpool¬Merseyside¬L7 2PT¬53.408843994140625¬-2.9471180438995361¬99A¬NHS Liverpool CCG¬01512958770¬¬http://kensingtonpark.brownlowhealth.co.uk¬0151 295 8771
17723¬N82646¬GP¬UNKNOWN¬Visible¬True¬True¬Dr Jude's Practice Riverside¬Park Street¬¬¬Liverpool¬Merseyside¬L8 6QP¬53.386333465576172¬-2.9728703498840332¬99A¬NHS Liverpool CCG¬0151 295 9213¬¬¬0151 709 1993
17725¬N82648¬GP¬UNKNOWN¬Visible¬True¬True¬Poulter Rd¬34-36 Poulter Road¬¬¬Liverpool¬Merseyside¬L9 0HJ¬53.466686248779297¬-2.9527139663696289¬99A¬NHS Liverpool CCG¬01515255792¬¬http://www.poulterroadmc.nhs.uk/¬0151 474 2292
17726¬N82103¬GP¬UNKNOWN¬Visible¬True¬True¬Dr Syed Abdi¬Townsend Lane Health Centre¬98 Townsend Lane¬¬Liverpool¬Merseyside¬L6 0BB¬53.429424285888672¬-2.9453029632568359¬99A¬NHS Liverpool CCG¬01512959520¬¬https://www.anfieldgrouppractice.nhs.uk¬0151 295 9521
17727¬N82650¬GP¬UNKNOWN¬Visible¬True¬True¬Dr A Singh & S Bicha¬Dr Singh and Dr Bicha¬Speke Neighbourhood HC¬74 South Parade¬Liverpool¬Merseyside¬L24 2SF¬53.340915679931641¬-2.8387782573699951¬99A¬NHS Liverpool CCG¬01512958810¬¬¬0151 448 1297
17728¬N82651¬GP¬UNKNOWN¬Visible¬True¬True¬Stanley Medical Centre¬60 Stanley Road¬Kirkdale¬¬Liverpool¬Merseyside¬L5 2QA¬53.426906585693359¬-2.9823751449584961¬99A¬NHS Liverpool CCG¬01512070126¬¬https://www.stanleymedicalcentre.nhs.u¬0151 298 2620
17729¬N82655¬GP¬UNKNOWN¬Visible¬True¬True¬Dr Abdula Rauf Kukaswadia¬51-53 Moss Way¬Croxteth¬¬Liverpool¬Merseyside¬L11 0BL¬53.457118988037109¬-2.8974235057830811¬99A¬NHS Liverpool CCG¬01515492127¬info.mossway@livgp.nhs.uk¬http://www.mosswaysurgery.nhs.uk¬
17732¬N82662¬GP¬UNKNOWN¬Visible¬True¬True¬Dunstan Village Group Practice¬131 Earle Road¬¬¬Liverpool¬Merseyside¬L7 6HD¬53.398880004882813¬-2.9430015087127686¬99A¬NHS Liverpool CCG¬01517343535¬¬https://www.dunstanvillagegrouppractice.nhs.uk¬0151 734 1769
17734¬N82663¬GP¬UNKNOWN¬Visible¬True¬True¬HORNSPIT MEDICAL CENTRE¬Hornspit Lane¬West Derby¬¬Liverpool¬Merseyside¬L12 5LT¬53.436668395996094¬-2.9153273105621338¬99A¬NHS Liverpool CCG¬01512565755¬¬http://www.hornspitmedicalcentre.nhs.uk/¬0151 256 6603
17735¬N82664¬GP¬UNKNOWN¬Visible¬True¬True¬Rocky Lane Medical Centre¬80 Rocky Lane¬¬¬Liverpool¬Merseyside¬L16 1JD¬53.403587341308594¬-2.8934080600738525¬99A¬NHS Liverpool CCG¬01512953965¬¬¬0151 295 3966
17737¬N82668¬GP¬UNKNOWN¬Visible¬True¬True¬WALTON VILLAGE MEDICAL CENTRE¬172 Walton Village¬¬¬Liverpool¬Merseyside¬L4 6TW¬53.443450927734375¬-2.9596161842346191¬99A¬NHS Liverpool CCG¬01512476399¬¬http://www.waltonvillagemc.nhs.uk¬0151 247 6390
17738¬N82669¬GP¬UNKNOWN¬Visible¬True¬True¬GREAT HOMER STREET MEDICAL CENTRE¬First Floor,Mere Lane Neighbourhood Health Centre¬49-51 Mere Lane¬Anfield¬Liverpool¬Merseyside¬L5 0QW¬53.425064086914063¬-2.969266414642334¬99A¬NHS Liverpool CCG¬01512959393¬patient.ghsmc@nhs.net¬http://www.greathomerstreetsurgery.nhs.uk¬0151 295 9394
17739¬N82670¬GP¬UNKNOWN¬Visible¬True¬True¬PARK VIEW MEDICAL CENTRE¬Orphan Drive¬Tuebrook¬¬Liverpool¬Merseyside¬L6 7UN¬53.421985626220703¬-2.9355673789978027¬99A¬NHS Liverpool CCG¬01513308929¬¬https://www.parkviewmc-liverpool.nhs.uk¬0151 330 8928
17740¬N82671¬GP¬UNKNOWN¬Visible¬True¬True¬Dr Sn Ramamoorthy's Practice¬Bigham Road¬¬¬Liverpool¬Merseyside¬L6 6DW¬53.413787841796875¬-2.945979118347168¬99A¬NHS Liverpool CCG¬01512631737¬sueallan@gp-n82671.nhs.uk¬http://www.bighamroadmc.nhs.uk/¬0151 260 8307
17741¬N82676¬GP¬UNKNOWN¬Visible¬True¬True¬Fir Tree Drive South¬Croxteth Park¬¬¬Liverpool¬Merseyside¬L12 0JE¬53.449275970458984¬-2.8774874210357666¬99A¬NHS Liverpool CCG¬01515486969¬¬http://www.firtreemc.nhs.uk¬0151 546 6864
17742¬N82678¬GP¬UNKNOWN¬Visible¬True¬True¬STOPGATE LANE MEDICAL CENTRE¬6 Stopgate Lane¬Walton¬¬Liverpool¬Merseyside¬L9 6AP¬53.451248168945313¬-2.9365417957305908¬99A¬NHS Liverpool CCG¬01515251298¬¬https://www.stopgatelanemedicalcentre.co.uk¬01515233369
17743¬N83001001¬GP¬UNKNOWN¬Visible¬True¬True¬Rainbow Medical Centre¬99 Elephant Lane¬Thatto Heath¬St Helens¬St. Helens¬Merseyside¬WA9 5QL¬53.435585021972656¬-2.7539079189300537¬01X¬NHS St Helens CCG¬01744811736¬¬https://www.rainbowmedicalcentres.co.uk¬01744 850985
17744¬N83001¬GP¬UNKNOWN¬Visible¬True¬True¬Rainbow Medical Centre¬333 Robins Lane¬Sutton St Helens¬¬St Helens¬Merseyside¬WA9 3PN¬53.435394287109375¬-2.7059168815612793¬01X¬NHS St Helens CCG¬01744811211¬¬http://www.rainbowmedicalcentres.co.uk¬01744 850025
17745¬N83002002¬GP¬UNKNOWN¬Visible¬True¬True¬Patterdale Lodge¬87 High Street¬¬¬Newton-le-Willows¬Merseyside¬WA12 9SL¬53.457210540771484¬-2.6195769309997559¬01X¬NHS St Helens CCG¬01744624980¬¬¬
17746¬N83002¬GP¬UNKNOWN¬Visible¬True¬True¬Patterdale Lodge Medical Centre¬Legh Street¬¬¬Newton-Le-Willows¬Merseyside¬WA12 9NA¬53.452449798583984¬-2.6445951461791992¬01X¬NHS St Helens CCG¬01925227111¬¬http://www.patterdalelodge.nhs.uk/welcome,37096.htm¬01744624262
17747¬N83002001¬GP¬UNKNOWN¬Visible¬True¬True¬Patterdale Lodge¬1A Clay Lane¬Burtonwood¬¬Warrington¬Cheshire¬WA5 4HH¬53.43096923828125¬-2.6604647636413574¬01X¬NHS St Helens CCG¬01925223254¬¬¬
17748¬N83003¬GP¬UNKNOWN¬Visible¬True¬True¬Ormskirk House Surgery¬103 Crab Street¬¬¬St Helens¬Merseyside¬WA10 2DJ¬53.456691741943359¬-2.7425951957702637¬01X¬NHS St Helens CCG¬01744624808¬ormskirk.housesurgery@hsthpct.nhs.uk¬¬01744 454491
17750¬N83005¬GP¬UNKNOWN¬Visible¬True¬True¬Vista Road Surgery¬Vista Road Surgery¬Vista Road¬¬Newton-le-Willows¬Merseyside¬WA12 9ED¬53.456562042236328¬-2.6463761329650879¬01X¬NHS St Helens CCG¬01925 221457 (ext. 7725355934)¬ian.mooney@sthelensccg.nhs.uk¬http://www.vistaroadsurgery.co.uk¬01925 225267
17751¬N83005001¬GP¬UNKNOWN¬Visible¬True¬True¬Burtonwood Village Surgery¬Kinnock Park¬Burtonwood¬¬Warrington¬Cheshire¬WA5 4PU¬53.431159973144531¬-2.6562614440917969¬01X¬NHS St Helens CCG¬01925222012¬¬http://www.vistaroadsurgery.co.uk¬01925 224334
17752¬N83006¬GP¬UNKNOWN¬Visible¬True¬True¬Phoenix Medical Centre¬28-30 Duke Street¬¬¬St Helens¬Merseyside¬WA10 2JP¬53.455699920654297¬-2.7401082515716553¬01X¬NHS St Helens CCG¬01744621120¬¬¬01744 628461
17754¬N83007¬GP¬UNKNOWN¬Visible¬True¬True¬Lingholme Health Centre¬Atherton Street¬St Helens¬¬St. Helens¬Merseyside¬WA10 2HT¬53.457775115966797¬-2.7447376251220703¬01X¬NHS St Helens CCG¬01744624200¬¬http://lingholme.co.uk¬01744 20647
17755¬N83008001¬GP¬UNKNOWN¬Visible¬True¬True¬Smith & Partners¬¬Halefield Street¬St Helens¬St. Helens¬Merseyside¬WA10 2DE¬53.457775115966797¬-2.7417104244232178¬01X¬NHS St Helens CCG¬0174422520¬¬http://www.fergusonfamilymedical.co.uk¬
17756¬N83008¬GP¬UNKNOWN¬Visible¬True¬True¬Berrymead Family Med.Ctr.¬140 Berrys Lane¬¬¬St Helens¬Merseyside¬WA9 3RP¬53.444049835205078¬-2.6984875202178955¬01X¬NHS St Helens CCG¬0174425533¬¬http://www.fergusonfamilymedical.co.uk¬01744 734752
17757¬N83009¬GP¬UNKNOWN¬Visible¬True¬True¬WINGATE MEDICAL CENTRE¬79 Bigdale Drive¬Kirkby¬¬Liverpool¬Merseyside¬L33 6YJ¬53.488391876220703¬-2.8746323585510254¬01J¬NHS Knowsley CCG¬01515462958¬¬http://www.wingatemedicalcentre.co.uk¬0151 546 2914
17758¬N83010¬GP¬UNKNOWN¬Visible¬True¬True¬Rainhill Village Surgery¬529 Warrington Road¬Rainhill¬¬Prescot¬Merseyside¬L35 4LP¬53.416313171386719¬-2.7637982368469238¬01X¬NHS St Helens CCG¬01515115672¬rainhill.villagesurgery@nhs.net¬http://www.rainhillvillagesurgery.co.uk/¬0151 430 6210
17759¬N83012¬GP¬UNKNOWN¬Visible¬True¬True¬Mill Street Medical Centre¬2 Mill Street¬¬¬St Helens¬Merseyside¬WA10 2BD¬53.456573486328125¬-2.7399275302886963¬01X¬NHS St Helens CCG¬01744624810¬¬http://www.millstreetmedicalcentre.co.uk¬01744 28398
17760¬N83013¬GP¬UNKNOWN¬Visible¬True¬True¬The Health Centre Surgery¬The Halewood Centre¬Roseheath Drive¬Halewood¬Liverpool¬Merseyside¬L26 9UH¬53.359012603759766¬-2.8255653381347656¬01J¬NHS Knowsley CCG¬01514863780¬¬http://www.thcsurgery.uk¬0151 448 0650
17761¬N83014¬GP¬UNKNOWN¬Visible¬True¬True¬Dinas Lane Medical Centre¬149 Dinas Lane¬¬¬Liverpool¬Merseyside¬L36 2NW¬53.417392730712891¬-2.8614983558654785¬01J¬NHS Knowsley CCG¬01514892298¬¬http://www.dinaslanemc.co.uk/¬0151 489 4332
17762¬N83015¬GP¬UNKNOWN¬Visible¬True¬True¬Bluebell Lane Surgery¬The Blue Bell Centre¬Blue Bell Lane¬Huyton¬Liverpool¬Merseyside¬L36 7XY¬53.419532775878906¬-2.8427927494049072¬01J¬NHS Knowsley CCG¬0151 902 0030¬¬http://www.bluebelllanemedicalpractice.nhs.uk/¬0151 489 8599
17764¬N83017¬GP¬UNKNOWN¬Visible¬True¬True¬Hall Street Medical Centre¬28-30 Hall Street¬¬¬St Helens¬Merseyside¬WA10 1DW¬53.452655792236328¬-2.7324655055999756¬01X¬NHS St Helens CCG¬01744733113¬rp.hallstreet@hsthpct.nhs.uk¬¬01744 457308
17765¬N83018¬GP¬UNKNOWN¬Visible¬True¬True¬Dr P Rigby And Partners¬Leachcroft¬Waterpark Drive¬Stockbridge Village¬Liverpool¬Merseyside¬L28 1ST¬53.435863494873047¬-2.8669297695159912¬01J¬NHS Knowsley CCG¬01514899924¬¬¬0151 244 4499
17766¬N83019¬GP¬UNKNOWN¬Visible¬True¬True¬Billinge Medical Practice¬Recreation Drive¬¬¬Wigan¬Lancashire¬WN5 7LY¬53.497669219970703¬-2.7069361209869385¬01X¬NHS St Helens CCG¬01744892205¬¬http://www.billingemedicalpractice.org/¬01744 895796
17767¬N83019002¬GP¬UNKNOWN¬Visible¬True¬True¬Billinge Medical Practice (Orrell Branch)¬58 Church Street¬Orrell¬¬Wigan¬Lancashire¬WN5 8TQ¬53.531093597412109¬-2.709846019744873¬01X¬NHS St Helens CCG¬01695622982¬¬¬
17768¬N83020¬GP¬UNKNOWN¬Visible¬True¬True¬Haydock Medical Centre¬Woodside HealthCare Centre¬Woodside Rd¬Haydock¬St. Helens¬Merseyside¬WA11 0NA¬53.468574523925781¬-2.6568825244903564¬01X¬NHS St Helens CCG¬01744 624360¬¬http://www.haydockmc.com¬01744 624382
17769¬N83021¬GP¬UNKNOWN¬Visible¬True¬True¬Four Acre Health Centre¬Burnage Avenue¬Clock Face¬¬St. Helens¬Merseyside¬WA9 4QB¬53.418895721435547¬-2.7233836650848389¬01X¬NHS St Helens CCG¬01744 819884¬¬https://fouracrehealthcentre.co.uk/¬01744 850382
17770¬N83022001¬GP¬UNKNOWN¬Visible¬True¬True¬Lime Grove Surgery¬Ashtons Green Clinic¬Ashtons Green Drive¬Parr St Helens¬St. Helens¬Merseyside¬WA9 2AP¬53.451103210449219¬-2.6959681510925293¬01X¬NHS St Helens CCG¬01744624333¬¬¬01744 454981
17771¬N83022¬GP¬UNKNOWN¬Visible¬True¬True¬Lime Grove Surgery¬Woodside Healthcare Centre¬Woodside Road¬Haydock St Helens¬St Helens¬Merseyside¬WA11 0NA¬53.46868896484375¬-2.6566154956817627¬01X¬NHS St Helens CCG¬01744624333¬¬https://limegrovesurgery.com¬01744 454981
17772¬N83023¬GP¬UNKNOWN¬Visible¬True¬True¬Park House Surgery¬Fingerpost Park Health Centre¬Atlas Street¬¬St. Helens¬Merseyside¬WA9 1LN¬53.454216003417969¬-2.7241346836090088¬01X¬NHS St Helens CCG¬01744752521¬¬http://www.parkhousesurgerysthelens.nhs.uk¬01744 454601
17773¬N83024¬GP¬UNKNOWN¬Visible¬True¬True¬PARK HOUSE MEDICAL CENTRE¬Prescot Primary Care Resource Centre¬Sewell Street¬¬Prescot¬Merseyside¬L34 1ND¬53.426712036132813¬-2.8052806854248047¬01J¬NHS Knowsley CCG¬01514265253¬¬www.parkhousemedicalcentre.co.uk¬0151 431 0632
17774¬N83025¬GP¬UNKNOWN¬Visible¬True¬True¬Cornerways Medical Centre Ltd¬North Huyton P C R C¬Woolfall Heath Avenue¬¬Huyton¬Merseyside¬L36 3TN¬53.422889709472656¬-2.8559062480926514¬01J¬NHS Knowsley CCG¬0151 902 0020¬¬http://www.cornerwaysmedicalcentre.nhs.uk/¬0151 489 0528
17775¬N83026¬GP¬UNKNOWN¬Visible¬True¬True¬Dr Momosir Ali¬Lowe House Hcrc¬103 Crab Street¬¬St Helens¬Merseyside¬WA10 2DJ¬53.456691741943359¬-2.7425951957702637¬01X¬NHS St Helens CCG¬01744624880¬gp.n83026@nhs.net¬¬
17776¬N83027¬GP¬UNKNOWN¬Visible¬True¬True¬Central Surgery¬Lowe House HCRC¬103 Crab Street¬¬St Helens¬Merseyside¬WA10 2DJ¬53.456691741943359¬-2.7425951957702637¬01X¬NHS St Helens CCG¬01744 627660¬central.surgery@sthelensccg.nhs.uk¬https://www.centralsurgerysthelens.co.uk/¬
17777¬N83028007¬GP¬UNKNOWN¬Visible¬True¬True¬North Huyton Primary Care Resource Centre (Aston Healthcare)¬Woolfall Heath Avenue¬Huyton¬¬Liverpool¬Merseyside¬L36 3TN¬53.422889709472656¬-2.8559062480926514¬01J¬NHS Knowsley CCG¬01514892888¬¬http://www.astonhealth.com/¬0151 489 8382 
17778¬N83028005¬GP¬UNKNOWN¬Visible¬True¬True¬Whiston Health Centre¬Whiston Primary Care Resource Centre¬Old Colliery Road¬¬Prescot¬Merseyside¬L35 3SX¬53.415630340576172¬-2.8008735179901123¬01J¬NHS Knowsley CCG¬0151 426 6288¬¬https://www.astonhealth.nhs.uk/¬
17779¬N83028006¬GP¬UNKNOWN¬Visible¬True¬True¬Knowsley Medical Centre¬Knowsley Medical Centre¬Frederik Lunt Avenue¬¬Knowsley¬Merseyside¬L34 0HF¬53.451061248779297¬-2.8508107662200928¬01J¬NHS Knowsley CCG¬0151 546 3458¬¬https://www.astonhealth.nhs.uk/¬
17780¬N83028¬GP¬UNKNOWN¬Visible¬True¬True¬Aston Healthcare Limited¬Manor Farm Primary Care Resource Centre¬Huyton¬¬Liverpool¬Merseyside¬L36 0UB¬53.404556274414063¬-2.8310348987579346¬01J¬NHS Knowsley CCG¬01514801244¬¬https://www.astonhealth.nhs.uk/¬
17781¬N83028003¬GP¬UNKNOWN¬Visible¬True¬True¬Aston Healthcare Limited¬Camberley Drive Medical¬11B Camberley Drive¬¬Halewood¬Merseyside¬L25 9PS¬53.367450714111328¬-2.8513076305389404¬01J¬NHS Knowsley CCG¬0151 486 1178¬¬https://www.astonhealth.nhs.uk/¬
17782¬N83028001¬GP¬UNKNOWN¬Visible¬True¬True¬Gresford Medical Centre¬Gresford Medical Centre¬Pilch Lane¬Huyton¬Liverpool¬Merseyside¬L14 0JE¬53.413990020751953¬-2.8735709190368652¬01J¬NHS Knowsley CCG¬0151 489 2020¬¬https://www.astonhealth.nhs.uk/¬
17783¬N83028002¬GP¬UNKNOWN¬Visible¬True¬True¬The Halewood Centre (Aston Healthcare)¬The Halewood Centre¬Roseheath Drive¬Halewood¬Liverpool¬Merseyside¬L26 9UH¬53.359012603759766¬-2.8255653381347656¬01J¬NHS Knowsley CCG¬0151 281 4041¬¬https://www.astonhealth.nhs.uk/¬
17784¬N83030¬GP¬UNKNOWN¬Visible¬True¬True¬PILCH LANE SURGERY¬Pilch Lane¬Huyton¬¬Liverpool¬Merseyside¬L14 0JE¬53.413990020751953¬-2.8735709190368652¬01J¬NHS Knowsley CCG¬01514891806¬¬¬0151 489 0920
17785¬N83031¬GP¬UNKNOWN¬Visible¬True¬True¬Roseheath Surgery Ltd¬The Halewood Centre¬Roseheath Drive¬Halewood¬Liverpool¬Merseyside¬L26 9UH¬53.359012603759766¬-2.8255653381347656¬01J¬NHS Knowsley CCG¬0151 902 0025¬¬http://www.roseheathsurgery.nhs.uk/¬0151 486 1127
17786¬N83032¬GP¬UNKNOWN¬Visible¬True¬True¬MILLBROOK MEDICAL CENTRE¬Southdene Primary Care Resource Centre¬Bewley Drive¬¬Kirkby¬Merseyside¬L32 9PF¬53.475700378417969¬-2.8875699043273926¬01J¬NHS Knowsley CCG¬01515462480¬millbrook.mc@knowsleyccg.nhs.uk¬http://www.millbrookmedicalcentre.nhs.uk/¬0151 548 3474
17787¬N83032001¬GP¬UNKNOWN¬Visible¬True¬True¬MILLBROOK MEDICAL CENTRE¬Towerhill Primary Care Resource Centre¬Ebony Way¬Kirkby¬Liverpool¬Merseyside¬L33 1XT¬53.495204925537109¬-2.8865454196929932¬01J¬NHS Knowsley CCG¬01515464062¬millbrook.mc@knowsleyccg.nhs.uk¬http://www.millbrookmedicalcentre.nhs.uk/¬0151 546 3469
17788¬N83033¬GP¬UNKNOWN¬Visible¬True¬True¬Dr Ri King's Practice¬32 Leeside Avenue¬Kirkby¬¬Liverpool¬Merseyside¬L32 9QU¬53.475166320800781¬-2.882270336151123¬01J¬NHS Knowsley CCG¬01512444530¬¬http://www.stlaurencesmc.co.uk¬0151 547 4747
17789¬N83035¬GP¬UNKNOWN¬Visible¬True¬True¬The Spinney Medical Centre¬23 Whittle Street¬¬¬St Helens¬Merseyside¬WA10 3EE¬53.440876007080078¬-2.7590599060058594¬01X¬NHS St Helens CCG¬01744758999¬¬https://www.spinneymedicalcentre.co.uk¬01744 758322
17790¬N83041¬GP¬UNKNOWN¬Visible¬True¬True¬Rainford Health Centre¬Higher Lane¬Rainford¬¬St. Helens¬Merseyside¬WA11 8AZ¬53.500682830810547¬-2.7817318439483643¬01X¬NHS St Helens CCG¬01744882855 (ext. 457361)¬¬http://www.rainfordhealthcentre.co.uk¬01744 886559
17791¬N83043¬GP¬UNKNOWN¬Visible¬True¬True¬Longview Medical Centre¬Longview Drive¬¬¬Liverpool¬Merseyside¬L36 6EB¬53.4154052734375¬-2.8250174522399902¬01J¬NHS Knowsley CCG¬01514892833¬¬http://longviewmedicalcentre.co.uk/¬0151 480 1133
17792¬N83045¬GP¬UNKNOWN¬Visible¬True¬True¬Newton Medical Centre¬1 Belvedere Road¬¬¬Newton Le Willows¬Merseyside¬WA12 0JJ¬53.457176208496094¬-2.6383717060089111¬01X¬NHS St Helens CCG¬01744624885¬bridgestreetsurgery@nhs.net¬https://www.ssphealth.com¬01744 624307
17793¬N83047¬GP¬UNKNOWN¬Visible¬True¬True¬TARBOCK MEDICAL CENTRE¬Manor Farm Resource Centre¬Manor Farm Road¬¬Liverpool¬Merseyside¬L36 0UB¬53.404556274414063¬-2.8310348987579346¬01J¬NHS Knowsley CCG¬01514891444¬¬¬0151 481 0042
17794¬N83049¬GP¬UNKNOWN¬Visible¬True¬True¬Kenneth MacRae Medical Centre¬32 Church Road¬Rainford St Helens¬¬St Helens¬Merseyside¬WA11 8HJ¬53.499034881591797¬-2.7864201068878174¬01X¬NHS St Helens CCG¬01744882606¬¬www.kennethmacraemedicalcentre.co.uk¬01744 883546
17795¬N83050¬GP¬UNKNOWN¬Visible¬True¬True¬The Bowery Medical Centre¬Elephant Lane¬¬¬St Helens¬Merseyside¬WA9 5PR¬53.436206817626953¬-2.7579681873321533¬01X¬NHS St Helens CCG¬01744816837¬¬http://www.ssphealth.com¬01744 850800
17796¬N83053¬GP¬UNKNOWN¬Visible¬True¬True¬Longton Medical Centre¬451 Warrington Road¬Rainhill Prescot¬¬Prescot¬Merseyside¬L35 4LL¬53.417495727539062¬-2.770108699798584¬01X¬NHS St Helens CCG¬01512904700¬¬http://www.longtonmedicalcentre.co.uk¬0151 431 0017
17797¬N83054¬GP¬UNKNOWN¬Visible¬True¬True¬Bethany Medical Centre¬151 Grafton Street¬¬¬St Helens¬Merseyside¬WA10 4GW¬53.453174591064453¬-2.7586016654968262¬01X¬NHS St Helens CCG¬01744734128¬bethany.reception@hsthpct.nhs.uk¬http://www.bethanymedicalcentre.co.uk¬
17798¬N83055¬GP¬UNKNOWN¬Visible¬True¬True¬TRENTHAM MEDICAL CENTRE¬The St Chads Centre¬St Chads Drive¬Kirkby¬Liverpool¬Merseyside¬L32 8RE¬53.482368469238281¬-2.8854036331176758¬01J¬NHS Knowsley CCG¬01515463711¬gp.n83055@nhs.net¬http://www.trenthammedicalcentre.nhs.uk/pages/default.aspx¬0151 244 3069
17801¬N83060¬GP¬UNKNOWN¬Visible¬True¬True¬Holly Bank Surgery¬Fingerpost Park Health Centre¬Atlas Street¬¬St Helens¬Merseyside¬WA9 1LN¬53.454216003417969¬-2.7241346836090088¬01X¬NHS St Helens CCG¬01744627540¬¬http://hollybanksurgery.nhs.uk¬01744 23342
17802¬N83601¬GP¬UNKNOWN¬Visible¬True¬True¬The Macmillan Surgery¬St Chads Centre¬St Chads Drive¬¬Liverpool¬Merseyside¬L32 8RE¬53.482368469238281¬-2.8854036331176758¬01J¬NHS Knowsley CCG¬01512444550¬¬http://www.themacmillansurgery.nhs.uk/¬0151 244 4230
17803¬N83603¬GP¬UNKNOWN¬Visible¬True¬True¬Dr Heath Prescot Medical Centre¬Sewell Street¬¬¬Prescot¬Merseyside¬L34 1ND¬53.426712036132813¬-2.8052806854248047¬01J¬NHS Knowsley CCG¬01514265277¬¬¬0151 430 6080
17804¬N83604¬GP¬UNKNOWN¬Visible¬True¬True¬Cornerstone Surgery¬Fingerpost Park Health Centre¬Atlas Street¬¬St. Helens¬Merseyside¬WA9 1LN¬53.454216003417969¬-2.7241346836090088¬01X¬NHS St Helens CCG¬01744738835¬cornerstone.surgery@sthelensccg.nhs.uk¬http://www.cornerstonesurgery.co.uk¬01744 454624
17805¬N83605¬GP¬UNKNOWN¬Visible¬True¬True¬The Hollies Medical Centre¬Hollies Road¬Halewood Village¬¬Liverpool¬Merseyside¬L26 0TH¬53.367874145507813¬-2.8285923004150391¬01J¬NHS Knowsley CCG¬01512443548¬hollies.medicalcentre@knowsley.nhs.uk¬http://www.theholliesmedicalcentre.co.uk/website/home.html¬0151 244 3558
17806¬N83608¬GP¬UNKNOWN¬Visible¬True¬True¬Dr Maassarani & Partners (Tower Hill) ¬Towerhill, Primary Care Resource Centre, Ebony Way¬Kirkby¬¬Liverpool¬Merseyside¬L33 1XT¬53.495204925537109¬-2.8865454196929932¬01J¬NHS Knowsley CCG¬0151 902 0010¬¬http://www.mazmedical.nhs.uk/¬0151 244 4011
17807¬N83609¬GP¬UNKNOWN¬Visible¬True¬True¬Dr Khine Kyaw¬Old Colliery Road¬Whiston¬¬Prescot¬Merseyside¬L35 3SX¬53.415630340576172¬-2.8008735179901123¬01J¬NHS Knowsley CCG¬01514265569¬¬¬0151 426 5969
17808¬N83610¬GP¬UNKNOWN¬Visible¬True¬True¬Colby Medical Centre Ltd¬The Bluebell Centre¬Bluebell Lane¬Huyton¬Liverpool¬Merseyside¬L36 7XY¬53.419532775878906¬-2.8427927494049072¬01J¬NHS Knowsley CCG¬01512443290¬¬http://www.colbymedical.co.uk¬0151 244 4014
17811¬N83614¬GP¬UNKNOWN¬Visible¬True¬True¬Eccleston Medical Centre Partnership¬Eccleston Medical Centre¬4 Millfields Court¬Eccleston¬St Helens¬Merseyside¬WA10 5RG¬53.452266693115234¬-2.7696084976196289¬01X¬NHS St Helens CCG¬01744454454¬¬http://ecclestonmedicalcentre.co.uk¬01744454622
17812¬N83619¬GP¬UNKNOWN¬Visible¬True¬True¬ROBY MEDICAL CENTRE¬70-72 Pilch Lane East¬¬¬Liverpool¬Merseyside¬L36 4NP¬53.411624908447266¬-2.8684675693511963¬01J¬NHS Knowsley CCG¬01514491972¬¬¬0151 489 4020
17813¬N83620001¬GP¬UNKNOWN¬Visible¬True¬True¬Dr P Gupta¬Windermere Medical Centre¬Windermere Avenue¬St Helens¬St. Helens¬Merseyside¬WA11 7AG¬53.475593566894531¬-2.7296514511108398¬01X¬NHS St Helens CCG¬01744624805¬¬https://www.sandfieldandwindermeremedicalcentres.com¬01744 758643
17814¬N83620¬GP¬UNKNOWN¬Visible¬True¬True¬Sandfield Medical Centre¬81 Liverpool Road¬¬¬St. Helens¬Merseyside¬WA10 1PN¬53.450851440429688¬-2.7435624599456787¬01X¬NHS St Helens CCG¬01744624804¬¬https://www.sandfieldandwindermeremedicalcentres.com¬01744 454492
17815¬N83621¬GP¬UNKNOWN¬Visible¬True¬True¬Hillside House Surgery¬Hillside Road¬The Blue Bell Centre¬Blue Bell Lane¬Liverpool¬Merseyside¬L36 7XY¬53.421756744384766¬-2.84271240234375¬01J¬NHS Knowsley CCG¬01514894539¬gpn83621@nhs.net¬https://www.hillsidehousesurgery.nhs.uk¬0151 449 2545
17816¬N83622¬GP¬UNKNOWN¬Visible¬True¬True¬PRIMROSE MEDICAL PRACTICE          ¬The Bluebell Centre¬Huyton¬¬Liverpool¬Merseyside¬L36 7XY¬53.419532775878906¬-2.8427927494049072¬01J¬NHS Knowsley CCG¬01514804205¬knccg.primrosesurgery@nhs.net¬http://www.primrosemedicalpractice.co.uk/¬0151 489 2204
17817¬N83624¬GP¬UNKNOWN¬Visible¬True¬True¬Dr Rahil's Surgery¬21A Old Whint Road¬Haydock¬¬St Helens¬Merseyside¬WA11 0DN¬53.464805603027344¬-2.6932699680328369¬01X¬NHS St Helens CCG¬01744612553¬¬¬01744 454619
17818¬N83628¬GP¬UNKNOWN¬Visible¬True¬True¬Newton Community Hospital Practice¬Bradlegh Road¬¬¬Newton Le Willows¬Merseyside¬WA12 8RB¬53.44598388671875¬-2.6352527141571045¬01X¬NHS St Helens CCG¬01744627600¬h.nchp@nhs.net¬http://www.ssphealth.com¬01925 229114
17819¬N83633¬GP¬UNKNOWN¬Visible¬True¬True¬Nutgrove Villa Surgery¬Nutgrove Villa¬Westmorland Road¬Huyton¬Liverpool¬Merseyside¬L36 6GA¬53.410366058349609¬-2.8409266471862793¬01J¬NHS Knowsley CCG¬01514893403¬nutgrove.reception@knowsleyccg.nhs.uk¬http://www.nutgrovevillasurgery.nhs.uk¬
17820¬N83635¬GP¬UNKNOWN¬Visible¬True¬True¬The Crossroads Surgery¬449 Warrington Road¬Rainhill¬¬Prescot¬Merseyside¬L35 4LL¬53.417495727539062¬-2.770108699798584¬01X¬NHS St Helens CCG¬0151 430 9989¬¬https://www.thecrossroadssurgery.nhs.uk¬0151 430 6008
17823¬N83637¬GP¬UNKNOWN¬Visible¬True¬True¬Newholme Surgery¬2Nd Floor, Lowe House Hcrc¬103 Crab Street¬¬St Helens¬Merseyside¬WA10 2DJ¬53.456691741943359¬-2.7425951957702637¬01X¬NHS St Helens CCG¬01744621730¬¬¬01744 454493
17824¬N84001¬GP¬UNKNOWN¬Visible¬True¬True¬42 Kingsway Surgery¬42 Kingsway¬Waterloo¬¬Liverpool¬Merseyside¬L22 4RQ¬53.48101806640625¬-3.0201525688171387¬01T¬NHS South Sefton CCG¬01519208800¬¬http://42kingsway.nhs.uk/¬0151 928 3775
17825¬N84002¬GP¬UNKNOWN¬Visible¬True¬True¬Aintree Road Medical Centre¬1B Aintree Road¬¬¬Bootle¬Merseyside¬L20 9DL¬53.456562042236328¬-2.981945276260376¬01T¬NHS South Sefton CCG¬01519221768¬¬http://aintreeroadmc.nhs.uk/¬0151 933 1514
17827¬N84003¬GP¬UNKNOWN¬Visible¬True¬True¬High Pastures Surgery¬138 Liverpool Road North¬¬¬Liverpool¬Merseyside¬L31 2HW¬53.519382476806641¬-2.9465208053588867¬01T¬NHS South Sefton CCG¬01515262161¬¬http://www.highpasturessurgery.nhs.uk/¬01515272377
17828¬N84004¬GP¬UNKNOWN¬Visible¬True¬True¬Glovers Lane Surgery¬Glovers Lane¬Netherton¬¬Bootle¬Merseyside¬L30 5TA¬53.488304138183594¬-2.9719474315643311¬01T¬NHS South Sefton CCG¬01515242444¬¬http://www.gloverslanesurgery.com¬0151 524 2880
17829¬N84005¬GP¬UNKNOWN¬Visible¬True¬True¬Cumberland House Surgery¬58 Scarisbrick New Road¬¬¬Southport¬Merseyside¬PR8 6PG¬53.638748168945312¬-2.9904229640960693¬01V¬NHS Southport And Formby CCG¬01704501500¬¬http://www.cumberlandhousesurgery.co.uk/¬01704 549382
17830¬N84006¬GP¬UNKNOWN¬Visible¬True¬True¬Chapel Lane Surgery¬13 Chapel Lane¬Formby¬¬Liverpool¬Merseyside¬L37 4DL¬53.557079315185547¬-3.061413049697876¬01V¬NHS Southport And Formby CCG¬01704876363¬sfccg.chapel-lane@nhs.net¬https://www.chapellanesurgery-formby.nhs.uk¬01704 833808
17831¬N84007¬GP¬UNKNOWN¬Visible¬True¬True¬Liverpool Road Surgery (Bird & Kassha Practice)¬133 Liverpool Road¬Crosby¬¬Liverpool¬Merseyside¬L23 5TE¬53.486660003662109¬-3.0232870578765869¬01T¬NHS South Sefton CCG¬01519313197¬¬¬0151 931 4006
17832¬N84007002¬GP¬UNKNOWN¬Visible¬True¬True¬Moss Lane Surgery (Bird & Kassha Practice)¬41 Moss Lane¬Bootle¬¬Liverpool¬Merseyside¬L20 0EA¬53.463573455810547¬-2.9745454788208008¬01T¬NHS South Sefton CCG¬01515251179¬¬http://www.misrabirdpractice.nhs.uk/¬0151 525 5071
17833¬N84008¬GP¬UNKNOWN¬Visible¬True¬True¬Norwood Surgery¬11 Norwood Avenue¬Southport¬¬Southport¬Merseyside¬PR9 7EG¬53.650012969970703¬-2.978175163269043¬01V¬NHS Southport And Formby CCG¬01704226973¬¬http://www.norwoodsurgerysouthport.nhs.uk/¬01704 505758
17835¬N84624¬GP¬UNKNOWN¬Visible¬True¬True¬Maghull Family Surgery¬Maghull Health Centre¬Westway¬Maghull¬Liverpool¬Merseyside¬L31 0DJ¬53.515602111816406¬-2.9439177513122559¬01T¬NHS South Sefton CCG¬01515202487¬¬http://www.maghullfamilysurgery.nhs.uk/¬0151 520 2487
17836¬N84011¬GP¬UNKNOWN¬Visible¬True¬True¬Eastview Surgery¬81 Crosby Road North¬¬Waterloo¬Liverpool¬Merseyside¬L22 4QD¬53.481067657470703¬-3.0236799716949463¬01T¬NHS South Sefton CCG¬01519207255¬¬http://www.eastviewsurgery.nhs.uk/¬0151 928 2090
17837¬N84012¬GP¬UNKNOWN¬Visible¬True¬True¬Ainsdale Medical Centre¬66 Station Road¬Ainsdale¬¬Southport¬Merseyside¬PR8 3HW¬53.602394104003906¬-3.0388076305389404¬01V¬NHS Southport And Formby CCG¬01704575133¬¬http://www.ainsdalemedicalcentre.nhs.net¬01704 573875
17838¬N84013¬GP¬UNKNOWN¬Visible¬True¬True¬Christiana Hartley Medical Practice¬5 Curzon Road¬¬¬Southport¬Merseyside¬PR8 6PL¬53.640308380126953¬-2.9834561347961426¬01V¬NHS Southport And Formby CCG¬01704531114¬christiana.hartley@nhs.net¬¬01704 385036
17839¬N84014¬GP¬UNKNOWN¬Visible¬True¬True¬Ainsdale Village Surgery¬2 Leamington Road¬¬¬Southport¬Merseyside¬PR8 3LB¬53.601207733154297¬-3.0365118980407715¬01V¬NHS Southport And Formby CCG¬01704577866¬gp.n84014@nhs.net¬http://www.ainsdalevillagesurgery.nhs.uk¬01704 395875
17840¬N84015¬GP¬UNKNOWN¬Visible¬True¬True¬Bootle Village Surgery¬204 Stanley Road¬Bootle¬¬Liverpool¬Merseyside¬L20 3EW¬53.449577331542969¬-2.989659309387207¬01T¬NHS South Sefton CCG¬01519337447¬nikki.reid@nhs.net¬¬0151 933 8600
17841¬N84016¬GP¬UNKNOWN¬Visible¬True¬True¬Moore Street Medical Centre¬77 Moore Street¬¬¬Bootle¬Merseyside¬L20 4SE¬53.458721160888672¬-3.0025084018707275¬01T¬NHS South Sefton CCG¬01519441066¬¬¬0151-933-4715
17842¬N84017¬GP¬UNKNOWN¬Visible¬True¬True¬Churchtown Medical Centre¬137 Cambridge Road¬¬¬Southport¬Merseyside¬PR9 7LT¬53.661777496337891¬-2.9650394916534424¬01V¬NHS Southport And Formby CCG¬01704224416¬¬http://www.churchtownmedicalcentre.nhs.uk¬01704 507168
17843¬N84018¬GP¬UNKNOWN¬Visible¬True¬True¬The Village Surgery¬12 Elbow Lane¬Formby¬¬Liverpool¬Merseyside¬L37 4AW¬53.555908203125¬-3.0616555213928223¬01V¬NHS Southport And Formby CCG¬01704878661¬¬http://www.thevillagesurgeryformby.nhs.uk¬
17844¬N84019¬GP¬UNKNOWN¬Visible¬True¬True¬North Park Health Centre¬290 Knowsley Road¬¬¬Bootle¬Merseyside¬L20 5DQ¬53.458396911621094¬-2.9959793090820312¬01T¬NHS South Sefton CCG¬0151 922 3841¬¬http://www.northparkmedical.co.uk/¬0151 933 7335
17845¬N84020¬GP¬UNKNOWN¬Visible¬True¬True¬Blundellsands Surgery¬1 Warren Road¬¬¬Liverpool¬Merseyside¬L23 6TZ¬53.484455108642578¬-3.0412580966949463¬01T¬NHS South Sefton CCG¬01519246464¬gp.n84020@nhs.net¬http://www.blundellsandssurgery.nhs.uk/¬0151 932 0663
17846¬N84021¬GP¬UNKNOWN¬Visible¬True¬True¬St. Mark's Medical Centre¬42 Derby Road¬¬¬Southport¬Merseyside¬PR9 0TZ¬53.646923065185547¬-2.9954404830932617¬01V¬NHS Southport And Formby CCG¬01704 511 700¬¬https://www.stmarksmc.nhs.uk¬01704 511 798
17847¬N84023¬GP¬UNKNOWN¬Visible¬True¬True¬Bridge Road Medical Centre¬66-68 Bridge Road¬Litherland¬¬Liverpool¬Merseyside¬L21 6PH¬53.46759033203125¬-3.0016326904296875¬01T¬NHS South Sefton CCG¬01519490249¬¬¬0151 928 2008
17848¬N84024¬GP¬UNKNOWN¬Visible¬True¬True¬The Grange Surgery¬41 York Road¬Birkdale¬¬Southport¬Merseyside¬PR8 2AD¬53.637176513671875¬-3.0127403736114502¬01V¬NHS Southport And Formby CCG¬01704560506¬¬http://www.thegrangesurgerybirkdale.nhs.uk¬01704 563108
17849¬N84025¬GP¬UNKNOWN¬Visible¬True¬True¬Drs Killough And Chamberlain¬Westway¬Magull¬¬Liverpool¬Merseyside¬L31 0DJ¬53.515602111816406¬-2.9439177513122559¬01T¬NHS South Sefton CCG¬01515261121¬ssccg.n84025@nhs.net¬http://www.westwaymcmaghull.nhs.uk/¬0151 295 8522
17850¬N84026¬GP¬UNKNOWN¬Visible¬True¬True¬Crosby Village Surgery¬3 Little Crosby Road¬Great Crosby¬¬Liverpool¬Merseyside¬L23 2TE¬53.493778228759766¬-3.0265185832977295¬01T¬NHS South Sefton CCG¬0151 924 2233¬¬http://www.crosbyvillagegpsurgery.nhs.uk/¬0151 931 5063
17851¬N84027¬GP¬UNKNOWN¬Visible¬True¬True¬Orrell Park Medical Centre¬Trinity Church¬Orrell Lane¬¬Liverpool¬Merseyside¬L9 8BU¬53.462028503417969¬-2.9629273414611816¬01T¬NHS South Sefton CCG¬01515253051¬¬www.ssphealth.com¬0151-523-1568
17852¬N84028¬GP¬UNKNOWN¬Visible¬True¬True¬The Strand Medical Centre¬272 Marsh Lane¬¬¬Bootle¬Merseyside¬L20 5BW¬53.453937530517578¬-2.9928479194641113¬01T¬NHS South Sefton CCG¬01519221600¬¬http://www.strandmedicalcentre.nhs.uk/¬0151 933 5300
17853¬N84029¬GP¬UNKNOWN¬Visible¬True¬True¬Ford Medical Practice¬91-93 Gorsey Lane¬Ford¬¬Liverpool¬Merseyside¬L21 0DF¬53.481315612792969¬-2.9968929290771484¬01T¬NHS South Sefton CCG¬0151 949 2000¬¬https://www.fordmedicalpractice.nhs.uk¬0151 949 2048
17855¬N84034¬GP¬UNKNOWN¬Visible¬True¬True¬Park Street Surgery¬Park Street¬¬¬Bootle¬Merseyside¬L20 3DF¬53.450294494628906¬-2.9868600368499756¬01T¬NHS South Sefton CCG¬01519223577¬¬https://www.parkstreetsurgery.nhs.uk/¬0151 933 6098
17856¬N84035¬GP¬UNKNOWN¬Visible¬True¬True¬Drs McElroy & Thompson Surgery¬15 Sefton Road¬Litherland¬¬Liverpool¬Merseyside¬L21 9HA¬53.471260070800781¬-3.0003030300140381¬01T¬NHS South Sefton CCG¬01519284820¬¬¬0151 949 1368
17857¬N84018001¬GP¬UNKNOWN¬Visible¬True¬True¬Freshfield Surgery¬61 Gores Lane¬Formby¬¬Liverpool¬Merseyside¬L37 3NU¬53.562889099121094¬-3.0640196800231934¬01V¬NHS Southport And Formby CCG¬01704879430¬¬http://www.thevillagesurgeryformby.nhs.uk¬01704 878621
17858¬N84037¬GP¬UNKNOWN¬Visible¬True¬True¬Lincoln House Surgery¬Lincoln House Surgery¬33 Lincoln Road¬Birkdale¬Southport¬Merseyside¬PR8 4PR¬53.618789672851563¬-3.0121943950653076¬01V¬NHS Southport And Formby CCG¬01704 566277¬¬http://www.lincolnhousesurgerysouthport.nhs.uk¬01704 565128
17859¬N84038¬GP¬UNKNOWN¬Visible¬True¬True¬Concept House Surgery¬17 Merton Road¬¬¬Bootle¬Merseyside¬L20 3BG¬53.449142456054688¬-2.9849059581756592¬01T¬NHS South Sefton CCG¬0151 476 7962¬¬http://www.concepthousesurgery.nhs.uk¬0151 247 6105
17860¬N84041¬GP¬UNKNOWN¬Visible¬True¬True¬Kingsway Surgery¬30 Kingsway¬Waterloo¬¬Liverpool¬Merseyside¬L22 4RQ¬53.48101806640625¬-3.0201525688171387¬01T¬NHS South Sefton CCG¬01519288668¬¬https://www.30kingswaysurgery.nhs.uk/¬0151 949 1117
17861¬N84043¬GP¬UNKNOWN¬Visible¬True¬True¬Seaforth Village Surgery¬¬20 Seaforth Road¬Litherland¬Liverpool¬Merseyside¬L21 3TA¬53.465938568115234¬-3.0069565773010254¬01T¬NHS South Sefton CCG¬0151 949 1717¬¬http://www.seaforthvillagesurgery.nhs.uk/¬
17862¬N84605¬GP¬UNKNOWN¬Visible¬True¬True¬Litherland Practice¬Litherland Town Hall Health Centre, Hatton Hill Road¬Litherland¬Liverpool¬Liverpool¬Merseyside¬L21 9JN¬53.472732543945313¬-3.0027182102203369¬01T¬NHS South Sefton CCG¬01514754840¬ssccg.litherland-n84605@nhs.net¬http://www.litherlandpractice.nhs.uk/¬0151 475 4844
17863¬N84611¬GP¬UNKNOWN¬Visible¬True¬True¬Roe Lane Surgery¬172 Roe Lane¬Churchtown¬¬Southport¬Merseyside¬PR9 7PN¬53.653640747070312¬-2.9677433967590332¬01V¬NHS Southport And Formby CCG¬01704228439¬admin@gp-n84611.nhs.uk¬http://www.roelanesurgery.nhs.uk¬01704 506878
17864¬N84613¬GP¬UNKNOWN¬Visible¬True¬True¬The Corner Surgery¬117 Fylde Road¬Marshside¬¬Southport¬Merseyside¬PR9 9XP¬53.671951293945312¬-2.963031530380249¬01V¬NHS Southport And Formby CCG¬01704506055¬¬http://www.thecornersurgery-southport.nhs.uk¬01704 507054
17865¬N84614¬GP¬UNKNOWN¬Visible¬True¬True¬The Marshside Surgery¬117 Fylde Road¬Marshside¬¬Southport¬Merseyside¬PR9 9XP¬53.671951293945312¬-2.963031530380249¬01V¬NHS Southport And Formby CCG¬01704505555¬¬https://www.marshsidesurgery.nhs.uk/¬01704 505818
17866¬N84615¬GP¬UNKNOWN¬Visible¬True¬True¬Rawson Road Surgery¬136-138 Rawson Road¬Seaforth¬¬Liverpool¬Merseyside¬L21 1HP¬53.468936920166016¬-3.0158405303955078¬01T¬NHS South Sefton CCG¬01519287576¬gp.n84615@nhs.net¬https://www.ssphealth.com¬0151 928 0270
17868¬N84617¬GP¬UNKNOWN¬Visible¬True¬True¬Kew Surgery¬85 Town Lane¬Kew¬¬Southport¬Merseyside¬PR8 6RG¬53.631820678710937¬-2.9835159778594971¬01V¬NHS Southport And Formby CCG¬01704 546800¬¬¬01704 540486
17869¬N84618¬GP¬UNKNOWN¬Visible¬True¬True¬The Hollies Surgery¬10 Elbow Lane¬Formby¬¬Liverpool¬Merseyside¬L37 4AF¬53.555255889892578¬-3.0614278316497803¬01V¬NHS Southport And Formby CCG¬01704877600¬¬https://theholliessurgery.nhs.uk/¬01704 833811
17870¬N84621¬GP¬UNKNOWN¬Visible¬True¬True¬Thornton Practice¬Bretlands Road¬Thornton¬¬Liverpool¬Merseyside¬L23 1TQ¬53.4970703125¬-2.9977447986602783¬01T¬NHS South Sefton CCG¬01512476365¬¬http://www.thorntonpractice.co.uk¬0151 247 6374
17872¬N84625¬GP¬UNKNOWN¬Visible¬True¬True¬The Family Surgery¬The Family Surgery¬107 Liverpool Road¬¬Southport¬Merseyside¬PR8 4DB¬53.629268646240234¬-3.0113413333892822¬01V¬NHS Southport And Formby CCG¬01704566646¬¬http://familysurgerybirkdale.nhs.uk/¬01704 550858
17873¬N84626¬GP¬UNKNOWN¬Visible¬True¬True¬Hightown Village Surgery¬1 St. Georges Road¬¬¬Hightown¬Merseyside¬L38 3RY¬53.530086517333984¬-3.0583541393280029¬01T¬NHS South Sefton CCG¬01519293603¬¬https://www.hightownvillagesurgery.co.uk/¬0151 929 3226
17874¬N84627¬GP¬UNKNOWN¬Visible¬True¬True¬Crossways Practice - PC24¬168 Liverpool Road¬Crosby¬¬Liverpool¬Merseyside¬L23 0QW¬53.484661102294922¬-3.023977518081665¬01T¬NHS South Sefton CCG¬01512930800¬¬http://www.crosswaysgppractice.nhs.uk/¬
17875¬N84630¬GP¬UNKNOWN¬Visible¬True¬True¬Netherton Health Centre¬Magdalen Square¬Bootle¬¬Liverpool¬Merseyside¬L30 5SP¬53.488613128662109¬-2.9723465442657471¬01T¬NHS South Sefton CCG¬01512476098¬¬¬0151 523 5455
17876¬N85001¬GP¬UNKNOWN¬Visible¬True¬True¬Estuary Medical Practice¬The Concourse¬Grange Road¬West Kirby¬Wirral¬Merseyside¬CH48 4HZ¬53.373497009277344¬-3.1830744743347168¬12F¬NHS Wirral CCG¬0151 625 9171¬wiccg.estuarymedicalpractice@nhs.net¬http://www.estuarymedicalwirral.nhs.uk¬0151 625 9499
17877¬N85002¬GP¬UNKNOWN¬Visible¬True¬True¬Marine Lake Medical Practice¬The Concourse¬Grange Road¬West Kirby¬Wirral¬Merseyside¬CH48 4HZ¬53.373497009277344¬-3.1830744743347168¬12F¬NHS Wirral CCG¬0151 625 9171¬wiccg.marinelakemedicalpractice@nhs.net¬http://www.marinelakemedicalwirral.nhs.uk/¬0151 625 9499
17878¬N85003¬GP¬UNKNOWN¬Visible¬True¬True¬Allport Medical Centre - H Walton¬43 Bridle Road¬Bromborough¬¬Wirral¬Merseyside¬CH62 6EE¬53.322288513183594¬-2.9718778133392334¬12F¬NHS Wirral CCG¬01513285630¬wir-pct.allportsurgery@nhs.net¬www.allportsurgery@nhs.uk¬0151 328 5635
17880¬N85005¬GP¬UNKNOWN¬Visible¬True¬True¬Eastham Group Practice - Kj Bush¬Tree Tops Primary Health Care Centre¬47 Bridle Road¬Bromborough¬Wirral¬Merseyside¬CH62 6EE¬53.322288513183594¬-2.9718778133392334¬12F¬NHS Wirral CCG¬01513271391¬wiccg.gatekeeper-n85005@nhs.net¬https://www.easthamgrouppractice.co.uk¬0151 3278670
17881¬N85006¬GP¬UNKNOWN¬Visible¬True¬True¬CIVIC MEDICAL CENTRE¬Civic Way¬Bebington¬¬Wirral¬Merseyside¬CH63 7RX¬53.350231170654297¬-3.0047976970672607¬12F¬NHS Wirral CCG¬01516456936¬¬www.civicmc.nhs.uk¬0151 643 1698
17882¬N85007¬GP¬UNKNOWN¬Visible¬True¬True¬Heswall And Pensby Group Practice¬270 Telegraph Road¬¬¬Heswall¬Merseyside¬CH60 7SG¬53.329174041748047¬-3.100147008895874¬12F¬NHS Wirral CCG¬01513422811¬¬http://www.hpgpwirral.nhs.uk/¬
17883¬N85008¬GP¬UNKNOWN¬Visible¬True¬True¬WEST WIRRAL GROUP PRACTICE¬The Warrens Medical Centre¬Arrowe Park Road¬¬Wirral¬Merseyside¬CH49 5PL¬53.359249114990234¬-3.0890679359436035¬12F¬NHS Wirral CCG¬01519295555¬¬http://www.westwirralgrouppractice.org.uk¬0151 929 5550
17884¬N85009¬GP¬UNKNOWN¬Visible¬True¬True¬Commonfield Road Surgery - Brodbin C¬156 Commonfield Road¬¬¬Wirral¬Merseyside¬CH49 7LP¬53.370193481445312¬-3.0863542556762695¬12F¬NHS Wirral CCG¬01516770016¬¬¬0151 605 1674
17886¬N85012¬GP¬UNKNOWN¬Visible¬True¬True¬St Georges Medical Centre¬Field Road¬New Brighton¬¬Wallasey¬Merseyside¬CH45 5LN¬53.433513641357422¬-3.0451970100402832¬12F¬NHS Wirral CCG¬01516302080¬¬http://www.stgeorgesmedicalcentre.com¬01516370370
17887¬N85013¬GP¬UNKNOWN¬Visible¬True¬True¬UPTON GROUP PRACTICE¬32 Ford Road¬¬¬Wirral¬Merseyside¬CH49 0TF¬53.385154724121094¬-3.0895769596099854¬12F¬NHS Wirral CCG¬01516770486¬¬¬0151 604-0365
17888¬N85014¬GP¬UNKNOWN¬Visible¬True¬True¬Townfield Health Centre¬Townfield Health Centre¬Townfield Close¬Prenton¬Birkenhead¬Merseyside¬CH43 9JW¬53.378787994384766¬-3.0642340183258057¬12F¬NHS Wirral CCG¬0151 488 7511¬wiccg.townfieldhc@nhs.net¬http://www.townfieldmedical.co.uk¬0151 652 0462
17889¬N85015¬GP¬UNKNOWN¬Visible¬True¬True¬Devaney Medical Centre - Jw Bates¬40 Balls Road¬Oxton¬Wirral¬Prenton¬Merseyside¬CH43 5RE¬53.385189056396484¬-3.0375106334686279¬12F¬NHS Wirral CCG¬01516524281¬¬http://www.devaneymedicalcentre.nhs.uk¬0151 670 0445
17890¬N85016¬GP¬UNKNOWN¬Visible¬True¬True¬Riverside Surgery¬Riverside Surgery¬525 New Chester Road¬Rock Ferry¬Birkenhead¬Merseyside¬CH42 2AG¬53.37200927734375¬-3.0061821937561035¬12F¬NHS Wirral CCG¬0151 645 3464¬riversidesurgery.birkenhead@nhs.net¬https://riversidesurgerywirral.nhs.uk/¬
17891¬N85017¬GP¬UNKNOWN¬Visible¬True¬True¬CAVENDISH MEDICAL CENTRE¬Birkenhead Medical Building¬31 Laird Street¬¬Birkenhead¬Merseyside¬CH41 8DB¬53.398235321044922¬-3.046475887298584¬12F¬NHS Wirral CCG¬01516521955¬¬http://www.cavendishmedicalcentre.nhs.uk/¬
17892¬N85018¬GP¬UNKNOWN¬Visible¬True¬True¬Villa Medical Centre - Nmp Cookson¬1-2 Roman Road¬¬¬Prenton¬Merseyside¬CH43 3DB¬53.364273071289063¬-3.051804780960083¬12F¬NHS Wirral CCG¬01516084702¬wir-pct.thevillamedicalcentre@nhs.net¬http://www.villamedicalcentrewirral.nhs.uk¬0151 6090067
17893¬N85019¬GP¬UNKNOWN¬Visible¬True¬True¬WHETSTONE MEDICAL CENTRE¬44 Whetstone Lane¬¬¬Birkenhead¬Merseyside¬CH41 2TF¬53.387313842773438¬-3.0296833515167236¬12F¬NHS Wirral CCG¬01516479613¬¬https://www.whetstonemc.nhs.uk¬01516500875
17894¬N85020¬GP¬UNKNOWN¬Visible¬True¬True¬St Catherine's Health Centre¬1st and 2nd Floor, Wing 4¬St Catherine’s Health Centre¬Church Road¬Birkenhead¬Merseyside¬CH42 0LQ¬53.380035400390625¬-3.0265161991119385¬12F¬NHS Wirral CCG¬01516436700¬wiccg.stcatherinessurgery@nhs.net¬http://www.stcatherinessurgery-wirral.nhs.uk¬0151 643 6709
17895¬N85021¬GP¬UNKNOWN¬Visible¬True¬True¬Hamilton Medical Centre¬86 Market Street¬¬¬Birkenhead¬Merseyside¬CH41 6HB¬53.393009185791016¬-3.0184974670410156¬12F¬NHS Wirral CCG¬01516490191¬wir-pct.hamilton@nhs.net¬http://www.hamiltonmedicalcentre.com/¬0151 650 0978
17896¬N85022¬GP¬UNKNOWN¬Visible¬True¬True¬Holmlands Med Ctr¬16 Holmlands Drive¬Oxton¬Birkenhead¬Prenton¬Merseyside¬CH43 0TX¬53.372734069824219¬-3.0604605674743652¬12F¬NHS Wirral CCG¬01516087750¬¬www.holmlandsmcwirral.nhs.uk¬0151 608-0989
17897¬N85023¬GP¬UNKNOWN¬Visible¬True¬True¬MANOR HEALTH CENTRE¬Liscard Village¬Liscard¬¬Wallasey¬Merseyside¬CH45 4JG¬53.421066284179688¬-3.0444784164428711¬12F¬NHS Wirral CCG¬01516388221¬¬http://www.manorhcwirral.nhs.uk¬0151 639 6512
17898¬N85024¬GP¬UNKNOWN¬Visible¬True¬True¬Drs Wilson, Evans & Halder¬Somerville Medical Centre¬69 Gorsey Lane¬¬Wallasey¬Merseyside¬CH44 4AA¬53.410076141357422¬-3.0419526100158691¬12F¬NHS Wirral CCG¬01516389333¬wiccg.gatekeepern85024@nhs.net¬http://www.somervillemedicalcentre.co.uk/¬0843 290 5809
17899¬N85025¬GP¬UNKNOWN¬Visible¬True¬True¬St Hilary Group Practice¬Broadway¬¬¬Wallasey¬Merseyside¬CH45 3NA¬53.421516418457031¬-3.0615596771240234¬12F¬NHS Wirral CCG¬01516382216¬wiccg.shgpadmin@nhs.net¬http://www.sthilarygrouppractice.co.uk¬
17901¬N85027¬GP¬UNKNOWN¬Visible¬True¬True¬Central Park Medical Centre - Ap Powell (Senior Partner)¬Mill Lane¬¬¬Wallasey¬Merseyside¬CH44 5UF¬53.415660858154297¬-3.0458505153656006¬12F¬NHS Wirral CCG¬01516388833¬wiccg.gatekeeper-n85027@nhs.net¬http://www.centralparkmcwirral.nhs.uk/index.aspx¬0151 637 0208
17902¬N85028¬GP¬UNKNOWN¬Visible¬True¬True¬Moreton Cross Group Practice - R Alman¬Pasture Road¬¬¬Wirral¬Merseyside¬CH46 8SA¬53.403537750244141¬-3.1119625568389893¬12F¬NHS Wirral CCG¬01516780993¬wiccg.mxgp@nhs.net¬http://www.moretoncrossgpwirral.nhs.uk/¬0151 6040416
17903¬N85044002¬GP¬UNKNOWN¬Visible¬True¬True¬FENDER WAY HEALTH CENTRE¬Fender Way¬¬Prenton¬Wirral¬Merseyside¬CH43 9QS¬53.388980865478516¬-3.0823667049407959¬12F¬NHS Wirral CCG¬0151 651 4995¬¬¬0151 678 7315
17904¬N85031¬GP¬UNKNOWN¬Visible¬True¬True¬Gladstone Medical Centre - M Salahuddin¬241-247 Old Chester Road¬Lower Tranmere¬¬Birkenhead¬Merseyside¬CH42 3TD¬53.37554931640625¬-3.0150141716003418¬12F¬NHS Wirral CCG¬01516452306¬wiccg.gatekeeper-n85031@nhs.net¬http://www.gladstonemed.co.uk¬0151 643 1734
17905¬N85032¬GP¬UNKNOWN¬Visible¬True¬True¬Greasby Group Practice - Pj Coppock¬Greasby Road¬Greasby¬¬Wirral¬Merseyside¬CH49 3AT¬53.377616882324219¬-3.1214039325714111¬12F¬NHS Wirral CCG¬01516783000¬¬http://www.greasbygrouppractice.nhs.uk/¬0151 6041813
17907¬N85037¬GP¬UNKNOWN¬Visible¬True¬True¬Heatherlands Med Ctr¬396 New Hey Road¬Woodchurch¬¬Wirral¬Merseyside¬CH49 9DA¬53.381481170654297¬-3.0895280838012695¬12F¬NHS Wirral CCG¬01516772172¬¬www.heatherlands.net¬0151 678 1242
17908¬N85038¬GP¬UNKNOWN¬Visible¬True¬True¬Vittoria Med Ctr G¬Vittoria Street¬¬¬Birkenhead¬Merseyside¬CH41 3RH¬53.3963623046875¬-3.0301425457000732¬12F¬NHS Wirral CCG¬01516477321¬¬¬0151 650 0942
17909¬N85040¬GP¬UNKNOWN¬Visible¬True¬True¬Moreton Health Clinic - J Wright¬8-14 Chadwick Street¬Moreton¬¬Wirral¬Merseyside¬CH46 7XA¬53.400711059570312¬-3.1124675273895264¬12F¬NHS Wirral CCG¬01515220099¬wiccg.mhc@nhs.net¬http://www.moretonhealthclinic.nhs.uk/index.aspx¬0151 604 0372
17911¬N85044¬GP¬UNKNOWN¬Visible¬True¬True¬Claughton Medical Centre - Bw Taylor And Partners¬161 Park Road North¬¬¬Birkenhead¬Merseyside¬CH41 0DD¬53.396812438964844¬-3.05161452293396¬12F¬NHS Wirral CCG¬01516521688¬¬¬0151 670-0565
17912¬N85046¬GP¬UNKNOWN¬Visible¬True¬True¬HOYLAKE ROAD MEDICAL CENTRE¬314 Hoylake Road¬¬¬Wirral¬Merseyside¬CH46 6DE¬53.399299621582031¬-3.1165897846221924¬12F¬NHS Wirral CCG¬01516772425¬wiccg.hoylakemc@nhs.net¬http://www.hoylakeroadmcwirral.nhs.uk/¬0151 604 0482
17913¬N85047¬GP¬UNKNOWN¬Visible¬True¬True¬THE ORCHARD SURGERY¬The Orchard¬Bromborough Village Road¬¬Wirral¬Merseyside¬CH62 7EU¬53.331600189208984¬-2.9772102832794189¬12F¬NHS Wirral CCG¬01513342084¬¬¬0151 343 9437
17914¬N85048¬GP¬UNKNOWN¬Visible¬True¬True¬Moreton Medical Centre - A Pereira¬27 Upton Road¬¬¬Wirral¬Merseyside¬CH46 0PE¬53.39886474609375¬-3.1099908351898193¬12F¬NHS Wirral CCG¬01516772327¬¬www.moretonmcwirral.nhs.uk¬0151 677 8181
17915¬N85051¬GP¬UNKNOWN¬Visible¬True¬True¬Sunlight Group Practice¬Parkfield Medical Centre¬Sefton Road¬¬Wirral¬Merseyside¬CH62 5HS¬53.363079071044922¬-3.0000357627868652¬12F¬NHS Wirral CCG¬0151 644 0055¬wiccg.reception-sunlight@nhs.net¬http://www.parkfieldmedicalcentrewirral.nhs.uk¬0151 645 8399
17916¬N85052¬GP¬UNKNOWN¬Visible¬True¬True¬Grove Road Surgery - R Tandon¬71 Grove Road¬¬¬Wallasey¬Merseyside¬CH45 3HF¬53.429676055908203¬-3.0637893676757812¬12F¬NHS Wirral CCG¬01516394616¬¬http://www.groveroadsurgerywirral.nhs.uk/¬0151 637-0182
17918¬N85054¬GP¬UNKNOWN¬Visible¬True¬True¬Kings Lane Med Practice¬Higher Bebington Health Centre¬25 Brackenwood Road¬Higher Bebington¬Wirral¬Merseyside¬CH63 2LR¬53.35009765625¬-3.0236632823944092¬12F¬NHS Wirral CCG¬01516084347¬¬http://www.kingslane.net¬
17920¬N85057¬GP¬UNKNOWN¬Visible¬True¬True¬Teehey Lane Surgery¬66-68 Teehey Lane¬Bebington¬¬Wirral¬Merseyside¬CH63 2JN¬53.352657318115234¬-3.0228383541107178¬12F¬NHS Wirral CCG¬01516082519¬wiccg.gatekeeper-n85057@nhs.net¬https://www.teeheylanemedical.co.uk¬01516089249
17922¬N85059¬GP¬UNKNOWN¬Visible¬True¬True¬Hoylake and Meols Medical Centre¬Warwick House¬Station Approach¬Meols¬Wirral¬Merseyside¬CH47 8XA¬53.399852752685547¬-3.1555743217468262¬12F¬NHS Wirral CCG¬0151 632 6660¬¬http://www.hmmcwirral.nhs.uk/¬0151 632 5073
17924¬N85616¬GP¬UNKNOWN¬Visible¬True¬True¬Liscard Group Practice - Staples B¬Victoria Central Health Centre¬Mill Lane¬¬Wallasey¬Merseyside¬CH44 5UF¬53.415660858154297¬-3.0458505153656006¬12F¬NHS Wirral CCG¬01516384764¬wiccg.liscardgrouppractice@nhs.net¬http://www.liscardgrouppracticewirral.nhs.uk¬
17925¬N85617¬GP¬UNKNOWN¬Visible¬True¬True¬Spital Surgery¬1-1A Lancelyn Precinct¬Spital Road¬¬Wirral¬Merseyside¬CH63 9JP¬53.340980529785156¬-3.0036640167236328¬12F¬NHS Wirral CCG¬01513344019¬¬http://www.spitalsurgery.nhs.uk¬0151 346 1063
17926¬N85625001¬GP¬UNKNOWN¬Visible¬True¬True¬Earlston And Seabank Medical Centre¬¬1-3 Earlston Road¬¬Wirral¬Merseyside¬CH45 5DX¬53.428627014160156¬-3.043309211730957¬12F¬NHS Wirral CCG¬0151 639 2635¬wiccg.gatekeepern85625@nhs.net¬http://www.miriamprimarycaregroup.co.uk/¬0151 638 7008
17927¬N85620¬GP¬UNKNOWN¬Visible¬True¬True¬THE VILLAGE MEDICAL CENTRE¬27 Grove Road¬¬¬Wallasey¬Merseyside¬CH45 3HE¬53.429069519042969¬-3.0663328170776367¬12F¬NHS Wirral CCG¬0151 691 1112¬¬http://www.wvgp.co.uk¬0151 637 0266
17928¬N85625¬GP¬UNKNOWN¬Visible¬True¬True¬MIRIAM MEDICAL CENTRE¬Birkenhead Medical Building¬31 Laird Street¬¬Birkenhead¬Merseyside¬CH41 8DB¬53.398235321044922¬-3.046475887298584¬12F¬NHS Wirral CCG¬0151 652 6077¬wiccg.gatekeepern85625@nhs.net¬http://www.miriamprimarycaregroup.co.uk/¬0151 651 0018
17929¬N85629¬GP¬UNKNOWN¬Visible¬True¬True¬Egremont Medical Centre¬9 King Street¬¬¬Wallasey¬Merseyside¬CH44 8AT¬53.418804168701172¬-3.0273294448852539¬12F¬NHS Wirral CCG¬0151 639 0777¬¬https://www.egremontmc.co.uk¬0151 637 0532
17930¬N85633¬GP¬UNKNOWN¬Visible¬True¬True¬Church Road Medical Practice¬Higher Bebington Health Centre¬25 Brackenwood Road¬Bebington¬Wirral¬Merseyside¬CH63 2LR¬53.35009765625¬-3.0236632823944092¬12F¬NHS Wirral CCG¬0151 608 8889¬wiccg.churchroadsurgery@nhs.net¬http://www.churchroadmcwirral.nhs.uk¬0151 608 2079
17931¬N85634¬GP¬UNKNOWN¬Visible¬True¬True¬Dr Sekhar Karyampudi¬Vittoria Street¬¬¬Birkenhead¬Merseyside¬CH41 3RH¬53.3963623046875¬-3.0301425457000732¬12F¬NHS Wirral CCG¬01516501098¬¬¬0151 650 0942
17933¬N85640¬GP¬UNKNOWN¬Visible¬True¬True¬Leasowe Medical Practice¬Hudson Road¬¬¬Wirral¬Merseyside¬CH46 2QQ¬53.4166259765625¬-3.094459056854248¬12F¬NHS Wirral CCG¬0151 630 0354¬wiccg.leasowemp@nhs.net¬http://www.leasowemp.co.uk¬0151 638 0627
17934¬N85643¬GP¬UNKNOWN¬Visible¬True¬True¬Prenton Medical Centre¬516-518 Woodchurch Road¬¬¬Prenton¬Merseyside¬CH43 0TS¬53.371067047119141¬-3.0609302520751953¬12F¬NHS Wirral CCG¬0151 608 7666¬¬https://www.prentonmc.co.uk¬0151 609 1359
17935¬N85648¬GP¬UNKNOWN¬Visible¬True¬True¬Blackheath Med Ctr¬76 Reeds Lane¬¬¬Wirral¬Merseyside¬CH46 1SG¬53.412227630615234¬-3.1046819686889648¬12F¬NHS Wirral CCG¬01516777070¬contact@bhgp.co.uk¬http://www.bhgp.co.uk¬0151 678-0676
24191¬P81002¬GP¬UNKNOWN¬Visible¬True¬True¬Lancaster Medical Practice (Dalton Square site)¬8 Dalton Square¬¬¬Lancaster¬Lancashire¬LA1 1PN¬54.047588348388672¬-2.7971875667572021¬01K¬NHS Morecambe Bay CCG¬01524 842200¬¬http://www.lancastermedicalpractice.co.uk¬
24192¬P81003¬GP¬UNKNOWN¬Visible¬True¬True¬St James' Medical Centre¬Burnley Road¬Rawtenstall¬¬Rossendale¬Lancashire¬BB4 8HH¬53.708965301513672¬-2.2894589900970459¬01A¬NHS East Lancashire CCG¬01706213060¬¬http://www.stjamesmedical.co.uk/¬01706 242127
24193¬P81004¬GP¬UNKNOWN¬Visible¬True¬True¬Elizabeth Street Surgery¬61 Elizabeth Street¬¬¬Blackpool¬Lancashire¬FY1 3JG¬53.820842742919922¬-3.0436429977416992¬00R¬NHS Blackpool CCG¬01253 628949¬¬http://www.elizabethstreetsurgery.nhs.uk¬01253 290525
24194¬P81005¬GP¬UNKNOWN¬Visible¬True¬True¬Little Harwood Health Centre¬Plane Tree Road¬Little Harwood¬¬Blackburn¬Lancashire¬BB1 6PH¬53.758670806884766¬-2.4672479629516602¬00Q¬NHS Blackburn With Darwen CCG¬01254617521¬¬¬01254 695794
24195¬P81006¬GP¬UNKNOWN¬Visible¬True¬False¬Garstang Medical Practice¬Garstang Medical Centre¬Kepple Lane¬¬Preston¬Lancashire¬PR3 1PB¬53.897285461425781¬-2.7830917835235596¬02M¬NHS Fylde & Wyre CCG¬01995607399¬¬http://www.garstangmedicalpractice.nhs.uk/¬01995 601810
24196¬P81008¬GP¬UNKNOWN¬Visible¬True¬True¬Yorkshire Street Medical Centre¬80 Yorkshire Street¬¬¬Burnley¬Lancashire¬BB11 3BT¬53.789085388183594¬-2.2345480918884277¬01A¬NHS East Lancashire CCG¬01282731361¬scripts@nhs.net¬¬01282 731360
24197¬P81010¬GP¬UNKNOWN¬Visible¬True¬True¬Drs Robinson And Siddiqui¬Railway Road¬Withnell¬¬Chorley¬Lancashire¬PR6 8UA¬53.692478179931641¬-2.5566511154174805¬00X¬NHS Chorley And South Ribble CCG¬01254282630¬withnellhealthcentre@nhs.net¬http://www.withnellgp.co.uk¬01254 282640
24199¬P81013001¬GP¬UNKNOWN¬Visible¬True¬True¬Caton Health Centre, part of Dr J D Marriott and Partners¬Hornby Road¬Caton¬¬Lancaster¬Lancashire¬LA2 9QW¬54.076396942138672¬-2.7168283462524414¬01K¬NHS Morecambe Bay CCG¬01524770718¬¬¬01524 771411
24200¬P81013002¬GP¬UNKNOWN¬Visible¬True¬True¬Healthub¬1B Queen Street¬¬¬Lancaster¬Lancashire¬LA1 1RS¬54.045600891113281¬-2.8014717102050781¬01K¬NHS Morecambe Bay CCG¬01524843333¬¬www.healthub.org.uk¬
24201¬P81013¬GP¬UNKNOWN¬Visible¬True¬True¬Queen Square Medical Practice¬2 Queen Square¬¬¬Lancaster¬Lancashire¬LA1 1RP¬54.046222686767578¬-2.8009796142578125¬01K¬NHS Morecambe Bay CCG¬01524843333¬queen.square@gp-p81013.nhs.uk¬www.queensquare.org¬01524 580980
24202¬P81014¬GP¬UNKNOWN¬Visible¬True¬True¬Ormskirk Medical Practice¬18 Derby Street¬¬¬Ormskirk¬Lancashire¬L39 2BY¬53.568553924560547¬-2.8841381072998047¬02G¬NHS West Lancashire CCG¬01695588808¬¬http://www.ormskirkmedicalpractice.nhs.uk¬01695 588809
24203¬P81015¬GP¬UNKNOWN¬Visible¬True¬True¬Lytham Road Surgery¬2A Lytham Road¬Fulwood¬¬Preston¬Lancashire¬PR2 8JB¬53.777843475341797¬-2.7105605602264404¬01E¬NHS Greater Preston CCG¬01772716033¬¬http://www.lythamroadsurgery.co.uk/¬01772 715445
24204¬P81016¬GP¬UNKNOWN¬Visible¬True¬True¬Waterloo Medical Centre¬178 Waterloo Road¬¬¬Blackpool¬Lancashire¬FY4 3AD¬53.799793243408203¬-3.041419506072998¬00R¬NHS Blackpool CCG¬01253344219¬¬http://www.waterloomedical.co.uk/¬01253 404330
24205¬P81017001¬GP¬UNKNOWN¬Visible¬True¬True¬The Health Centre¬The Holme¬Sabden¬¬Clitheroe¬Lancashire¬BB7 9DZ¬53.832798004150391¬-2.3385248184204102¬01A¬NHS East Lancashire CCG¬01282772045¬whalley.surgery@nhs.net¬http://www.whalleysurgery.nhs.uk/¬01254287118
24206¬P81017¬GP¬UNKNOWN¬Visible¬True¬True¬Whalley Medical Centre¬42 King Street¬Whalley¬¬Clitheroe¬Lancashire¬BB7 9SL¬53.819797515869141¬-2.4063334465026855¬01A¬NHS East Lancashire CCG¬01254287100¬whalley.surgery@nhs.net¬http://www.whalleysurgery.nhs.uk/¬01254287118
24207¬P81018¬GP¬UNKNOWN¬Visible¬True¬True¬St Fillan's Medical Ctre¬2 Liverpool Road¬Penwortham¬¬Preston¬Lancashire¬PR1 0AD¬53.750286102294922¬-2.728748083114624¬01E¬NHS Greater Preston CCG¬01772325001¬¬¬01772 325026
24208¬P81020¬GP¬UNKNOWN¬Visible¬True¬True¬Burnley Group Practice¬St Peters Centre¬3Rd Floor Church Street¬¬Burnley¬Lancashire¬BB11 2DL¬53.791252136230469¬-2.2389318943023682¬01A¬NHS East Lancashire CCG¬01282644222¬¬http://www.stnicgroup.co.uk¬01282 644721
24209¬P81022¬GP¬UNKNOWN¬Visible¬True¬True¬Witton Medical Centre¬29-31 Preston Old Road¬Witton¬¬Blackburn¬Lancashire¬BB2 2SU¬53.740234375¬-2.5075385570526123¬00Q¬NHS Blackburn With Darwen CCG¬01254617941¬wittonmedicalcentre@nhs.net¬http://www.wittonmedicalcentre.nhs.uk¬01254 617963
24210¬P81025¬GP¬UNKNOWN¬Visible¬True¬True¬The Richmond Hill Practice¬Colne Health Centre¬Craddock Road¬¬Colne¬Lancashire¬BB8 0JZ¬53.856575012207031¬-2.1644749641418457¬01A¬NHS East Lancashire CCG¬01282731731¬repeats.p81025@nhs.net¬http://www.therichmondhillpractice.co.uk¬01282731545
24211¬P81027¬GP¬UNKNOWN¬Visible¬True¬True¬Irwell Medical Practice¬Bacup Primary Health Care Ctr¬Irwell Mill Rochdale Road¬¬Bacup¬Lancashire¬OL13 9NR¬53.699748992919922¬-2.1982595920562744¬01A¬NHS East Lancashire CCG¬01706253422¬¬http://www.irwellmedicalpractice.nhs.uk/¬01706 875813
24212¬P81020002¬GP¬UNKNOWN¬Visible¬True¬True¬Burnley Group Practice - Manchester Road Site¬187-189 Manchester Road¬¬¬Burnley¬Lancashire¬BB11 4HP¬53.782791137695313¬-2.2539539337158203¬01A¬NHS East Lancashire CCG¬01282 644222¬¬¬01282 456924
24213¬P81029001¬GP¬UNKNOWN¬Visible¬True¬True¬Silverdale Surgery¬19A Emesgate Lane¬Silverdale¬¬Carnforth¬Lancashire¬LA5 0RA¬54.168434143066406¬-2.8269131183624268¬01K¬NHS Morecambe Bay CCG¬01524720000¬¬http://www.ashtreessurgery.co.uk/¬
24214¬P81029002¬GP¬UNKNOWN¬Visible¬True¬True¬Halton Surgery¬110 High Road¬Halton¬¬Lancaster¬Lancashire¬LA2 6PU¬54.079635620117187¬-2.7560436725616455¬01K¬NHS Morecambe Bay CCG¬01524811226¬¬www.ashtrees.co.uk¬
24215¬P81029¬GP¬UNKNOWN¬Visible¬True¬True¬Ash Trees Surgery¬Market Street¬¬¬Carnforth¬Lancashire¬LA5 9JU¬54.129116058349609¬-2.7690978050231934¬01K¬NHS Morecambe Bay CCG¬01524720000¬¬http://www.ashtreessurgery.co.uk/¬01524 720110
24216¬P81029003¬GP¬UNKNOWN¬Visible¬True¬True¬Brookfield Surgery¬Main Road¬Bolton-Le-Sands¬¬Carnforth¬Lancashire¬LA5 8DH¬54.107650756835938¬-2.7891933917999268¬01K¬NHS Morecambe Bay CCG¬01524822088¬¬www.ashtrees.co.uk¬01524 720110
24217¬P81031¬GP¬UNKNOWN¬Visible¬True¬True¬Poplar House Surgery¬St Annes Health Centre¬Poplar House Surgery¬Durham Avenue¬Lytham St Annes¬Lancashire¬FY8 2EP¬53.754711151123047¬-3.0307483673095703¬02M¬NHS Fylde & Wyre CCG¬01253 722121¬¬¬
24218¬P81032001¬GP¬UNKNOWN¬Visible¬True¬True¬Barrowford Health Centre¬Lee Street¬Barrowford¬¬Nelson¬Lancashire¬BB9 8NR¬53.847507476806641¬-2.2211799621582031¬01A¬NHS East Lancashire CCG¬01282657575¬reedyfordhealthcare@nhs.net¬http://www.reedyfordgp.com/¬01282 613341
24219¬P81032¬GP¬UNKNOWN¬Visible¬True¬True¬Reedyford Hlth Care Group¬1 Yarnspinners Wharf¬Carr Road¬¬Nelson¬Lancashire¬BB9 7SR¬53.838047027587891¬-2.2188353538513184¬01A¬NHS East Lancashire CCG¬01282657575¬reedyfordhealthcare@nhs.net¬https://www.reedyfordgp.com¬01282 657584
24220¬P81033¬GP¬UNKNOWN¬Visible¬True¬True¬Coppull Medical Practice¬5 Acreswood Close¬¬¬Chorley¬Lancashire¬PR7 5EN¬53.619720458984375¬-2.6624865531921387¬00X¬NHS Chorley And South Ribble CCG¬01257 514240¬¬http://www.coppullmedicalpractice.uk¬01257 514260
24221¬P81035¬GP¬UNKNOWN¬Visible¬True¬True¬Colne Road Surgery¬36 Colne Road¬¬¬Burnley¬Lancashire¬BB10 1LG¬53.798595428466797¬-2.238715648651123¬01A¬NHS East Lancashire CCG¬01282 731 490¬colneroad.surgery@nhs.net¬http://www.ssphealth.com¬01282 731 491
24222¬P81036001¬GP¬UNKNOWN¬Visible¬True¬True¬Peel House Medical Practice - Baxenden Branch Site¬10 Southwood Drive¬Baxenden¬¬Accrington¬Lancashire¬BB5 2PZ¬53.738025665283203¬-2.3461458683013916¬01A¬NHS East Lancashire CCG¬01254282282¬¬https://peelhouse.gpsurgery.net/¬01254 395520
24223¬P81036¬GP¬UNKNOWN¬Visible¬True¬True¬Peel House Medical Practice¬Accrington Pals Primary Health Care Centre¬1 Paradise Street¬¬Accrington¬Lancashire¬BB5 2EJ¬53.750881195068359¬-2.3659811019897461¬01A¬NHS East Lancashire CCG¬01254282282¬¬http://www.peelhouse.gpsurgery.net/¬01254 395520
24224¬P81037¬GP¬UNKNOWN¬Visible¬True¬True¬Dr Norcross & Partners¬Albany Road¬¬¬Lytham St Annes¬Lancashire¬FY8 4GW¬53.748863220214844¬-3.0004880428314209¬02M¬NHS Fylde & Wyre CCG¬01253 957300¬¬http://www.ansdellmedicalcentre.co.uk/¬01253 957301
24225¬P81038¬GP¬UNKNOWN¬Visible¬True¬True¬The Chorley Surgery ¬24-26 Gillibrand Street¬¬¬Chorley¬Lancashire¬PR7 2EJ¬53.651348114013672¬-2.6324362754821777¬00X¬NHS Chorley And South Ribble CCG¬01257513970¬chorley.surgery@nhs.net¬http://www.thechorleysurgery.com/¬
24226¬P81039¬GP¬UNKNOWN¬Visible¬True¬True¬Manor Primary Care¬Hillside Health Centre¬Tanhouse Road¬Tanhouse¬Skelmersdale¬Lancashire¬WN8 6DS¬53.5496826171875¬-2.7646286487579346¬02G¬NHS West Lancashire CCG¬01695736260¬¬http://www.manorprimarycare.co.uk/¬01695 736264
24227¬P81040¬GP¬UNKNOWN¬Visible¬True¬True¬Longton Health Centre¬Liverpool Road¬Longton¬¬Preston¬Lancashire¬PR4 5HA¬53.727760314941406¬-2.7801797389984131¬01E¬NHS Greater Preston CCG¬01772214500¬gpccg.longtonhc@nhs.net¬http://www.longtonhealthcentre.co.uk/¬
24228¬P81041¬GP¬UNKNOWN¬Visible¬True¬True¬Parkgate Surgery¬28 St Helens Road¬¬¬Ormskirk¬Lancashire¬L39 4QR¬53.564762115478516¬-2.88273024559021¬02G¬NHS West Lancashire CCG¬01695736177¬welaccg.parkgatesurgery@nhs.net¬http://www.parkgatesurgery.co.uk¬
24229¬P81042001¬GP¬UNKNOWN¬Visible¬True¬True¬Dr Augustine and Partners¬25 Kentmere Drive¬Mereside¬¬Blackpool¬Lancashire¬FY4 4TW¬53.801200866699219¬-2.9963893890380859¬00R¬NHS Blackpool CCG¬01253763556¬mike.wain@gp-p81042.nhs.uk¬www.harrismc.co.uk¬01253 600390
24230¬P81042¬GP¬UNKNOWN¬Visible¬True¬True¬Adelaide Street Surgery¬118 Adelaide Street¬¬¬Blackpool¬Lancashire¬FY1 4LN¬53.817340850830078¬-3.0483860969543457¬00R¬NHS Blackpool CCG¬01253620725¬luan.stewart@nhs.net¬http://www.adelaidestreetfp.co.uk¬01253 290765
24231¬P81043¬GP¬UNKNOWN¬Visible¬True¬True¬South King Street Medical Centre¬South King Street Medical Centre¬25 South King Street¬¬Blackpool¬Lancashire¬FY1 4NF¬53.816780090332031¬-3.0478405952453613¬00R¬NHS Blackpool CCG¬01253626637¬¬http://www.southkingstreetmedicalcentre.com¬
24232¬P81044¬GP¬UNKNOWN¬Visible¬True¬True¬Library House Surgery¬Avondale Road¬¬¬Chorley¬Lancashire¬PR7 2AD¬53.650669097900391¬-2.6338784694671631¬00X¬NHS Chorley And South Ribble CCG¬01257514030¬reception.p81044@nhs.net¬http://www.libraryhousesurgery.com/¬01257 514 074
24233¬P81045¬GP¬UNKNOWN¬Visible¬True¬True¬The Elms Practice¬16 Derby Street¬¬¬Ormskirk¬Lancashire¬L39 2BY¬53.568527221679688¬-2.8842742443084717¬02G¬NHS West Lancashire CCG¬01695588710¬¬http://www.theelmspractice.nhs.uk¬01695 588712
24234¬P81046¬GP¬UNKNOWN¬Visible¬True¬True¬Park View Surgery¬23-24 Ribblesdale Place¬¬¬Preston¬Lancashire¬PR1 3NA¬53.754623413085937¬-2.7007045745849609¬01E¬NHS Greater Preston CCG¬01772 214744¬¬http://www.parkviewpreston.co.uk¬01772 884200
24235¬P81047003¬GP¬UNKNOWN¬Visible¬True¬True¬Foxcroft Surgery¬Pendleway¬¬¬Burnley¬Lancashire¬BB12 0PY¬53.800102233886719¬-2.2617409229278564¬01A¬NHS East Lancashire CCG¬01282411000¬¬¬
24236¬P81047¬GP¬UNKNOWN¬Visible¬True¬True¬Parkside Surgery¬Prestige Park¬Colne Road¬¬Burnley¬Lancashire¬BB11 1PS¬53.794994354248047¬-2.2412152290344238¬01A¬NHS East Lancashire CCG¬01282731444¬parkside.burnley@nhs.net¬http://www.parksidesurgeryburnley.co.uk/¬01282 731451
24237¬P81051¬GP¬UNKNOWN¬Visible¬True¬True¬Darwen Healthcare (Dr Ninan & Partners)¬Darwen Health Centre¬James Street West¬¬Darwen¬Lancashire¬BB3 1PY¬53.695747375488281¬-2.4714119434356689¬00Q¬NHS Blackburn With Darwen CCG¬01254226691¬darwen.healthcare@nhs.net¬http://darwenhealthcare.co.uk/¬01254 226689
24238¬P81053¬GP¬UNKNOWN¬Visible¬True¬True¬Briercliffe Surgery¬Briercliffe Primary Care Ctr¬Briercliffe Road¬¬Burnley¬Lancashire¬BB10 2EZ¬53.810390472412109¬-2.2128446102142334¬01A¬NHS East Lancashire CCG¬01282648051¬briercliffemedicalcentre@nhs.net¬https://www.bramleyonline.co.uk/¬
24239¬P81054¬GP¬UNKNOWN¬Visible¬True¬True¬Marton Medical Practice¬Whitegate Health Centre¬Whitegate Drive¬¬Blackpool¬Lancashire¬FY3 9ES¬53.812831878662109¬-3.0345134735107422¬00R¬NHS Blackpool CCG¬01253953070¬¬http://www.martonmedicalpractice.co.uk¬
24240¬P81055¬GP¬UNKNOWN¬Visible¬True¬True¬Berry Lane Medical Centre¬Berry Lane¬Longridge¬¬Preston¬Lancashire¬PR3 3JJ¬53.831520080566406¬-2.6027088165283203¬01E¬NHS Greater Preston CCG¬01772214880¬¬¬01772 214886
24241¬P81002007¬GP¬UNKNOWN¬Visible¬True¬True¬Lancaster Medical Practice (Scale Hall site)¬1 West Drive¬Scale Hall¬¬Lancaster¬Lancashire¬LA1 5BY¬54.057735443115234¬-2.8175168037414551¬01K¬NHS Morecambe Bay CCG¬01524 64135¬¬http://www.lancastermedicalpractice.co.uk/¬
24242¬P81002005¬GP¬UNKNOWN¬Visible¬True¬True¬Lancaster Medical Practice (Rosebank site)¬Ashton Road¬¬¬Lancaster¬Lancashire¬LA1 4JS¬54.040103912353516¬-2.7993502616882324¬01K¬NHS Morecambe Bay CCG¬01524 842284¬¬http://www.lancastermedicalpractice.co.uk¬
24243¬P81002008¬GP¬UNKNOWN¬Visible¬True¬True¬Lancaster Medical Practice (Galgate site)¬Highland Brow¬Galgate¬¬Lancaster¬Lancashire¬LA2 0NB¬53.994781494140625¬-2.7923798561096191¬01K¬NHS Morecambe Bay CCG¬01524 751284¬¬http://www.lancastermedicalpractice.co.uk/¬
24244¬P81057¬GP¬UNKNOWN¬Visible¬True¬True¬Worden Medical Centre¬West Paddock¬Leyland¬¬Preston¬Lancashire¬PR25 1HR¬53.689651489257813¬-2.709301233291626¬00X¬NHS Chorley And South Ribble CCG¬01772423555¬admin@wordenmc.net¬www.wordenmc.net¬01772 623878
24245¬P81058¬GP¬UNKNOWN¬Visible¬True¬True¬St Georges Surgery¬62 Haslingden Road¬¬¬Blackburn¬Lancashire¬BB2 3HS¬53.738513946533203¬-2.4756960868835449¬00Q¬NHS Blackburn With Darwen CCG¬01254584888¬¬http://www.stgeorgessurgery.co.uk/¬01254 507260
24246¬P81059¬GP¬UNKNOWN¬Visible¬True¬False¬Great Eccleston Health Centre¬Raikes Road¬Great Eccleston¬¬Preston¬Lancashire¬PR3 0ZA¬53.855178833007813¬-2.8678977489471436¬02M¬NHS Fylde & Wyre CCG¬01995670066¬¬www.greateccleston.nhs.uk¬01995 671054
24247¬P81061¬GP¬UNKNOWN¬Visible¬True¬True¬Redlam Surgery¬62-64 Redlam¬¬¬Blackburn¬Lancashire¬BB2 1UW¬53.742588043212891¬-2.5038220882415771¬00Q¬NHS Blackburn With Darwen CCG¬01254 260051¬¬http://www.redlamsurgery.co.uk¬01254 691937
24248¬P81062¬GP¬UNKNOWN¬Visible¬True¬True¬Regent House Surgery¬21 Regent Road¬¬¬Chorley¬Lancashire¬PR7 2DH¬53.65032958984375¬-2.6353561878204346¬00X¬NHS Chorley And South Ribble CCG¬01257514270¬csrccg.regenthousesurgery@nhs.net¬http://www.regenthousesurgery.co.uk/¬
24249¬P81063¬GP¬UNKNOWN¬Visible¬True¬True¬St Paul's Medical Centre¬Dickson Road¬¬¬Blackpool¬Lancashire¬FY1 2HH¬53.828704833984375¬-3.0531826019287109¬00R¬NHS Blackpool CCG¬01253623896¬¬http://www.stpaulspcc.co.uk¬01253 752818
24250¬P81002006¬GP¬UNKNOWN¬Visible¬True¬True¬Lancaster Medical Practice (Lancaster University site)¬South West Drive¬Lancaster University¬Bailrigg¬Lancaster¬Lancashire¬LA1 4ZP¬54.008266448974609¬-2.7889282703399658¬01K¬NHS Morecambe Bay CCG¬01524 387780¬¬http://www.lancastermedicalpractice.co.uk¬
24251¬P81002004¬GP¬UNKNOWN¬Visible¬True¬True¬Lancaster Medical Practice (King Street site)¬38 King Street¬¬¬Lancaster¬Lancashire¬LA1 1RE¬54.047054290771484¬-2.8016371726989746¬01K¬NHS Morecambe Bay CCG¬01524 541651¬¬https://www.lancastermedicalpractice.co.uk¬
24252¬P81065¬GP¬UNKNOWN¬Visible¬True¬True¬The Pendle Medical Partnership¬Edward Street¬Earby Barnoldswick¬¬Barnoldswick¬Lancashire¬BB18 6QT¬53.915885925292969¬-2.1442923545837402¬01A¬NHS East Lancashire CCG¬01282731370¬¬http://www.pendlemedical.co.uk¬01282 731388
24253¬P81066¬GP¬UNKNOWN¬Visible¬True¬True¬Layton Medical Centre¬200 Kingscote Drive¬¬¬Blackpool¬Lancashire¬FY3 7EN¬53.827430725097656¬-3.0272765159606934¬00R¬NHS Blackpool CCG¬01253951955¬¬http://www.laytonmedicalcentre.co.uk¬01253 951949
24254¬P81067¬GP¬UNKNOWN¬Visible¬True¬True¬The Healthcare Centre¬Flintoff Way¬¬¬Preston¬Lancashire¬PR1 5AF¬53.776149749755859¬-2.6883926391601562¬01E¬NHS Greater Preston CCG¬01772655533¬¬¬01772 653414
24255¬P81067001¬GP¬UNKNOWN¬Visible¬True¬True¬Dr C M Wilson & Partners-Longsands Medical Centre¬Longsands Medical Centre¬Longsands Lane¬Fulwood¬Preston¬Lancashire¬PR2 9PS¬53.786678314208984¬-2.6750264167785645¬01E¬NHS Greater Preston CCG¬01772511414¬¬¬01772 511415
24256¬P81067002¬GP¬UNKNOWN¬Visible¬True¬True¬Dr C M Wilson & Partners- Sharoe Green Surgery¬157 Sharoe Green Lane¬Fulwood¬¬Preston¬Lancashire¬PR2 8HE¬53.788105010986328¬-2.7002911567687988¬01E¬NHS Greater Preston CCG¬01772716410¬¬¬01772 712980
24257¬P81069¬GP¬UNKNOWN¬Visible¬True¬True¬Pendleside Medical Practice¬Railway View Road¬¬¬Clitheroe¬Lancashire¬BB7 2JG¬53.873958587646484¬-2.3931853771209717¬01A¬NHS East Lancashire CCG¬01200413600¬general.gp81069@nhs.net¬www.pendleside.nhs.uk¬01200 444943
24258¬P81070¬GP¬UNKNOWN¬Visible¬True¬True¬Pendle View Medical Centre¬Arthur Street¬Brierfield¬¬Nelson¬Lancashire¬BB9 5RZ¬53.826023101806641¬-2.232248067855835¬01A¬NHS East Lancashire CCG¬01282614599¬pendleviewmedicalcentre@nhs.net¬http://www.pendleviewmedicalcentre.co.uk/¬01282 619374
24259¬P81071¬GP¬UNKNOWN¬Visible¬True¬True¬The New Hall Lane Practice¬The Health Centre¬Geoffrey Street¬¬Preston¬Lancashire¬PR1 5NE¬53.763847351074219¬-2.6802272796630859¬01E¬NHS Greater Preston CCG¬01772325060¬¬¬
24260¬P81072002¬GP¬UNKNOWN¬Visible¬True¬True¬Glenroyd Medical Centre¬164 Whitegate Drive¬¬¬Blackpool¬Lancashire¬FY3 9HF¬53.810771942138672¬-3.0326402187347412¬00R¬NHS Blackpool CCG¬01253951500¬¬www.glenroydmedical.co.uk¬01253 951503
24261¬P81072¬GP¬UNKNOWN¬Visible¬True¬True¬Glenroyd Medical Centre¬Moor Park Health & Leisure¬¬¬Blackpool¬Lancashire¬FY2 0JG¬53.849559783935547¬-3.0334885120391846¬00R¬NHS Blackpool CCG¬01253953500¬¬www.glenroydmedical.co.uk¬01253 957624
24262¬P81073¬GP¬UNKNOWN¬Visible¬True¬True¬Cleveleys Group Practice¬Cleveleys Health Centre¬Kelso Avenue¬¬Thornton Cleveleys¬Lancashire¬FY5 3LF¬53.875114440917969¬-3.0425300598144531¬00R¬NHS Blackpool CCG¬01253853992¬¬http://www.cleveleysgrouppractice.co.uk¬01253 822649
24263¬P81074¬GP¬UNKNOWN¬Visible¬True¬True¬Highfield Surgery¬South Shore Primary Care Centre¬Lytham Road¬¬Blackpool¬Lancashire¬FY4 1TJ¬53.78173828125¬-3.0463457107543945¬00R¬NHS Blackpool CCG¬01253 953950¬¬http://www.highfield-surgery.co.uk¬
24264¬P81076¬GP¬UNKNOWN¬Visible¬True¬True¬Sandy Lane Surgery¬Sandy Lane¬¬¬Leyland¬Lancashire¬PR25 2EB¬53.689491271972656¬-2.6947007179260254¬00X¬NHS Chorley And South Ribble CCG¬01772214700¬¬http://www.sandylanesurgery.co.uk/¬01772 214709
24265¬P81077¬GP¬UNKNOWN¬Visible¬True¬True¬Holland House Surgery¬Lytham Primary Care Centre¬Victoria Street¬¬Lytham St Annes¬Lancashire¬FY8 5DZ¬53.73956298828125¬-2.9503557682037354¬02M¬NHS Fylde & Wyre CCG¬01253955350¬¬http://www.hollandhousesurgery.co.uk¬01253 955352
24266¬P81077001¬GP¬UNKNOWN¬Visible¬True¬True¬Holland House surgery¬Freckleton Health Centre¬Douglas Drive¬Freckleton¬Preston¬Lancashire¬PR4 1RY¬53.751838684082031¬-2.8729541301727295¬02M¬NHS Fylde & Wyre CCG¬01253955350¬¬http://www.hollandhousesurgery.co.uk/¬01253 795744
24267¬P81078¬GP¬UNKNOWN¬Visible¬True¬True¬Barnoldswick Medical Centre¬Park Road¬¬¬Barnoldswick¬Lancashire¬BB18 5BG¬53.915126800537109¬-2.1858062744140625¬01A¬NHS East Lancashire CCG¬01282811911¬¬http://www.barnoldswickmedicalcentre.co.uk¬01282 850220
24268¬P81079¬GP¬UNKNOWN¬Visible¬True¬True¬The Thornton Practice¬Church Road¬Thornton-Cleveleys¬¬Thornton Cleveleys¬Lancashire¬FY5 2TZ¬53.8768310546875¬-3.0145387649536133¬02M¬NHS Fylde & Wyre CCG¬01253 956282¬fwccg.thorntonpractice@nhs.net¬http://www.thedoctors.co.uk¬01253 956283
24269¬P81081¬GP¬UNKNOWN¬Visible¬True¬True¬Arnold Medical Centre¬204 St Annes Road¬¬¬Blackpool¬Lancashire¬FY4 2EF¬53.789684295654297¬-3.0380117893218994¬00R¬NHS Blackpool CCG¬01253951950¬¬¬01253 951438
24270¬P81082¬GP¬UNKNOWN¬Visible¬True¬True¬The Ryan Medical Centre¬St Marys Road¬Bamber Bridge¬¬Preston¬Lancashire¬PR5 6JD¬53.730403900146484¬-2.6636197566986084¬00X¬NHS Chorley And South Ribble CCG¬01772335136¬¬http://www.ryanmedicalcentre.nhs.uk¬01772 626701
24271¬P81083¬GP¬UNKNOWN¬Visible¬True¬True¬Roslea Surgery¬51 Station Road¬Bamber Bridge¬¬Preston¬Lancashire¬PR5 6PE¬53.733798980712891¬-2.6625363826751709¬00X¬NHS Chorley And South Ribble CCG¬01772310100¬michellequinn1@nhs.net¬¬
24272¬P81084¬GP¬UNKNOWN¬Visible¬True¬True¬Hall Green Surgery¬164 Ormskirk Road¬Upholland¬¬Skelmersdale¬Lancashire¬WN8 0AB¬53.540733337402344¬-2.7413344383239746¬02G¬NHS West Lancashire CCG¬01695588848¬maria.lawton@nhs.net¬http://www.hallgreensurgery.nhs.uk/¬01695 588852
24274¬P81086¬GP¬UNKNOWN¬Visible¬True¬True¬Broadway Medical Centre¬West View Health Village¬Broadway¬¬Fleetwood¬Lancashire¬FY7 8GU¬53.912673950195313¬-3.0338287353515625¬02M¬NHS Fylde & Wyre CCG¬01253957500¬¬http://broadwaymedicalcentre.nhs.uk/¬01253 957510
24275¬P81087¬GP¬UNKNOWN¬Visible¬True¬True¬The Over-Wyre Medical Centre¬Wilkinson Way, Off Pilling Lane¬¬Preesall¬Poulton Le Fylde¬Lancashire¬FY6 0FA¬53.928207397460937¬-2.9764769077301025¬02M¬NHS Fylde & Wyre CCG¬01253951165¬¬http://www.overwyremc.co.uk¬01253 951298
24276¬P81087001¬GP¬UNKNOWN¬Visible¬True¬True¬Hambleton Health Centre¬Kiln Lane, Hambleton¬Hambleton¬¬Poulton-le-Fylde¬Lancashire¬FY6 9AH¬53.876144409179688¬-2.9602348804473877¬02M¬NHS Fylde & Wyre CCG¬01253951165¬¬http://www.overwyremc.co.uk¬
24277¬P81088¬GP¬UNKNOWN¬Visible¬True¬True¬Whitworth Medical Centre¬Market Street¬Whitworth¬¬Rochdale¬Lancashire¬OL12 8QS¬53.661170959472656¬-2.1739418506622314¬01A¬NHS East Lancashire CCG¬01706852238¬¬http://www.whitworthmedicalcentre.nhs.uk¬01706 853877
24278¬P81089¬GP¬UNKNOWN¬Visible¬True¬True¬The Mount View Practice¬Fleetwood Health And Wellbeing Centre¬Dock Street¬¬Fleetwood¬Lancashire¬FY7 6HP¬53.92095947265625¬-3.0104010105133057¬02M¬NHS Fylde & Wyre CCG¬01253951999¬¬http://www.mountviewpractice.nhs.uk¬
24279¬P81002003¬GP¬UNKNOWN¬Visible¬True¬True¬Lancaster Medical Practice (Owen Road site)¬67 Owen Road¬Skerton¬¬Lancaster¬Lancashire¬LA1 2LG¬54.059413909912109¬-2.8014779090881348¬01K¬NHS Morecambe Bay CCG¬01524 846999¬¬https://www.lancastermedicalpractice.co.uk¬
24280¬P81092¬GP¬UNKNOWN¬Visible¬True¬True¬The Crescent Surgery¬Cleveleys Health Centre¬Kelso Avenue¬¬Thornton Cleveleys¬Lancashire¬FY5 3LF¬53.875114440917969¬-3.0425300598144531¬00R¬NHS Blackpool CCG¬01253823215¬¬http://www.crescent-surgery.org.uk/¬01253 860640
24281¬P81093¬GP¬UNKNOWN¬Visible¬True¬True¬The Geoffrey Street Surgery¬Park Medical Practice¬Geoffrey Street Health Centre¬Geoffrey Street¬Preston¬Lancashire¬PR1 5NE¬53.763847351074219¬-2.6802272796630859¬01E¬NHS Greater Preston CCG¬01772529000¬enquiries.parkmedical@nhs.net¬http://www.nhs.uk/services/gp/overview/defaultview.aspx?id=42629¬
24282¬P81095¬GP¬UNKNOWN¬Visible¬True¬True¬Thursby Surgery¬2 Browhead Road¬¬¬Burnley¬Lancashire¬BB10 3BF¬53.800666809082031¬-2.2316672801971436¬01A¬NHS East Lancashire CCG¬01282 644330¬thursbysurgery@nhs.net¬https://www.thursbysurgery.co.uk¬
24283¬P81096¬GP¬UNKNOWN¬Visible¬True¬True¬Parbold Surgery¬The Green¬Parbold¬¬Wigan¬Lancashire¬WN8 7DN¬53.592739105224609¬-2.7731266021728516¬02G¬NHS West Lancashire CCG¬01257514000¬parbold.surgery1@nhs.net¬http://www.parboldsurgery.co.uk/¬01257 514004
24284¬P81099¬GP¬UNKNOWN¬Visible¬True¬True¬Dr T H Mackenzie & Partners¬Manchester Road¬Haslingden¬¬Rossendale¬Lancashire¬BB4 5SL¬53.703956604003906¬-2.3246588706970215¬01A¬NHS East Lancashire CCG¬01706605115¬¬http://haslingdenmedicalgrouppractice.co.uk¬01706 605119
24285¬P81100¬GP¬UNKNOWN¬Visible¬True¬True¬The Castle Medical Group¬Railway View Road¬¬¬Clitheroe¬Lancashire¬BB7 2JG¬53.873958587646484¬-2.3931853771209717¬01A¬NHS East Lancashire CCG¬01200 413535¬castlemedicalgroup@nhs.net¬https://www.castlemedical.co.uk¬01200 427357
24287¬P81103¬GP¬UNKNOWN¬Visible¬True¬True¬North Preston Medical Practice @ Broadway Surgery¬2 Broadway¬Fulwood¬¬Preston¬Lancashire¬PR2 9TH¬53.791324615478516¬-2.7151451110839844¬01E¬NHS Greater Preston CCG¬01772 920202¬ingol.broadway@nhs.net¬http://www.broadwaysurgery.nhs.uk¬
24288¬P81103002¬GP¬UNKNOWN¬Visible¬True¬True¬North Preston Medical Practice @ Ingol Health Centre¬87 Village Green Lane¬Ingol¬¬Preston¬Lancashire¬PR2 7DS¬53.787361145019531¬-2.7448422908782959¬01E¬NHS Greater Preston CCG¬01772 282700¬ingol.broadway@nhs.net¬https://www.ingolhealthcentre.nhs.uk¬
24289¬P81047001¬GP¬UNKNOWN¬Visible¬True¬True¬Oxford Road Medical Centre¬25 Oxford Road¬¬¬Burnley¬Lancashire¬BB11 3BB¬53.787330627441406¬-2.2353882789611816¬01A¬NHS East Lancashire CCG¬01282731650¬oxfordroadmedicalcentre@nhs.net¬http://www.oxfordroadmedicalcentre.co.uk¬01282 731647
24290¬P81107¬GP¬UNKNOWN¬Visible¬True¬True¬Stonebridge Surgery¬Preston Road¬Longridge¬¬Preston¬Lancashire¬PR3 3AP¬53.827598571777344¬-2.6082284450531006¬01E¬NHS Greater Preston CCG¬01772214820¬¬¬01772 782836
24293¬P81112001¬GP¬UNKNOWN¬Visible¬True¬True¬Beacon Hillside Practice¬Hillside Health Centre¬Tanhouse Road Tanhouse¬¬Skelmersdale¬Lancashire¬WN8 6DS¬53.5496826171875¬-2.7646286487579346¬02G¬NHS West Lancashire CCG¬01695736000¬welaccg.beaconprimarycare@nhs.net¬http://www.beaconprimarycare.org.uk/¬01695 555040
24294¬P81112002¬GP¬UNKNOWN¬Visible¬True¬True¬Beacon Railway Road Practice¬9-11 Railway Road¬¬¬Ormskirk¬Lancashire¬L39 2DN¬53.567695617675781¬-2.8836669921875¬02G¬NHS West Lancashire CCG¬01695736000¬welaccg.beaconprimarycare@nhs.net¬http://www.beaconprimarycare.org.uk/¬01695 570049
24295¬P81112¬GP¬UNKNOWN¬Visible¬True¬True¬Beacon Primary Care¬Sandy Lane Health Centre¬Sandy Lane¬¬Skelmersdale¬Lancashire¬WN8 8LA¬53.5501708984375¬-2.8067328929901123¬02G¬NHS West Lancashire CCG¬01695736000¬welaccg.beaconprimarycare@nhs.net¬http://www.beaconprimarycare.org.uk/¬
24296¬P81113001¬GP¬UNKNOWN¬Visible¬True¬True¬Park View Surgery¬21 New Street¬¬¬Carnforth¬Lancashire¬LA5 9BX¬54.128089904785156¬-2.7701168060302734¬01K¬NHS Morecambe Bay CCG¬01539715555¬¬http://www.parkviewsurgery.org.uk¬
24297¬P81113¬GP¬UNKNOWN¬Visible¬True¬True¬Park View Surgery¬Haverflatts Lane¬¬¬Milnthorpe¬Cumbria¬LA7 7PS¬54.227645874023437¬-2.7710950374603271¬01K¬NHS Morecambe Bay CCG¬01539715555¬cuccg.parkviewadmin@nhs.net¬https://www.parkviewsurgerynhs.co.uk/¬
24298¬P81115¬GP¬UNKNOWN¬Visible¬True¬True¬Bloomfield Medical Centre¬118-120 Bloomfield Road¬¬¬Blackpool¬Lancashire¬FY1 6JW¬53.804420471191406¬-3.0436296463012695¬00R¬NHS Blackpool CCG¬01253344544¬bloomfield.medical@nhs.net¬http://www.bloomfieldmedical.co.uk¬01253 349696
24299¬P81117¬GP¬UNKNOWN¬Visible¬True¬True¬Central Park Surgery¬Balfour Street¬¬¬Leyland¬Lancashire¬PR25 2TD¬53.695320129394531¬-2.6960537433624268¬00X¬NHS Chorley And South Ribble CCG¬01772325110¬¬http://www.centralparksurgeryleyland.co.uk¬01772 325122
24300¬P81118¬GP¬UNKNOWN¬Visible¬True¬True¬Ilex View Medical Practice¬Rossendale Primary Heath Care Centre¬161 Bacup Road¬¬Rossendale¬Lancashire¬BB4 7PL¬53.700813293457031¬-2.2806482315063477¬01A¬NHS East Lancashire CCG¬01706253550¬repeats.rhc@nhs.net¬http://www.ilexviewmedicalpractice.nhs.uk¬01706 219947
24301¬P81119¬GP¬UNKNOWN¬Visible¬True¬True¬Lane Ends Surgery¬Lane Ends Surgery¬200 Tulketh Brow¬Ashton-on-Ribble¬Preston¬Lancashire¬PR2 2JJ¬53.770175933837891¬-2.726999044418335¬01E¬NHS Greater Preston CCG¬01772 529260¬¬¬
24303¬P81123005¬GP¬UNKNOWN¬Visible¬True¬True¬PWE Healthcare – Pendle Valley Mill Medical Practice¬Yarnspinners Wharf¬Carr Road¬¬Nelson¬Lancashire¬BB9 7SR¬53.838047027587891¬-2.2188353538513184¬01A¬NHS East Lancashire CCG¬01282657657¬¬¬01282 617849
24304¬P81125001¬GP¬UNKNOWN¬Visible¬True¬True¬Mellor Surgery¬St Marys Gardens¬Mellor¬¬Blackburn¬Lancashire¬BB2 7JW¬53.772407531738281¬-2.5277423858642578¬00Q¬NHS Blackburn With Darwen CCG¬01254 617101¬¬¬
24305¬P81125¬GP¬UNKNOWN¬Visible¬False¬True¬Dr Ij Moodie's Practice¬Barbara Castle Way Health Ctr¬Simmons Street¬¬Blackburn¬Lancashire¬BB2 1AX¬53.750541687011719¬-2.4867355823516846¬00Q¬NHS Blackburn With Darwen CCG¬01254617101¬¬¬01254 617289
24306¬P81127¬GP¬UNKNOWN¬Visible¬True¬True¬The Surgery Chorley¬Ann James House¬32-34 St Thomas's Road¬¬Chorley¬Lancashire¬PR7 1HR¬53.653713226318359¬-2.6358761787414551¬00X¬NHS Chorley And South Ribble CCG¬01257513930¬csrccg.thesurgerychorley@nhs.net¬http://www.thesurgerychorley.co.uk/¬
24307¬P81128¬GP¬UNKNOWN¬Visible¬True¬True¬Kirkham Health Centre¬Moor Street¬¬¬Kirkham¬Lancashire¬PR4 2DL¬53.781944274902344¬-2.8785266876220703¬02M¬NHS Fylde & Wyre CCG¬01772683420¬¬¬01253 957975
24308¬P81129¬GP¬UNKNOWN¬Visible¬True¬True¬Ash Tree House Surgery¬Church Street¬Kirkham¬¬Preston¬Lancashire¬PR4 2SE¬53.783481597900391¬-2.8712434768676758¬02M¬NHS Fylde & Wyre CCG¬01772686688¬¬http://www.ashtreehousesurgery.nhs.uk/¬01772 672054
24309¬P81130¬GP¬UNKNOWN¬Visible¬True¬True¬Padiham Group Practice¬Padiham Medical Centre¬36 Burnley Road¬Padiham¬Burnley¬Lancashire¬BB12 8BP¬53.800552368164063¬-2.3137903213500977¬01A¬NHS East Lancashire CCG¬01282731333¬repeats.p81130@nhs.net¬¬01282 731323
24310¬P81132¬GP¬UNKNOWN¬Visible¬True¬True¬Waterfoot Medical Practice¬Cowpe Road¬Waterfoot¬¬Rossendale¬Lancashire¬BB4 7DN¬53.691314697265625¬-2.2518124580383301¬01A¬NHS East Lancashire CCG¬01706 253300¬waterfoot.medicalpractice@nhs.net¬http://www.waterfootmedicalpractice.co.uk¬01706 217104
24311¬P81133¬GP¬UNKNOWN¬Visible¬True¬True¬The Village Practice¬Thornton Medical Centre¬Church Road¬¬Thornton Cleveleys¬Lancashire¬FY5 2TZ¬53.8768310546875¬-3.0145387649536133¬02M¬NHS Fylde & Wyre CCG¬01253 955561¬¬http://www.villagepracticethornton.nhs.uk/¬01253 951450
24312¬P81134¬GP¬UNKNOWN¬Visible¬True¬True¬Kiddrow Medical Practice ¬Kiddrow Lane Health Centre¬Kiddrow Lane¬¬Burnley¬Lancashire¬BB12 6LH¬53.795177459716797¬-2.2886106967926025¬01A¬NHS East Lancashire CCG¬01282731300¬kiddrowlane.doctors@nhs.net¬https://www.kiddrowmedicalpractice.co.uk¬01282 731311
24313¬P81136¬GP¬UNKNOWN¬Visible¬True¬True¬Dr A K Bisarya & Partner¬Dr Bisarya¬Sandy Lane Health Centre¬¬Skelmersdale¬Lancashire¬WN8 8LA¬53.5501708984375¬-2.8067328929901123¬02G¬NHS West Lancashire CCG¬01695736191¬¬¬01695 736190
24314¬P81137¬GP¬UNKNOWN¬Visible¬True¬True¬Burnley Wood Medical Centre¬50 Parliament Street¬¬¬Burnley¬Lancashire¬BB11 3HR¬53.784202575683594¬-2.2357349395751953¬01A¬NHS East Lancashire CCG¬01282731395¬¬http://www.burnleywoodmedicalcentre.co.uk¬
24315¬P81138¬GP¬UNKNOWN¬Visible¬True¬True¬Burscough Family Practice¬Burscough Health Centre¬Stanley Court¬Burscough¬Ormskirk¬Lancashire¬L40 4LA¬53.602363586425781¬-2.8400974273681641¬02G¬NHS West Lancashire CCG¬01704396020¬¬http://www.burscoughfamilypractice.co.uk¬01704 396028
24316¬P81140¬GP¬UNKNOWN¬Visible¬True¬True¬Darwen Healthlink¬Darwen Health Centre¬James Street West¬¬Darwen¬Lancashire¬BB3 1PY¬53.695747375488281¬-2.4714119434356689¬00Q¬NHS Blackburn With Darwen CCG¬01254226600¬¬http://darwenhealthlink.nhs.uk¬01254 226601
24317¬P81143¬GP¬UNKNOWN¬Visible¬True¬True¬Whittle Surgery¬199 Preston Road¬Whittle-Le-Woods¬¬Chorley¬Lancashire¬PR6 7PS¬53.687931060791016¬-2.6396019458770752¬00X¬NHS Chorley And South Ribble CCG¬01257514160¬¬http://www.whittlesurgery.co.uk/index.aspx¬
24319¬P81147¬GP¬UNKNOWN¬Visible¬True¬True¬Blackburn Road Medical Practice¬257 Blackburn Road¬¬¬Accrington¬Lancashire¬BB5 0AL¬53.752769470214844¬-2.3759489059448242¬01A¬NHS East Lancashire CCG¬01254287180¬blackburnroad.medicalpractice@nhs.net¬http://www.brmpaccrington.co.uk¬01254 287195
24320¬P81149¬GP¬UNKNOWN¬Visible¬True¬True¬Lockwood GP Surgery¬Civic Centre¬Breck Road¬¬Poulton Le Fylde¬Lancashire¬FY6 7PU¬53.8509521484375¬-2.9898180961608887¬02M¬NHS Fylde & Wyre CCG¬01253955954¬genericp81149@nhs.net¬http://www.lockwoodavenuesurgery.co.uk¬
24321¬P81150¬GP¬UNKNOWN¬Visible¬True¬True¬Parcliffe Medical Centre¬St. Annes Health Centre¬Durham Avenue¬¬Lytham St Annes¬Lancashire¬FY8 2EP¬53.754711151123047¬-3.0307483673095703¬02M¬NHS Fylde & Wyre CCG¬01253 955688¬¬https://www.parcliffemedicalcentre.nhs.uk/¬01253 955689
24322¬P81196001¬GP¬UNKNOWN¬Visible¬True¬True¬The Surgery¬63-65 Garstang Road¬63-65 Garstang Road¬¬Preston¬Lancashire¬PR1 1LB¬53.771022796630859¬-2.7058784961700439¬01E¬NHS Greater Preston CCG¬01772253554¬¬https://www.issamedicalgroup.co.uk¬01772 256679
24324¬P81154¬GP¬UNKNOWN¬Visible¬True¬True¬Granville House Medical Centre¬Granville Street¬Adlington¬¬Chorley¬Lancashire¬PR6 9PY¬53.615303039550781¬-2.5984447002410889¬00X¬NHS Chorley And South Ribble CCG¬01257 514100¬¬http://www.granvillehousemc.co.uk¬01257 514123
24325¬P81155001¬GP¬UNKNOWN¬Visible¬True¬True¬Dr T L Phillips at Barbara Castle Health Centre¬Level Two¬Barbara Castle Health Centre¬¬Blackburn¬Lancashire¬BB2 1AX¬53.750541687011719¬-2.4867355823516846¬00Q¬NHS Blackburn With Darwen CCG¬01254617168¬¬¬
24326¬P81155¬GP¬UNKNOWN¬Visible¬True¬True¬Brownhill Surgery¬788-792 Whalley New Road¬¬¬Blackburn¬Lancashire¬BB1 9BA¬53.775279998779297¬-2.4793136119842529¬00Q¬NHS Blackburn With Darwen CCG¬01254247477¬¬http://www.brownhillsurgery.nhs.uk¬
24327¬P81157¬GP¬UNKNOWN¬Visible¬True¬True¬Fernbank Surgery¬Lytham Primary Care Centre¬Victoria Street¬¬Lytham St Annes¬Lancashire¬FY8 5DZ¬53.73956298828125¬-2.9503557682037354¬02M¬NHS Fylde & Wyre CCG¬01253957200¬¬http://www.fernbanksurgery.co.uk/¬01253 957209
24328¬P81157001¬GP¬UNKNOWN¬Visible¬True¬True¬Fernbank Surgery ¬Douglas Drive¬Freckleton¬¬Preston¬Lancashire¬PR4 1RY¬53.751838684082031¬-2.8729541301727295¬02M¬NHS Fylde & Wyre CCG¬01253957210¬¬http://www.fernbanksurgery.co.uk/¬01253 957218
24329¬P81159¬GP¬UNKNOWN¬Visible¬False¬True¬Stonyhill Medical Practice¬South Shore Primary Care Cen¬575 Lytham Road¬¬Blackpool¬Lancashire¬FY4 1TJ¬53.781406402587891¬-3.0473685264587402¬00R¬NHS Blackpool CCG¬01253956655¬¬¬01253 957637
24330¬P81160¬GP¬UNKNOWN¬Visible¬True¬True¬Oswald Medical Centre¬274 Union Road¬Oswaldtwistle¬¬Accrington¬Lancashire¬BB5 3JD¬53.742027282714844¬-2.3999574184417725¬01A¬NHS East Lancashire CCG¬01254 282501 (ext. 3)¬oswaldmedicalcentre@nhs.net¬http://www.oswaldmedicalcentre.co.uk/¬01254 396518
24331¬P81160002¬GP¬UNKNOWN¬Visible¬True¬True¬Pritchard Street Branch Surgery¬1a Pritchard Street¬¬¬Blackburn¬Lancashire¬BB2 3PF¬53.734764099121094¬-2.4850826263427734¬01A¬NHS East Lancashire CCG¬01254 282501 (ext. 4)¬oswaldmedicalcentre@nhs.net¬http://www.oswaldmedicalcentre.co.uk/¬
24334¬P81165¬GP¬UNKNOWN¬Visible¬True¬True¬Dr Anjum Seema Iqbal¬Tabor Street¬¬¬Burnley¬Lancashire¬BB12 0HL¬53.79339599609375¬-2.2672550678253174¬01A¬NHS East Lancashire CCG¬01282 644041¬¬http://www.ightenhillmedicalcentre.co.uk¬01282 644044
24335¬P81166¬GP¬UNKNOWN¬Visible¬True¬True¬Dr Gladstone Bello¬6-8 Church Street¬Church¬¬Accrington¬Lancashire¬BB5 4LF¬53.755001068115234¬-2.3908290863037109¬01A¬NHS East Lancashire CCG¬01254617900¬¬http://www.drbellosurgery.nhs.uk/¬01254 617896
24336¬P81167¬GP¬UNKNOWN¬Visible¬True¬True¬Stepping Stone Practice¬Audley Health Centre¬Longton Close¬¬Blackburn¬Lancashire¬BB1 1XA¬53.747585296630859¬-2.4566316604614258¬00Q¬NHS Blackburn With Darwen CCG¬01254617411¬audley.healthcentre@nhs.net¬http://www.audleyhealthcentrelancs.nhs.uk¬01254 617401
24337¬P81169¬GP¬UNKNOWN¬Visible¬True¬True¬Fishergate Hill Surgery¬50 Fishergate Hill¬¬¬Preston¬Lancashire¬PR1 8DN¬53.754444122314453¬-2.7143514156341553¬01E¬NHS Greater Preston CCG¬01772254484¬¬http://www.fishergatehill.org.uk¬01772 881835
24338¬P81170¬GP¬UNKNOWN¬Visible¬True¬True¬Nelson Medical Practice¬Yarnspinners Wharf¬Carr Road¬¬Nelson¬Lancashire¬BB9 7SR¬53.838047027587891¬-2.2188353538513184¬01A¬NHS East Lancashire CCG¬01282657710¬¬http://www.nelsonmedicalpracticelancs.nhs.uk/¬01282 657711
24339¬P81171¬GP¬UNKNOWN¬Visible¬True¬True¬The Euxton Medical Centre¬St Marys Gate¬Euxton¬¬Chorley¬Lancashire¬PR7 6AH¬53.669021606445313¬-2.6768214702606201¬00X¬NHS Chorley And South Ribble CCG¬01257 514190¬euxton.medicalcentre@nhs.net¬http://www.euxtonmedicalcentre.nhs.uk/¬01257 514202
24340¬P81172¬GP¬UNKNOWN¬Visible¬True¬True¬Newton Drive Health Centre¬Newton Drive¬¬¬Blackpool¬Lancashire¬FY3 8NX¬53.825248718261719¬-3.014385461807251¬00R¬NHS Blackpool CCG¬01253955717¬¬http://www.newtondrivehealthcentre.co.uk/¬01253 955719
24341¬P81173001¬GP¬UNKNOWN¬Visible¬True¬True¬Eccleston Health Centre¬Doctors Lane¬Eccleston¬¬Chorley¬Lancashire¬PR7 5RA¬53.647254943847656¬-2.7281498908996582¬00X¬NHS Chorley And South Ribble CCG¬01772 600081¬lcsu.crostonmedicalcentre@nhs.net¬http://www.crostonmedicalcentre.nhs.uk¬01772 601612
24342¬P81173¬GP¬UNKNOWN¬Visible¬True¬True¬Croston Medical Centre¬30 Brookfield¬Croston¬¬Leyland¬Lancashire¬PR26 9HY¬53.666152954101563¬-2.773728609085083¬00X¬NHS Chorley And South Ribble CCG¬01772 600081¬croston.medicalcentre@nhs.net¬http://www.crostonmedicalcentre.nhs.uk¬01772 601612
24345¬P81179¬GP¬UNKNOWN¬Visible¬True¬True¬Lostock Hall Medical Centre¬Dardsley¬Brownedge Road¬Lostock Hall¬Preston¬Lancashire¬PR5 5AD¬53.72698974609375¬-2.6875286102294922¬01E¬NHS Greater Preston CCG¬01772529329¬¬http://www.lostockhallmedicalcentre.co.uk¬
24346¬P81180¬GP¬UNKNOWN¬Visible¬True¬True¬Clayton Brook Surgery¬Tunley Holme¬Clayton Brook¬Bamber Bridge¬Preston¬Lancashire¬PR5 8ES¬53.711833953857422¬-2.6373131275177002¬00X¬NHS Chorley And South Ribble CCG¬01772313950¬¬https://www.claytonbrooksurgery.com¬
24347¬P81181¬GP¬UNKNOWN¬Visible¬True¬True¬Kingsfold Medical Centre¬Woodcroft Close¬Penwortham¬¬Preston¬Lancashire¬PR1 9BX¬53.735870361328125¬-2.7239053249359131¬00X¬NHS Chorley And South Ribble CCG¬01772 529177¬¬https://www.kingsfoldmedicalcentre.co.uk¬
24348¬P81182¬GP¬UNKNOWN¬Visible¬True¬True¬Richmond Medical Centre¬Richmond Medical¬Acorn Primary Health Care Ctr¬421 Blackburn Road¬Accrington¬Lancashire¬BB5 1RT¬53.752330780029297¬-2.384859561920166¬01A¬NHS East Lancashire CCG¬01254282460¬¬¬01254 282693
24349¬P81184¬GP¬UNKNOWN¬Visible¬True¬True¬Ribbleton Medical Centre¬243 Ribbleton Avenue¬Ribbleton¬¬Preston¬Lancashire¬PR2 6RD¬53.776805877685547¬-2.6609983444213867¬01E¬NHS Greater Preston CCG¬01772 529064¬¬https://www.ribbletonmedicalcentre.co.uk/¬01772 529089
24350¬P81185¬GP¬UNKNOWN¬Visible¬True¬True¬Riverside Medical Centre¬194 Victoria Road¬Walton-Le-Dale¬¬Preston¬Lancashire¬PR5 4AY¬53.748115539550781¬-2.6722848415374756¬01E¬NHS Greater Preston CCG¬01772201010¬¬http://www.riversidemedicalcentre.nhs.uk/¬01772 880861
24351¬P81186¬GP¬UNKNOWN¬Visible¬True¬True¬Moss Side Medical Centre¬16 Moss Side Way¬¬¬Leyland¬Lancashire¬PR26 7XL¬53.690452575683594¬-2.726820707321167¬00X¬NHS Chorley And South Ribble CCG¬01772 529050¬csrccg.mosssidemedicalcentre@nhs.net¬http://www.mosssidemedicalcentre.co.uk¬
24353¬P81191¬GP¬UNKNOWN¬Visible¬True¬True¬Queensway Medical Centre¬Queensway¬¬¬Poulton-Le-Fylde¬Lancashire¬FY6 7ST¬53.846572875976562¬-2.9953691959381104¬02M¬NHS Fylde & Wyre CCG¬01253890219¬¬http://www.queenswaymedicalcentre.nhs.uk/¬
24354¬P81196¬GP¬UNKNOWN¬Visible¬True¬True¬Issa Medical Centre - Patel¬Issa Medical Centre¬73 St Gregory Road¬¬Preston¬Lancashire¬PR1 6YA¬53.770298004150391¬-2.6868252754211426¬01E¬NHS Greater Preston CCG¬01772798122¬¬¬01772 798123
24355¬P81197¬GP¬UNKNOWN¬Visible¬True¬True¬Rosegrove Surgery¬225-227 Gannow Lane¬¬¬Burnley¬Lancashire¬BB12 6HY¬53.789131164550781¬-2.2797656059265137¬01A¬NHS East Lancashire CCG¬01282731501¬rosegrove.surgery@nhs.net¬http://www.rosegrovesurgery.co.uk¬01282 731503
24356¬P81201¬GP¬UNKNOWN¬Visible¬True¬True¬Dr Sanjeev Saxena¬Ashurst Health Centre¬Lulworth¬Ashurst¬Skelmersdale¬Lancashire¬WN8 6QS¬53.563213348388672¬-2.7727086544036865¬02G¬NHS West Lancashire CCG¬01695736110¬¬http://www.ashurstprimarycare.co.uk/¬01695 736122
24357¬P81204¬GP¬UNKNOWN¬Visible¬True¬True¬Dr Dc Mathur & Ptnr¬431-433 Bolton Road¬Ewood¬¬Blackburn¬Lancashire¬BB2 4HY¬53.728370666503906¬-2.4908595085144043¬00Q¬NHS Blackburn With Darwen CCG¬01254617985¬¬¬01254 617990
24358¬P81204001¬GP¬UNKNOWN¬Visible¬True¬True¬Larkhill Surgery¬90 Cleaver Street¬90 Cleaver Street¬¬Blackburn¬Lancashire¬BB1 5DG¬53.750965118408203¬-2.4732434749603271¬00Q¬NHS Blackburn With Darwen CCG¬01254282724¬¬www.ewoodgp.com¬01254 282725
24359¬P81208¬GP¬UNKNOWN¬Visible¬True¬True¬Excel Primary Care¬¬Birleywood Health Centre¬¬Skelmersdale¬Lancashire¬WN8 9BW¬53.538330078125¬-2.7588863372802734¬02G¬NHS West Lancashire CCG¬01695 736150¬¬http://www.excelprimarycare.co.uk¬01695 736215
24361¬P81212¬GP¬UNKNOWN¬Visible¬True¬True¬Dr Moujaes & Dr Mannan¬7-9 Manchester Road¬Haslingden¬¬Rossendale¬Lancashire¬BB4 5SL¬53.703956604003906¬-2.3246588706970215¬01A¬NHS East Lancashire CCG¬01706 253 700¬¬http://www.thesurgeryhaslingden.nhs.uk/¬01706 221130
24362¬P81213001¬GP¬UNKNOWN¬Visible¬True¬True¬UCLAN Medical Centre¬Foster Building¬University Of Central Lancashire¬¬Preston¬Lancashire¬PR1 2HE¬53.761585235595703¬-2.7083075046539307¬01E¬NHS Greater Preston CCG¬01772 214800¬gpccg.uclan@nhs.net¬¬
24363¬P81213¬GP¬UNKNOWN¬Visible¬True¬True¬St.Mary's Health Centre¬St Marys Health Centre¬Cop Lane¬Penwortham¬Preston¬Lancashire¬PR1 0SR¬53.747421264648438¬-2.7295780181884766¬01E¬NHS Greater Preston CCG¬01772 214800¬gpccg.psm@nhs.net¬http://www.stmaryshealthcentre.co.uk/¬
24364¬P81214001¬GP¬UNKNOWN¬Visible¬True¬True¬x-Cherry Tree Surgery is Now Closed¬All Clinical Work is undertaken at Limefield Surgery¬¬¬Blackburn¬Lancashire¬BB2 6PL¬53.749885559082031¬-2.5038790702819824¬00Q¬NHS Blackburn With Darwen CCG¬01254617630¬limefield.general@nhs.net¬http://www.limefieldsurgery.co.uk¬
24365¬P81214¬GP¬UNKNOWN¬Visible¬True¬True¬Limefield Surgery¬293 Preston New Road¬¬¬Blackburn¬Lancashire¬BB2 6PL¬53.749885559082031¬-2.5038790702819824¬00Q¬NHS Blackburn With Darwen CCG¬01254617630¬limefield.general@nhs.net¬http://www.limefieldsurgery.co.uk¬01254 617642
24367¬P81218¬GP¬UNKNOWN¬Visible¬True¬True¬The Clayton Medical Ctr.¬Wellington Street¬Clayton-Le-Moors¬¬Accrington¬Lancashire¬BB5 5HU¬53.774600982666016¬-2.3837714195251465¬01A¬NHS East Lancashire CCG¬01254 287 150¬letters.clayton@nhs.net¬http://www.claytonmedicalcentre.co.uk/¬01254 287 166
24368¬P81704001¬GP¬UNKNOWN¬Visible¬True¬True¬Blakewater Healthcare¬Barbara Castle Way Health Centre¬¬¬Blackburn¬Lancashire¬BB2 1AX¬53.750541687011719¬-2.4867355823516846¬00Q¬NHS Blackburn With Darwen CCG¬01254617201¬¬http://www.themontaguepractice.nhs.uk/¬
24369¬P81620¬GP¬UNKNOWN¬Visible¬True¬True¬Slaidburn Health Centre¬Townend¬Slaidburn¬¬Clitheroe¬Lancashire¬BB7 3EP¬53.967315673828125¬-2.443986177444458¬01A¬NHS East Lancashire CCG¬01200413640¬teamslaidburn@nhs.net¬http://www.slaidburnhealthcentre.nhs.uk¬01200 413648
24370¬P81622¬GP¬UNKNOWN¬Visible¬True¬True¬Shifa Surgery¬Bangor Street¬Health Resource Centre¬¬Blackburn¬Lancashire¬BB1 6DY¬53.757297515869141¬-2.4759840965270996¬00Q¬NHS Blackburn With Darwen CCG¬01254617440¬shifasurgery@nhs.net¬https://www.shifasurgery.co.uk¬
24374¬P81633¬GP¬UNKNOWN¬Visible¬True¬True¬Spring-Fenisco Healthlink¬102 Bolton Road¬¬¬Darwen¬Lancashire¬BB3 1BZ¬53.69110107421875¬-2.4666657447814941¬00Q¬NHS Blackburn With Darwen CCG¬01254282880¬¬http://www.springfeniscohealthlink.co.uk/¬01254 282 886
24377¬P81123¬GP¬UNKNOWN¬Visible¬True¬True¬Horsfield P M S¬Colne Health Centre¬Craddock Road¬¬Colne¬Lancashire¬BB8 0JZ¬53.858325958251953¬-2.1688177585601807¬01A¬NHS East Lancashire CCG¬01282 731570¬¬¬01282 731569
24378¬P81642¬GP¬UNKNOWN¬Visible¬True¬False¬Medicare Unit Surgery¬1 Croston Road¬Lostock Hall¬¬Preston¬Lancashire¬PR5 5RS¬53.725242614746094¬-2.6923954486846924¬00X¬NHS Chorley And South Ribble CCG¬01772 529210¬¬http://www.medicareunit.co.uk¬
24380¬P81646¬GP¬UNKNOWN¬Visible¬True¬True¬Lathom House Surgery¬Burscough Health Centre¬Stanley Court, Lord Street¬Burscough¬Ormskirk¬Lancashire¬L40 4LA¬53.602363586425781¬-2.8400974273681641¬02G¬NHS West Lancashire CCG¬01704 396060¬¬http://www.lathomhousesurgery.nhs.uk¬01704 897510
24381¬P81647¬GP¬UNKNOWN¬Visible¬True¬True¬Dr R K Yerra¬Guttridge Medical Centre¬Deepdale Road¬¬Preston¬Lancashire¬PR1 6LL¬53.769886016845703¬-2.6912336349487305¬01E¬NHS Greater Preston CCG¬01772325130¬¬http://www.drjhasurgery.co.uk¬01772 325136
24382¬P81655¬GP¬UNKNOWN¬Visible¬True¬True¬Croston Village Surgery¬Out Lane¬Croston¬¬Leyland¬Lancashire¬PR26 9HJ¬53.662033081054687¬-2.7725484371185303¬00X¬NHS Chorley And South Ribble CCG¬01772214680¬¬¬01772 214679
24384¬P81664¬GP¬UNKNOWN¬Visible¬True¬True¬The Park Medical Practice¬Cottam Lane¬¬¬Preston¬Lancashire¬PR2 1JR¬53.770183563232422¬-2.7390305995941162¬01E¬NHS Greater Preston CCG¬01772529000¬¬http://www.parkmedicalpractice.com/¬01772 768138
24385¬P81664001¬GP¬UNKNOWN¬Visible¬True¬True¬The Park Medical Practice¬370 New Hall Lane¬¬¬Preston¬Lancashire¬PR1 4SX¬53.765430450439453¬-2.6669788360595703¬01E¬NHS Greater Preston CCG¬01772529000¬admin.parkmedical@nhs.net¬http://www.parkmedicalpractice.com/¬
24387¬P81668¬GP¬UNKNOWN¬Visible¬True¬True¬Fleetwood Surgery¬West View Health Village¬Broadway¬¬Fleetwood¬Lancashire¬FY7 8GU¬53.912673950195313¬-3.0338287353515625¬02M¬NHS Fylde & Wyre CCG¬01253957555¬¬http://www.fleetwoodsurgery.nhs.uk/¬01253 957556
24388¬P81674¬GP¬UNKNOWN¬Visible¬True¬True¬Stanley Court Surgery¬Burscough Health Centre¬Stanley Court¬Burscough¬Ormskirk¬Lancashire¬L40 4LA¬53.602363586425781¬-2.8400974273681641¬02G¬NHS West Lancashire CCG¬01704 396080¬¬http://stanleycourtsurgery.co.uk¬
24390¬P81681¬GP¬UNKNOWN¬Visible¬True¬True¬North Shore Surgery¬Moor Park Health & Leisure Centre¬Bristol Avenue¬Bispham¬Blackpool¬Lancashire¬FY2 0JG¬53.849559783935547¬-3.0334885120391846¬00R¬NHS Blackpool CCG¬01253957666¬¬http://www.northshoresurgery.org.uk¬
24391¬P81683¬GP¬UNKNOWN¬Visible¬True¬True¬Olive Medical Practice¬Olive Medical Practice¬3 Lime Street¬¬Blackburn¬Lancashire¬BB1 7EP¬53.752315521240234¬-2.484177827835083¬00Q¬NHS Blackburn With Darwen CCG¬01254287070¬¬http://www.olivemedicalpractice.co.uk¬01254 287080
24392¬P81683001¬GP¬UNKNOWN¬Visible¬True¬True¬Dr A Alam & Partner¬42 Railway Road¬Darwen¬Lancashire¬Darwen¬Lancashire¬BB3 2RJ¬53.696662902832031¬-2.4649703502655029¬00Q¬NHS Blackburn With Darwen CCG¬01254287060¬¬http://www.umarmedicalcentre.nhs.uk/¬01254 706033
24394¬P81685¬GP¬UNKNOWN¬Visible¬True¬True¬Dr S Z Shahid¬Guttridge Medical Centre¬Deepdale Road¬¬Preston¬Lancashire¬PR1 6LL¬53.769886016845703¬-2.6912336349487305¬01E¬NHS Greater Preston CCG¬01772 325150¬¬¬
24395¬P81686¬GP¬UNKNOWN¬Visible¬True¬True¬Rossendale Valley Medical Practice¬Haslingden Health Centre¬Manchester Road Haslingden¬¬Rossendale¬Lancashire¬BB4 5SL¬53.703804016113281¬-2.3245863914489746¬01A¬NHS East Lancashire CCG¬01706 605100¬¬http://www.rossendalevalleymedicalpractice.co.uk¬01706 605109
24396¬P81687¬GP¬UNKNOWN¬Visible¬True¬True¬New Longton Surgery¬2 Churchside¬New Longton¬¬Preston¬Lancashire¬PR4 4LU¬53.724235534667969¬-2.7435135841369629¬00X¬NHS Chorley And South Ribble CCG¬01772214640¬karen.rimmer@nhs.net¬¬01772 214644
24397¬P81689¬GP¬UNKNOWN¬Visible¬True¬True¬Eaves Lane Surgery¬311 Eaves Lane¬¬¬Chorley¬Lancashire¬PR6 0DR¬53.659824371337891¬-2.619035005569458¬00X¬NHS Chorley And South Ribble CCG¬01257 514144¬eaveslanesurgery@nhs.net¬http://www.eaveslanesurgery.co.uk/¬01257 514150
24399¬P81196003¬GP¬UNKNOWN¬Visible¬True¬True¬Beech Drive Surgery¬The Surgery¬17-19 Beech Drive¬Fulwood¬Preston¬Lancashire¬PR2 3NB¬53.795783996582031¬-2.7166934013366699¬01E¬NHS Greater Preston CCG¬01772 214770¬¬https://www.issamedicalgroup.co.uk¬01772 214776
24400¬P81692¬GP¬UNKNOWN¬Visible¬True¬True¬The Beeches Medical Centre¬Liverpool Road¬Longton¬¬Preston¬Lancashire¬PR4 5AB¬53.725654602050781¬-2.7904164791107178¬00X¬NHS Chorley And South Ribble CCG¬01772 214620¬¬http://www.beecheslongton.co.uk¬
24401¬P81694¬GP¬UNKNOWN¬Visible¬True¬True¬The Family Practice¬Barbara Castle Way Health Ctr¬Simmons Street¬¬Blackburn¬Lancashire¬BB2 1AX¬53.750541687011719¬-2.4867355823516846¬00Q¬NHS Blackburn With Darwen CCG¬01254617301¬¬¬01254 617307
24402¬P81695¬GP¬UNKNOWN¬Visible¬True¬True¬Aughton Surgery¬19 Town Green Lane¬Aughton¬¬Ormskirk¬Lancashire¬L39 6SE¬53.543674468994141¬-2.9020757675170898¬02G¬NHS West Lancashire CCG¬01695 736300¬¬http://www.aughtonsurgery.nhs.uk¬01695 424525
24403¬P81699¬GP¬UNKNOWN¬Visible¬True¬True¬Higher Heys Surgery¬Oswaldtwistle¬¬¬Accrington¬Lancashire¬BB5 3BP¬53.740867614746094¬-2.3940789699554443¬01A¬NHS East Lancashire CCG¬01254617974¬¬¬01254 617980
24405¬P81701¬GP¬UNKNOWN¬Visible¬True¬True¬Preston Road Surgery¬652 Preston Road¬Clayton-Le-Woods¬¬Chorley¬Lancashire¬PR6 7EH¬53.709568023681641¬-2.6409299373626709¬00X¬NHS Chorley And South Ribble CCG¬01772323021¬csrccg.drhamad@nhs.net¬http://www.drdawoudssurgery.co.uk¬01772 620078
24406¬P81704¬GP¬UNKNOWN¬Visible¬True¬True¬Blakewater Healthcare¬367 Whalley New Road¬¬¬Blackburn¬Lancashire¬BB1 9SR¬53.764972686767578¬-2.4739017486572266¬00Q¬NHS Blackburn With Darwen CCG¬01254618000¬roelee.scripts@nhs.net¬http://www.roeleesurgery.co.uk¬01254 618001
24409¬P81707¬GP¬UNKNOWN¬Visible¬True¬True¬Dr N Nagpal's Practice¬William Hopwood Street¬Audley¬¬Blackburn¬Lancashire¬BB1 1LX¬53.746288299560547¬-2.4670195579528809¬00Q¬NHS Blackburn With Darwen CCG¬0125452522¬drnagpals.surgery@nhs.net¬http://www.hopwoodgp.com¬01254 696086
24410¬P81709¬GP¬UNKNOWN¬Visible¬True¬True¬Roman Road Health Centre¬Fishmoor Drive¬¬¬Blackburn¬Lancashire¬BB2 3UY¬53.728435516357422¬-2.4721870422363281¬00Q¬NHS Blackburn With Darwen CCG¬01254282777¬¬http://www.romanroadhealthcentre.co.uk¬01254 282794
24411¬P81710¬GP¬UNKNOWN¬Visible¬True¬True¬Tarleton Group Practice¬The Health Centre¬Mark Square Gorse Lane¬Tarleton¬Preston¬Lancashire¬PR4 6UJ¬53.679271697998047¬-2.8329827785491943¬02G¬NHS West Lancashire CCG¬01772214855¬welaccg.tgpadmin@nhs.net¬http://www.tarletongrouppractice.nhs.uk¬01772 214860
24412¬P81711¬GP¬UNKNOWN¬Visible¬True¬True¬Dr Paramundayil Joseph¬6-8 Church Street¬Church¬¬Accrington¬Lancashire¬BB5 4LF¬53.755001068115234¬-2.3908290863037109¬01A¬NHS East Lancashire CCG¬01254617911¬dillhall.surgery@nhs.net¬http://www.dillhallsurgery.nhs.uk/¬01254 617895
24416¬P81714¬GP¬UNKNOWN¬Visible¬True¬True¬Abbey Dale Medical Centre¬50 Common Edge Road¬¬¬Blackpool¬Lancashire¬FY4 5AU¬53.788185119628906¬-3.0243287086486816¬00R¬NHS Blackpool CCG¬01253696696¬¬http://www.abbey-dale.co.uk¬01253 691691
24419¬P81721¬GP¬UNKNOWN¬Visible¬True¬True¬New GP from January 2018 - Dr Zaki Patel¬Hollins Grove Surgery¬153 Blackburn Road¬¬Darwen¬Lancashire¬BB3 1ET¬53.705348968505859¬-2.4774577617645264¬00Q¬NHS Blackburn With Darwen CCG¬01254701961¬¬¬
24421¬P81724¬GP¬UNKNOWN¬Visible¬True¬True¬Pringle Street Surgery¬216-218 Pringle Street¬¬¬Blackburn¬Lancashire¬BB1 1SB¬53.742042541503906¬-2.4675788879394531¬00Q¬NHS Blackburn With Darwen CCG¬01254617690¬pringlestreet.surgery@nhs.net¬https://www.pringlestreetsurgery.co.uk¬01254 681630
24422¬P81726¬GP¬UNKNOWN¬Visible¬True¬True¬King Street Medical Centre¬43 King Street¬¬¬Accrington¬Lancashire¬BB5 1QE¬53.753936767578125¬-2.3694047927856445¬01A¬NHS East Lancashire CCG¬01254 617664¬kingstreet.mc@nhs.net¬¬01254 617665
24424¬P81730¬GP¬UNKNOWN¬Visible¬True¬True¬Great Harwood Medical Group¬Great Harwood Health Centre¬Water Street¬¬Blackburn¬Lancashire¬BB6 7QR¬53.788356781005859¬-2.4036312103271484¬01A¬NHS East Lancashire CCG¬01254617570¬ghmg@nhs.net¬http://www.ghmg.org.uk/¬01254 617573
24425¬P81731¬GP¬UNKNOWN¬Visible¬True¬True¬Dr Qazi Jehangir¬Yarnspinners Wharf¬Carr Road¬¬Nelson¬Lancashire¬BB9 7SR¬53.838047027587891¬-2.2188353538513184¬01A¬NHS East Lancashire CCG¬01282657680¬¬https://www.drjehangirssurgery.co.uk¬01282 615579
24426¬P81732¬GP¬UNKNOWN¬Visible¬True¬True¬Harambee Surgery¬Harambee Surgery¬27 Skipton Road¬¬Trawden¬Lancashire¬BB8 8QU¬53.847713470458984¬-2.1367766857147217¬01A¬NHS East Lancashire CCG¬01282868482¬info@harambeesurgery.co.uk¬http://www.harambeesurgery.co.uk¬01282 862685
24427¬P81655001¬GP¬UNKNOWN¬Visible¬True¬True¬Eccleston Health Centre¬Doctors Lane¬¬¬Chorley¬Lancashire¬PR7 5RA¬53.647254943847656¬-2.7281498908996582¬00X¬NHS Chorley And South Ribble CCG¬1257451221¬¬¬01257 513910
24428¬P81734003¬GP¬UNKNOWN¬Visible¬True¬True¬Lambeth Street Surgery¬Lambeth Street Surgery¬¬¬Blackburn¬Lancashire¬BB1 1LZ¬53.745548248291016¬-2.4641261100769043¬00Q¬NHS Blackburn With Darwen CCG¬01254618070¬¬http://www.cornerstonepractice.com/¬01254 618071
24429¬P81734001¬GP¬UNKNOWN¬Visible¬True¬True¬Rhyddings Surgery¬71 Union Road¬¬¬Accrington¬Lancashire¬BB5 3DD¬53.747283935546875¬-2.3920161724090576¬00Q¬NHS Blackburn With Darwen CCG¬01254618080¬¬http://www.cornerstonepractice.com/¬01254 618081
24430¬P81734¬GP¬UNKNOWN¬Visible¬True¬True¬The Cornerstone Practice¬Shadsworth Road¬¬¬Blackburn¬Lancashire¬BB1 2HR¬53.739189147949219¬-2.4523863792419434¬00Q¬NHS Blackburn With Darwen CCG¬01254618018¬¬http://www.cornerstonepractice.com¬01254 618019
24431¬P81735¬GP¬UNKNOWN¬Visible¬True¬True¬Dr Asad Hussain¬Ribble Village Health Centre¬202 Miller Rd¬Ribbleton¬Preston¬Lancashire¬PR2 6NH¬53.770751953125¬-2.657261848449707¬01E¬NHS Greater Preston CCG¬01772792864¬¬¬01772 705251
24432¬P81736¬GP¬UNKNOWN¬Visible¬True¬True¬Whitefield Medical Services Limited¬Yarnspinners Primary Hlth C C¬Yarnspinners Wharf Carr Road¬¬Nelson¬Lancashire¬BB9 7SR¬53.838047027587891¬-2.2188353538513184¬01A¬NHS East Lancashire CCG¬01282657700¬¬¬01282 615289
24433¬P81737¬GP¬UNKNOWN¬Visible¬True¬False¬The Old Links Surgery¬104 Highbury Road East¬St Annes¬¬Lytham St Annes¬Lancashire¬FY8 2LY¬53.762699127197266¬-3.0308985710144043¬02M¬NHS Fylde & Wyre CCG¬01253713621¬reception@oldlinkssurgery.com¬http://www.oldlinkssurgery.com/¬01253 713621
24434¬P81738002¬GP¬UNKNOWN¬Visible¬True¬True¬Great Harwood Health Centre¬Water Street¬Great Harwood¬¬Blackburn¬Lancashire¬BB6 7QR¬53.788356781005859¬-2.4036312103271484¬01A¬NHS East Lancashire CCG¬01254 617590¬elccg.rishtonandgreatharwoodsurgery@nhs.net¬https://www.rghsurgery.co.uk/¬
24435¬P81738¬GP¬UNKNOWN¬Visible¬True¬True¬Rishton & Great Harwood Surgery¬32 High Street¬Rishton¬¬Blackburn¬Lancashire¬BB1 4LA¬53.768447875976562¬-2.4141964912414551¬01A¬NHS East Lancashire CCG¬01254617590¬elccg.rishtonandgreatharwoodsurgery@nhs.net¬https://www.rghsurgery.co.uk/¬01254 617595
24436¬P81740¬GP¬UNKNOWN¬Visible¬True¬True¬Adlington Medical Centre¬22-24 Babylon Lane¬Anderton¬¬Chorley¬Lancashire¬PR6 9NW¬53.618549346923828¬-2.5959961414337158¬00X¬NHS Chorley And South Ribble CCG¬01257 514134¬¬http://www.adlingtonmedicalcentre.co.uk¬
24437¬P81741¬GP¬UNKNOWN¬Visible¬True¬True¬Station Surgery¬8 Golden Hill Lane¬¬¬Leyland¬Lancashire¬PR25 3NP¬53.698036193847656¬-2.6906006336212158¬00X¬NHS Chorley And South Ribble CCG¬01772622505¬¬http://www.stationsurgeryleyland.co.uk/¬01772 457718
24438¬P81742¬GP¬UNKNOWN¬Visible¬True¬True¬Beechwood Surgery¬Old Bank Medical Centre¬155 Victoria Road East¬¬Thornton Cleveleys¬Lancashire¬FY5 5HH¬53.871574401855469¬-3.0090427398681641¬02M¬NHS Fylde & Wyre CCG¬01253 951717¬¬https://www.beechwoodsurgery.nhs.uk¬
24441¬P81748¬GP¬UNKNOWN¬Visible¬True¬True¬Briarwood Medical Centre¬514 Blackpool Road¬Ashton¬¬Preston¬Lancashire¬PR2 1HY¬53.769741058349609¬-2.7346916198730469¬01E¬NHS Greater Preston CCG¬01772 529230¬gpccg.briarwood@nhs.net¬http://www.briarwoodmedicalcentre.co.uk¬
24445¬P81755¬GP¬UNKNOWN¬Visible¬True¬True¬The Weavers Practice¬High Street¬¬¬Rishton¬Lancashire¬BB1 4LA¬53.768447875976562¬-2.4141964912414551¬01A¬NHS East Lancashire CCG¬01254884217¬elccg.weaverspractice@nhs.net¬http://www.theweaverspractice.nhs.uk¬
24447¬P81757¬GP¬UNKNOWN¬Visible¬True¬True¬Barrowford Surgery Limited¬Ridgeway¬Barrowford¬¬Nelson¬Lancashire¬BB9 8QP¬53.848533630371094¬-2.2237694263458252¬01A¬NHS East Lancashire CCG¬01282612621¬barrowford.surgery@nhs.net¬http://www.barrowfordsurgery.co.uk/¬01282 611958
24448¬P81208002¬GP¬UNKNOWN¬Visible¬True¬True¬Excel Primary Care¬Matthew Ryder Clinic¬20 Dingle Road¬Hall Green Upholland¬Skelmersdale¬Lancashire¬WN8 0EN¬53.543178558349609¬-2.7265579700469971¬02G¬NHS West Lancashire CCG¬01695 736280¬ghmg@nhs.net¬http://www.ghmg.org.uk/¬01695 736283
24453¬P81769¬GP¬UNKNOWN¬Visible¬True¬True¬Lostock Hall Village Surgery¬1 William Street¬Lostock Hall¬¬Preston¬Lancashire¬PR5 5RZ¬53.726325988769531¬-2.6934285163879395¬00X¬NHS Chorley And South Ribble CCG¬01772697666¬julie.higham@gp-p81769.nhs.uk¬¬
24454¬P81770¬GP¬UNKNOWN¬Visible¬True¬True¬Avenham Surgery¬Avenham Lane¬Avenham Health Centre¬Avenham Lane¬Preston¬Lancashire¬PR1 3RG¬53.756980895996094¬-2.6939337253570557¬01E¬NHS Greater Preston CCG¬01772 529120¬¬http://www.avenhamsurgery.nhs.uk¬01772 529126
24455¬P81771¬GP¬UNKNOWN¬Visible¬True¬True¬Primrose Bank Medical Centre¬Larkhill¬¬¬Blackburn¬Lancashire¬BB1 5ER¬53.752544403076172¬-2.4755058288574219¬00Q¬NHS Blackburn With Darwen CCG¬01254672132¬¬¬01254 699189
24457¬P81112003¬GP¬UNKNOWN¬Visible¬True¬True¬North Meols Medical Centre¬Church Road¬Banks¬¬Southport¬Merseyside¬PR9 8ET¬53.681678771972656¬-2.9216475486755371¬02G¬NHS West Lancashire CCG¬01695 736000¬welaccg.northmeolsmedicalcentre@nhs.net¬http://www.beaconprimarycare.org.uk¬01704 396018
24461¬P81780¬GP¬UNKNOWN¬Visible¬True¬True¬Riverside Family Practice¬St Peters Centre¬Church Street¬¬Burnley¬Lancashire¬BB11 2DL¬53.791252136230469¬-2.2389318943023682¬01A¬NHS East Lancashire CCG¬01282644123¬riverside.familypractice@nhs.net¬http://www.riversidefamilypractice.org.uk¬
24464¬P81123002¬GP¬UNKNOWN¬Visible¬True¬True¬Brierfield P M S¬The Health Centre¬Arthur Street¬Brierfield¬Nelson¬Lancashire¬BB9 5SN¬53.824321746826172¬-2.2329070568084717¬01A¬NHS East Lancashire CCG¬01282 615175¬¬¬01282 698157
24465¬P82001¬GP¬UNKNOWN¬Visible¬True¬True¬The Dunstan Partnership¬Breightmet Health Centre¬Breightmet Fold Lane¬¬Bolton¬Lancashire¬BL2 6NT¬53.582359313964844¬-2.3842644691467285¬00T¬NHS Bolton CCG¬01204463777¬¬http://www.thedunstanpartnership.co.uk¬
24466¬P82002¬GP¬UNKNOWN¬Visible¬True¬True¬The Pikes Lane Centre¬226 - 244 Deane Road¬¬¬Bolton¬Lancashire¬BL3 5HP¬53.572731018066406¬-2.4463331699371338¬00T¬NHS Bolton CCG¬01204463636¬¬http://www.drcounsellandpartners.co.uk/¬01204 463635
24467¬P82003¬GP¬UNKNOWN¬Visible¬True¬True¬Kildonan House¬Ramsbottom Road¬Horwich¬¬Bolton¬Greater Manchester¬BL6 5NW¬53.594791412353516¬-2.5453484058380127¬00T¬NHS Bolton CCG¬01204468161¬¬http://www.kildonanhousemedicalpractice.nhs.uk/¬
24468¬P82004¬GP¬UNKNOWN¬Visible¬True¬True¬Swan Lane Medical Centre¬Swan Lane¬¬¬Bolton¬Lancashire¬BL3 6TL¬53.566947937011719¬-2.4423766136169434¬00T¬NHS Bolton CCG¬01204661600¬¬https://www.swanlanemedicalcentre.nhs.uk¬
24469¬P82005¬GP¬UNKNOWN¬Visible¬True¬True¬Stable Fold Surgery¬119 Church Street¬Westhoughton¬¬Bolton¬Lancashire¬BL5 3SF¬53.552394866943359¬-2.5234148502349854¬00T¬NHS Bolton CCG¬01942813678¬¬http://www.stablefoldsurgery.co.uk/¬
24470¬P82006¬GP¬UNKNOWN¬Visible¬True¬True¬Dr Malhotra & Partners¬Albert Street¬Horwich¬¬Bolton¬Lancashire¬BL6 7AS¬53.601387023925781¬-2.5477304458618164¬00T¬NHS Bolton CCG¬01204322888¬¬¬
24471¬P82006001¬GP¬UNKNOWN¬Visible¬True¬True¬Westhoughton Branch Surgery¬294 Church Street¬Westhoughton¬¬Bolton¬Lancashire¬BL5 3QQ¬53.558204650878906¬-2.5245282649993896¬00T¬NHS Bolton CCG¬19420367166¬¬http://www.pikeviewmedicalcentre.co.uk¬
24472¬P82007¬GP¬UNKNOWN¬Visible¬True¬True¬Kearsley Medical Centre¬Jackson Street¬Kearsley¬¬Bolton¬Lancashire¬BL4 8EP¬53.543209075927734¬-2.3828229904174805¬00T¬NHS Bolton CCG¬01204462200¬¬http://www.kearsleymedicalcentre.nhs.uk¬01204 462744
24473¬P82008¬GP¬UNKNOWN¬Visible¬True¬True¬STONEHILL MEDICAL CENTRE¬Piggott Street¬Farnworth¬¬Bolton¬Lancashire¬BL4 9QZ¬53.54364013671875¬-2.4024298191070557¬00T¬NHS Bolton CCG¬01204573445¬ooh.silvert@nhs.net¬http://www.stonehillmedicalcentre.nhs.uk/¬
24474¬P82008001¬GP¬UNKNOWN¬Visible¬True¬True¬Highfield Surgery¬235 Highfield Road¬Farnworth¬¬Bolton¬Lancashire¬BL4 0NX¬53.546588897705078¬-2.4274346828460693¬00T¬NHS Bolton CCG¬01204573445¬¬¬
24475¬P82009¬GP¬UNKNOWN¬Visible¬True¬True¬St Helens Road Practice¬374-376 St Helens Road¬¬¬Bolton¬Lancashire¬BL3 3RR¬53.559555053710938¬-2.4578337669372559¬00T¬NHS Bolton CCG¬01204665588¬¬¬01204 665992
24476¬P82009001¬GP¬UNKNOWN¬Visible¬True¬True¬Southbrook Surgery¬Southbrook Grove¬Walker Avenue¬¬Bolton¬Lancashire¬BL3 2DN¬53.561233520507812¬-2.4269030094146729¬00T¬NHS Bolton CCG¬01204363600¬¬http://www.ehealthservice.co.uk/bolton/garnetfold/3.html¬01204 396900
24477¬P82010¬GP¬UNKNOWN¬Visible¬True¬True¬Dalefield Surgery¬Avondale Street¬¬¬Bolton¬Lancashire¬BL1 4JP¬53.588172912597656¬-2.4517984390258789¬00T¬NHS Bolton CCG¬01204462880¬¬http://www.dalefieldsurgery.nhs.uk¬
24478¬P82011¬GP¬UNKNOWN¬Visible¬True¬True¬Tonge Fold Health Centre¬Hilton Street¬¬¬Bolton¬Lancashire¬BL2 6DY¬53.579517364501953¬-2.4053192138671875¬00T¬NHS Bolton CCG¬01204521574¬¬http://www.tongefold.co.uk¬
24479¬P82012¬GP¬UNKNOWN¬Visible¬True¬True¬Lever Chambers 1¬Ashburner Street¬¬¬Bolton¬Lancashire¬BL1 1SQ¬53.576866149902344¬-2.4311835765838623¬00T¬NHS Bolton CCG¬01204462630¬drlyonreception@nhs.net¬http://www.boltondoctors.co.uk¬01204 462636
24480¬P82013¬GP¬UNKNOWN¬Visible¬True¬True¬Dr Y Loomba & Partner ¬Rupert Street¬¬¬Bolton¬Lancashire¬BL3 6RN¬53.565628051757813¬-2.4324281215667725¬00T¬NHS Bolton CCG¬01204 462141¬bolccg.p82013@nhs.net¬https://www.drloombabolton.nhs.uk¬
24481¬P82013001¬GP¬UNKNOWN¬Visible¬True¬True¬Dr Y Loomba & Partner ¬Ashburner Street¬¬¬Bolton¬Lancashire¬BL1 1SQ¬53.576866149902344¬-2.4311835765838623¬00T¬NHS Bolton CCG¬01204462660¬bolccg.p82013@nhs.net¬https://www.drloombabolton.nhs.uk¬
24482¬P82014¬GP¬UNKNOWN¬Visible¬True¬True¬Spring House Surgery¬555 Chorley Old Road¬¬¬Bolton¬Lancashire¬BL1 6AF¬53.58837890625¬-2.4635384082794189¬00T¬NHS Bolton CCG¬01204848411¬¬http://www.springhousesurgery.nhs.uk¬01204 599817
24483¬P82015¬GP¬UNKNOWN¬Visible¬True¬True¬Unsworth Group Practice¬Peter House¬Captain Lees Road¬Westhoughton¬Bolton¬Lancashire¬BL5 3UB¬53.550460815429687¬-2.5085391998291016¬00T¬NHS Bolton CCG¬01942812525¬¬http://www.unsworthgroup.com¬01942 813431
24484¬P82015001¬GP¬UNKNOWN¬Visible¬True¬True¬Unsworth Group Practice, Blackrod¬Blackrod Health Centre¬Church Street¬Blackrod¬Bolton¬Lancashire¬BL6 5EQ¬53.594314575195312¬-2.585456371307373¬00T¬NHS Bolton CCG¬01204697229¬¬http://www.unsworthgroup.com¬01204 695733
24485¬P82016¬GP¬UNKNOWN¬Visible¬True¬True¬Harwood Medical Centre¬Hough Fold Way¬¬¬Bolton¬Lancashire¬BL2 3HQ¬53.604072570800781¬-2.3981382846832275¬00T¬NHS Bolton CCG¬01204300033¬¬¬01204 303368
24486¬P82016001¬GP¬UNKNOWN¬Visible¬True¬True¬Dr G S Lancashire¬Thicketford Road¬¬¬Bolton¬Lancashire¬BL2 2LW¬53.589141845703125¬-2.4090409278869629¬00T¬NHS Bolton CCG¬01204462500¬¬¬
24487¬P82018¬GP¬UNKNOWN¬Visible¬True¬True¬The Alastair Ross Medical Practice¬Breightmet Fold Lane¬¬¬Bolton¬Lancashire¬BL2 6NT¬53.582359313964844¬-2.3842644691467285¬00T¬NHS Bolton CCG¬01204463800¬¬http://www.alastairross.nhs.uk/¬
24489¬P82020¬GP¬UNKNOWN¬Visible¬True¬True¬Little Lever Health Centre 1¬Mytham Road¬Little Lever¬¬Bolton¬Lancashire¬BL3 1JF¬53.559822082519531¬-2.3706090450286865¬00T¬NHS Bolton CCG¬01204462640¬¬http://www.littleleverdoctors.co.uk/¬
24490¬P82021¬GP¬UNKNOWN¬Visible¬True¬True¬The Oaks Family Practice- (Prev Dr. Page and Partners)¬Crompton Health Centre¬501 Crompton Way¬¬Bolton¬Lancashire¬BL1 8UP¬53.597488403320313¬-2.4152109622955322¬00T¬NHS Bolton CCG¬01204463111¬bolccg.p82021@nhs.net¬http://www.theoaksfamilypractice.co.uk¬
24491¬P82022¬GP¬UNKNOWN¬Visible¬True¬True¬The Halliwell Surgery¬Lindfield Drive¬Halliwell¬¬Bolton¬Lancashire¬BL1 3RG¬53.588325500488281¬-2.4317233562469482¬00T¬NHS Bolton CCG¬01204523642¬¬¬01204 384204
24492¬P82023¬GP¬UNKNOWN¬Visible¬True¬True¬Mandalay Medical Centre¬933 Blackburn Road¬¬¬Bolton¬Lancashire¬BL1 7LR¬53.610572814941406¬-2.4321014881134033¬00T¬NHS Bolton CCG¬01204309206¬¬http://www.mandalaymedicalcentre.nhs.uk¬01204 597949
24493¬P82025¬GP¬UNKNOWN¬Visible¬True¬True¬Burnside Surgery¬Navigation Park¬Waters Meeting Road¬¬Bolton¬Lancashire¬BL1 8TT¬53.590435028076172¬-2.4277563095092773¬00T¬NHS Bolton CCG¬01204462930¬¬http://www.ehealthservice.co.uk/bolton/burnside/¬01204 462931
24494¬P82029¬GP¬UNKNOWN¬Visible¬True¬True¬Drs Jeyam & Jesudas¬The Halliwell Surgery 2¬Lindfield Drive¬Halliwell¬Bolton¬Lancashire¬BL1 3RG¬53.588325500488281¬-2.4317233562469482¬00T¬NHS Bolton CCG¬01204523813¬¬https://www.halliwellsurgery.co.uk¬01204 384204
24495¬P82030001¬GP¬UNKNOWN¬Visible¬True¬True¬Deane Surgery¬155-157 Deane Road¬Bolton¬Lancs¬Bolton¬Lancashire¬BL3 5AH¬53.572704315185547¬-2.4419686794281006¬00T¬NHS Bolton CCG¬01204525526¬¬¬
24496¬P82030¬GP¬UNKNOWN¬Visible¬True¬True¬Deane Medical Centre¬279-283 St Helens Road¬¬¬Bolton¬Lancashire¬BL3 3QB¬53.560836791992187¬-2.4548735618591309¬00T¬NHS Bolton CCG¬0120462233¬¬¬01204 62919
24497¬P82031¬GP¬UNKNOWN¬Visible¬True¬True¬Heaton Medical Centre¬2 Lucy Street¬¬¬Bolton¬Lancashire¬BL1 5PU¬53.587963104248047¬-2.4683074951171875¬00T¬NHS Bolton CCG¬01204843677¬heaton.medical@nhs.net¬https://www.boltongp.co.uk/¬
24498¬P82033¬GP¬UNKNOWN¬Visible¬True¬True¬Bradford Street Surgery¬65 Bradford Street¬¬¬Bolton¬Lancashire¬BL2 1HT¬53.57684326171875¬-2.4182102680206299¬00T¬NHS Bolton CCG¬01204521061¬¬http://www.ehealthservice.co.uk/bolton/zarrouk¬01204 392009
24499¬P82034¬GP¬UNKNOWN¬Visible¬True¬True¬The Surgery -  Dr Leach, Dr Bakht & Dr Tanoli¬Darwen Road¬¬¬Bromley Cross¬Bolton¬BL7 9RG¬53.617591857910156¬-2.426368236541748¬00T¬NHS Bolton CCG¬01204462233¬¬¬01204 595422
24500¬P82034001¬GP¬UNKNOWN¬Visible¬True¬True¬Edgworth Medical Centre - Dr Leach, Dr Bakht and Dr Tanoli¬354 Bolton Road¬Turton¬¬Bolton¬Lancashire¬BL7 0DU¬53.646823883056641¬-2.3921873569488525¬00T¬NHS Bolton CCG¬01204856843¬¬http://www.edgworthmedicalcentre.co.uk¬01204 853952
24501¬P82036¬GP¬UNKNOWN¬Visible¬True¬True¬Dr P K Jain & Dr T Subramanian¬Dr P Jain and Dr T Subramanian¬Little Lever Health Centre¬Mytham Road, Little Lever¬Bolton¬Lancashire¬BL3 1JF¬53.559345245361328¬-2.3710529804229736¬00T¬NHS Bolton CCG¬01204462988¬drjain.prescription@nhs.net¬http://www.drjainanddrsubramanian.nhs.uk/index.aspx¬
24502¬P82037¬GP¬UNKNOWN¬Visible¬True¬True¬Fig Tree Medical Practice¬Farnworth Health Centre 1¬Frederick Street¬Farnworth¬Bolton¬Lancashire¬BL4 9AH¬53.546127319335938¬-2.39774489402771¬00T¬NHS Bolton CCG¬01204795170¬¬http://www.farnworthhealthcentre.nhs.uk¬
24503¬P82607¬GP¬UNKNOWN¬Visible¬True¬True¬Crompton View Surgery¬501 Crompton Way¬¬¬Bolton¬Lancashire¬BL1 8UP¬53.597488403320313¬-2.4152109622955322¬00T¬NHS Bolton CCG¬01204463090¬¬http://www.cromptonviewsurgery.co.uk¬01204 463070
24504¬P82609¬GP¬UNKNOWN¬Visible¬True¬True¬Shanti Medical Centre¬160 St Helens Road¬¬¬Bolton¬Lancashire¬BL3 3PH¬53.563373565673828¬-2.4514434337615967¬00T¬NHS Bolton CCG¬01204 665354¬ooh.p82609@nhs.net¬http://www.ssphealth.com¬
24505¬P82613¬GP¬UNKNOWN¬Visible¬True¬True¬Spring View Medical Centre¬Mytham Road¬Little Lever¬¬Bolton¬Lancashire¬BL3 1HQ¬53.560840606689453¬-2.3697273731231689¬00T¬NHS Bolton CCG¬01204578128¬bolccg.p82613@nhs.net¬http://www.springviewmedicalcentre.nhs.uk¬
24506¬P82616¬GP¬UNKNOWN¬Visible¬True¬True¬Beehive Surgery¬106-108 Crescent Road¬¬¬Bolton¬Lancashire¬BL3 2JR¬53.564167022705078¬-2.4191570281982422¬00T¬NHS Bolton CCG¬01204550100¬beehive.surgery@nhs.net¬¬01204 550101
24510¬P82624¬GP¬UNKNOWN¬Visible¬True¬True¬Dr Samir Naseef¬216 Wigan Road¬¬¬Bolton¬Lancashire¬BL3 5QE¬53.568836212158203¬-2.460580587387085¬00T¬NHS Bolton CCG¬01204462198¬¬¬01204 462069
24511¬P82625¬GP¬UNKNOWN¬Visible¬True¬True¬Charlotte Street Surgery¬Waters Meeting Road¬¬¬Bolton¬Lancashire¬BL1 8TT¬53.590435028076172¬-2.4277563095092773¬00T¬NHS Bolton CCG¬01204462966¬¬¬
24512¬P82626¬GP¬UNKNOWN¬Visible¬True¬True¬Halliwell Surgery 3¬Lindfield Drive¬Halliwell¬¬Bolton¬Lancashire¬BL1 3RG¬53.588325500488281¬-2.4317233562469482¬00T¬NHS Bolton CCG¬01204523716¬¬¬01204 384204
24513¬P82627¬GP¬UNKNOWN¬Visible¬True¬True¬Cornerstone Surgery¬469 - 471 Chorley Old Road¬¬¬Bolton¬Lancashire¬BL1 6AH¬53.588710784912109¬-2.4591646194458008¬00T¬NHS Bolton CCG¬01204325125¬¬http://www.cornerstonesurgery.nhs.uk¬01204 497423
24515¬P82629¬GP¬UNKNOWN¬Visible¬True¬True¬Dr M Dakshina-Murthi¬Deane Road¬Deane¬¬Bolton¬Lancashire¬BL3 5HP¬53.572868347167969¬-2.4457042217254639¬00T¬NHS Bolton CCG¬01204463646¬¬https://drmurthi.wordpress.com¬
24516¬P82633¬GP¬UNKNOWN¬Visible¬True¬True¬Great Lever One, Dr Sidda¬Great Lever One¬Great Lever Health Centre¬Rupert Street¬Bolton¬Lancashire¬BL3 6RN¬53.565628051757813¬-2.4324281215667725¬00T¬NHS Bolton CCG¬01204526955¬¬http://www.greatleverone.nhs.uk¬
24517¬P82634001¬GP¬UNKNOWN¬Visible¬True¬True¬Drs Karim & James-Authe¬575-577 Halliwell Road¬¬¬Bolton¬Lancashire¬BL1 8BZ¬53.596038818359375¬-2.450718879699707¬00T¬NHS Bolton CCG¬01204841154¬¬http://www.drkarimandjames-authe.nhs.uk/¬01204 494500
24518¬P82634¬GP¬UNKNOWN¬Visible¬True¬True¬Wyresdale Road Surgery¬44-46 Wyresdale Road¬Heaton¬¬Bolton¬Lancashire¬BL1 4DN¬53.581581115722656¬-2.4521811008453369¬00T¬NHS Bolton CCG¬01204494133¬¬http://www.drkarimandjames-authe.nhs.uk¬01204 848919
24519¬P82640¬GP¬UNKNOWN¬Visible¬True¬True¬Al-Fal Medical Group - Pikes Lane Health Centre¬Deane Road¬Bolton¬Lancs¬BOLTON¬Lancashire¬BL3 5HP¬53.572731018066406¬-2.4463331699371338¬00T¬NHS Bolton CCG¬01204463330¬¬http://www.alfalmedicalgroup.co.uk¬
24520¬P82643¬GP¬UNKNOWN¬Visible¬True¬True¬Drs Liversedge, Mccurdie, Wong And Yoxall¬Egerton and Dunscar Health Centre¬Darwen Road¬Bromley Cross¬Bolton¬Lancashire¬BL7 9RG¬53.617591857910156¬-2.426368236541748¬00T¬NHS Bolton CCG¬01204463232¬¬http://www.egertonanddunscarhealthcentre.nhs.uk/¬01204 462269
24521¬P82652¬GP¬UNKNOWN¬Visible¬True¬True¬Farnworth Family Practice¬Farnworth Family Practice¬Frederick Street¬Farnworth¬Bolton¬Lancashire¬BL4 9AH¬53.546127319335938¬-2.39774489402771¬00T¬NHS Bolton CCG¬01204463100¬¬http://www.drbaruaandpartners.nhs.uk¬01204 463219
24523¬P82660¬GP¬UNKNOWN¬Visible¬True¬True¬Deane Clinic One Stop Health Centre¬Deane Clinic¬One Stop Health Centre¬Horsfield Street¬Bolton¬Lancashire¬BL3 4LU¬53.567890167236328¬-2.464522123336792¬00T¬NHS Bolton CCG¬01204471444 (ext. 0741062389)¬deaneclinic@nhs.net¬http://www.deaneclinic.co.uk/¬
24524¬P83001¬GP¬UNKNOWN¬Visible¬True¬True¬Fairfax Group Practice¬Prestwich Health Centre¬Fairfax Road¬Prestwich¬Manchester¬Greater Manchester¬M25 1BT¬53.533832550048828¬-2.2835550308227539¬00V¬NHS Bury CCG¬01617732483¬¬http://www.fairfaxgrouppractice.nhs.uk¬0161 798 5711
24525¬P83004¬GP¬UNKNOWN¬Visible¬True¬True¬The Uplands Medical Practice¬Whitefield Health Centre¬Bury New Road¬Whitefield¬Manchester¬Greater Manchester¬M45 8GH¬53.548572540283203¬-2.2958030700683594¬00V¬NHS Bury CCG¬01617668221¬¬https://theuplandsmp.nhs.uk/¬0161 7962417
24526¬P83005¬GP¬UNKNOWN¬Visible¬True¬True¬Townside Surgery¬1 Knowsley Place¬Knowsley Street¬¬Bury¬Lancashire¬BL9 0SN¬53.590312957763672¬-2.2989652156829834¬00V¬NHS Bury CCG¬01617621600¬¬¬0161 762 1604
24527¬P83006¬GP¬UNKNOWN¬Visible¬True¬True¬Ramsbottom Group Practice¬Carr Street¬Ramsbottom¬¬Bury¬Lancashire¬BL0 9DD¬53.648784637451172¬-2.319272518157959¬00V¬NHS Bury CCG¬01706824413¬¬¬01706 821196
24528¬P83007¬GP¬UNKNOWN¬Visible¬True¬True¬RADCLIFFE MEDICAL PRACTICE¬Wave Suite, 1St Floor¬Radcliffe Primary Care Centre¬Radcliffe¬Manchester¬Greater Manchester¬M26 2SP¬53.560146331787109¬-2.3236918449401855¬00V¬NHS Bury CCG¬01617242062¬i.abbott@nhs.net¬http://www.radcliffemp.nhs.uk/¬0161 7242070
24530¬P83009¬GP¬UNKNOWN¬Visible¬True¬True¬Blackford House Medical Centre¬137 Croft Lane¬Hollins¬¬Bury¬Lancashire¬BL9 8QA¬53.574253082275391¬-2.2833123207092285¬00V¬NHS Bury CCG¬01617666622¬¬¬0161 7962748
24531¬P83010¬GP¬UNKNOWN¬Visible¬True¬True¬Monarch Medical Centre¬65 Cross Lane¬Radcliffe¬¬Manchester¬Greater Manchester¬M26 2QZ¬53.564201354980469¬-2.316807746887207¬00V¬NHS Bury CCG¬01617230123¬¬¬0161 7233313
24532¬P83011¬GP¬UNKNOWN¬Visible¬True¬True¬Unsworth Medical Centre¬Parr Lane¬Unsworth¬¬Bury¬Lancashire¬BL9 8JR¬53.5606689453125¬-2.2730612754821777¬00V¬NHS Bury CCG¬01617664092¬¬http://www.unsworthmc.nhs.uk/¬0161 7679811
24533¬P83012¬GP¬UNKNOWN¬Visible¬True¬True¬Tottington Medical Practice¬16 Market Street¬Tottington¬¬Bury¬Lancashire¬BL8 4AD¬53.614730834960937¬-2.3414173126220703¬00V¬NHS Bury CCG¬01204885106¬¬http://www.tottingtonmp.nhs.uk¬01204 887717
24534¬P83015¬GP¬UNKNOWN¬Visible¬True¬True¬Ribblesdale Medical Practice - Dr Kyffin & Partners¬1 Knowsley Place¬Knowsley Street¬¬Bury¬Lancashire¬BL9 0SN¬53.590312957763672¬-2.2989652156829834¬00V¬NHS Bury CCG¬0161 762 1650¬ribblesdale.mc@nhs.net¬http://www.ribblesdalemc.nhs.uk¬0161 762 1604
24535¬P83017¬GP¬UNKNOWN¬Visible¬True¬True¬Woodbank Surgery¬2 Hunstanton Drive¬¬¬Bury¬Lancashire¬BL8 1EG¬53.605075836181641¬-2.3087868690490723¬00V¬NHS Bury CCG¬01617051630¬¬http://www.woodbanksurgery.nhs.uk/¬0161 763 3221
24537¬P83020¬GP¬UNKNOWN¬Visible¬True¬True¬Minden Family Practices - Anchor Practice ¬Moorgate Primary Care Centre¬22 Derby Way¬¬Bury¬Lancashire¬BL9 0NJ¬53.595535278320313¬-2.288576602935791¬00V¬NHS Bury CCG¬01614478296¬¬http://www.mindenfamilypractices.org.uk¬0161 4478298
24538¬P83021¬GP¬UNKNOWN¬Visible¬True¬True¬Peel GPs¬1St Floor, Townside Primary Care Centre¬Knowsley Street¬¬Bury¬Lancashire¬BL9 0SN¬53.590312957763672¬-2.2989652156829834¬00V¬NHS Bury CCG¬01617621515¬peel.gps@nhs.net¬http://www.peelgps.nhs.uk¬0161 762 1522
24539¬P83012002¬GP¬UNKNOWN¬Visible¬True¬True¬Dr Hampson & Partners¬9 Brandlesholme Road¬Greenmount¬¬Bury¬Lancashire¬BL8 4DR¬53.624004364013672¬-2.3358979225158691¬00V¬NHS Bury CCG¬01204885111¬¬http://www.greenmountmc.nhs.uk¬01204 887431
24540¬P83024¬GP¬UNKNOWN¬Visible¬True¬True¬Knowsley Medical Centre¬9-11 Knowsley Street¬¬¬Bury¬Greater Manchester¬BL9 0ST¬53.588485717773438¬-2.3005385398864746¬00V¬NHS Bury CCG¬01617641217¬¬¬0161 7646155
24541¬P83025¬GP¬UNKNOWN¬Visible¬True¬True¬St Gabriel's Medical Centre¬4 Bishops Road¬¬¬Manchester¬Greater Manchester¬M25 0HT¬53.52081298828125¬-2.2657761573791504¬00V¬NHS Bury CCG¬01617731791¬¬¬0161 7739114
24543¬P83027¬GP¬UNKNOWN¬Visible¬True¬True¬Greyland Medical Centre¬468 Bury Old Road¬Prestwich¬¬Manchester¬Greater Manchester¬M25 1NL¬53.537704467773438¬-2.2762932777404785¬00V¬NHS Bury CCG¬01617989818¬¬¬0161 7739219
24544¬P83012001¬GP¬UNKNOWN¬Visible¬True¬True¬Spring Lane Surgery¬17 Spring Lane¬Radcliffe¬¬Manchester¬Greater Manchester¬M26 2TQ¬53.563003540039063¬-2.3271105289459229¬00V¬NHS Bury CCG¬01617246938¬¬http://springlanesurgery.co.uk/¬0161 7240172
24546¬P83603¬GP¬UNKNOWN¬Visible¬True¬True¬Redbank Group Practice¬Sun Suite 2Nd Floor Radcliffe Primary Care Centre¬69 Church Street West¬¬Radcliffe¬Lancashire¬M26 2SP¬53.560146331787109¬-2.3236918449401855¬00V¬NHS Bury CCG¬01617242040¬redbank.gp@nhs.net¬http://www.redbankgp.nhs.uk¬0161 724 2050
24547¬P83605¬GP¬UNKNOWN¬Visible¬True¬True¬Whittaker Lane Medical Centre¬Daisy Bank Whittaker Lane¬2 Beaufort Street¬¬Manchester¬Greater Manchester¬M25 1EX¬53.528491973876953¬-2.2686302661895752¬00V¬NHS Bury CCG¬0161 773 1580¬buccg.whittakerlanemc@nhs.net¬http://www.wlmc.co.uk/¬0161 773 4174
24548¬P83608¬GP¬UNKNOWN¬Visible¬True¬True¬The Elms Medical Centre¬Green Lane¬Whitefield¬¬Manchester¬Greater Manchester¬M45 7FD¬53.553237915039063¬-2.2951865196228027¬00V¬NHS Bury CCG¬01617662662¬theelms.medicalcentre@nhs.net¬http://www.theelmsmedicalcentrewhitefield.co.uk¬0161 767 9544
24549¬P83609¬GP¬UNKNOWN¬Visible¬True¬True¬The Birches Medical Centre¬Polefield Road¬¬Prestwich¬Manchester¬¬M25 2GN¬53.538364410400391¬-2.2710766792297363¬00V¬NHS Bury CCG¬01617733037¬¬http://www.thebirchesmedicalcentre.co.uk/¬0161 7733640
24550¬P83611¬GP¬UNKNOWN¬Visible¬True¬True¬Dr Afzal Hussain¬110 Walmersley Road¬¬¬Bury¬Lancashire¬BL9 6DX¬53.599838256835937¬-2.2895126342773437¬00V¬NHS Bury CCG¬01617646100¬¬¬0161 7610100
24551¬P83612¬GP¬UNKNOWN¬Visible¬True¬True¬Mile Lane Health Centre¬80 Mile Lane¬¬¬Bury¬Lancashire¬BL8 2JR¬53.587818145751953¬-2.335233211517334¬00V¬NHS Bury CCG¬01617647804¬¬http://www.milelanesurgery.nhs.uk¬0161 762 5640
24552¬P83620¬GP¬UNKNOWN¬Visible¬True¬True¬Garden City Medical Centre¬1A Garden City¬Holcombe Brook¬¬Bury¬Lancashire¬BL0 9TN¬53.629520416259766¬-2.33036208152771¬00V¬NHS Bury CCG¬01204884710¬¬http://www.gardencitymc.nhs.uk/¬01204 888334
24553¬P83621¬GP¬UNKNOWN¬Visible¬True¬True¬Huntley Mount Medical Centre¬Huntley Mount Road¬¬¬Bury¬Lancashire¬BL9 6JA¬53.600204467773438¬-2.2785749435424805¬00V¬NHS Bury CCG¬01617616677¬¬¬0161 761 3283
24554¬P83623¬GP¬UNKNOWN¬Visible¬True¬True¬Longfield Medical Practice¬Prestwich Health Centre¬¬¬Manchester¬Greater Manchester¬M25 1BT¬53.533832550048828¬-2.2835550308227539¬00V¬NHS Bury CCG¬01617730494¬¬www.longfieldmedicalpractice.co.uk¬0161 773 9218
24555¬P84004¬GP¬UNKNOWN¬Visible¬True¬True¬Five Oaks Family Practice¬47 Graham Street¬Beswick¬¬Manchester¬Greater Manchester¬M11 3BB¬53.475692749023438¬-2.1944551467895508¬14L¬NHS Manchester CCG¬01612234211¬¬http://www.fiveoaksfamilypractice.co.uk¬0161 230 6728
24556¬P84005¬GP¬UNKNOWN¬Visible¬True¬True¬The Vallance Centre¬Brunswick Street¬¬¬Manchester¬Greater Manchester¬M13 9UJ¬53.469791412353516¬-2.2245268821716309¬14L¬NHS Manchester CCG¬01612741500¬¬www.vallancebrunswickgroup.com¬0161 274 4821
24557¬P84009¬GP¬UNKNOWN¬Visible¬True¬True¬Ailsa Craig Medical Centre¬270 Dickenson Road¬Longsight¬¬Manchester¬Greater Manchester¬M13 0YL¬53.454177856445313¬-2.2085270881652832¬14L¬NHS Manchester CCG¬01612245555¬cmccg.ailsacraig@nhs.net¬http://www.ailsacraigmedicalpractice.co.uk¬
24558¬P84010¬GP¬UNKNOWN¬Visible¬True¬True¬The Borchardt Medical Centre¬62 Whitchurch Road¬Withington¬¬Manchester¬Greater Manchester¬M20 1EB¬53.43450927734375¬-2.2370481491088867¬14L¬NHS Manchester CCG¬01614382821¬¬http://www.borchardtmc.nhs.uk/¬0161 448 0466
24559¬P84012001¬GP¬UNKNOWN¬Visible¬True¬True¬The Gatley Surgery¬94 - 96 Church Road Gatley¬¬¬Gatley¬Cheshire¬SK8 4NQ¬53.391899108886719¬-2.2367022037506104¬14L¬NHS Manchester CCG¬01614282514¬¬www.northendengp.com¬0161 491 5022
24560¬P84012¬GP¬UNKNOWN¬Visible¬True¬True¬The Northenden Group Practice¬489 Palatine Road¬Northenden¬¬Manchester¬Greater Manchester¬M22 4DH¬53.406417846679688¬-2.2650167942047119¬14L¬NHS Manchester CCG¬01619983206¬¬http://www.northenden-gp.com/¬0161 902 2705
24561¬P84014¬GP¬UNKNOWN¬Visible¬True¬True¬RK Medical Practice¬Brownley Green Health Centre¬171 Brownley Road¬¬Wythenshawe¬Lancashire¬M22 9UH¬53.386638641357422¬-2.2556171417236328¬14L¬NHS Manchester CCG¬01614939493¬¬¬0161 209 2792
24562¬P84016¬GP¬UNKNOWN¬Visible¬True¬True¬Levenshulme Medical Practice¬Dunstable Street¬Levenshulme¬¬Manchester¬Greater Manchester¬M19 3BX¬53.446357727050781¬-2.1885092258453369¬14L¬NHS Manchester CCG¬01612254033¬¬¬0161 248 8020
24563¬P84017¬GP¬UNKNOWN¬Visible¬True¬True¬LADYBARN GROUP PRACTICE¬54 Briarfield Road¬Withington¬¬Manchester¬Greater Manchester¬M20 4SS¬53.430629730224609¬-2.2138738632202148¬14L¬NHS Manchester CCG¬01614484500¬¬http://www.ladybarngp.co.uk¬0161 448 4520
24564¬P84018¬GP¬UNKNOWN¬Visible¬True¬True¬Mauldeth Medical Centre¬112 Mauldeth Road¬Fallowfield¬¬Manchester¬Greater Manchester¬M14 6SQ¬53.434825897216797¬-2.2134146690368652¬14L¬NHS Manchester CCG¬01614346678¬¬¬0161 438 0602
24565¬P84019¬GP¬UNKNOWN¬Visible¬True¬True¬Valentine Medical Centre¬2 Smethurst Street¬Blackley¬¬Manchester¬Greater Manchester¬M9 8PP¬53.515705108642578¬-2.2130672931671143¬14L¬NHS Manchester CCG¬01612415480¬nmccg.valmed@nhs.net¬http://www.valentinemedicalcentre.co.uk¬0161 202 4202
24566¬P84020¬GP¬UNKNOWN¬Visible¬True¬True¬Peel Hall Medical Centre¬Forum Health¬Simonsway¬Wythenshawe¬Manchester¬Greater Manchester¬M22 5RX¬53.379928588867187¬-2.2650024890899658¬14L¬NHS Manchester CCG¬0161 375 1000¬mhcc.peelhall@nhs.net¬https://www.peelhallmedicalpractice.co.uk/¬0161 435 3626
24567¬P84021¬GP¬UNKNOWN¬Visible¬True¬True¬THE MAPLES MEDICAL CENTRE¬2 Scout Drive¬Wythenshawe¬¬Manchester¬Greater Manchester¬M23 2SY¬53.384849548339844¬-2.2866978645324707¬14L¬NHS Manchester CCG¬01614988484¬¬¬0161 436 2655
24568¬P84021002¬GP¬UNKNOWN¬Visible¬True¬True¬THE LAKES MEDICAL CENTRE,TIMPERLEY¬53C Mainwood Rd¬Timperley¬¬Altrincham¬Cheshire¬WA15 7JW¬53.392379760742188¬-2.3129279613494873¬14L¬NHS Manchester CCG¬01619804510¬smccg.maplesmedical@nhs.net¬http://www.thelakesmc.co.uk¬0161 903 9029
24569¬P84022¬GP¬UNKNOWN¬Visible¬True¬True¬Kingsway Medical Practice¬720 Burnage Lane¬Burnage¬¬Manchester¬Lancashire¬M19 1UG¬53.4202880859375¬-2.2124581336975098¬14L¬NHS Manchester CCG¬0161 804 9899¬mhcc.kingswaymedicalpractice@nhs.net¬https://www.kingswaymedicalpractice.co.uk/¬
24570¬P84023¬GP¬UNKNOWN¬Visible¬True¬True¬Surrey Lodge Group Practice¬11 Anson Road¬Victoria Park¬¬Manchester¬Greater Manchester¬M14 5BY¬53.457443237304688¬-2.2173545360565186¬14L¬NHS Manchester CCG¬01612242471¬¬http://www.surreylodge.co.uk¬0161 257 2264
24571¬P84024¬GP¬UNKNOWN¬Visible¬True¬True¬Bowland Medical Practice¬52 Bowland Road¬Baguley¬¬Manchester¬Greater Manchester¬M23 1JX¬53.393150329589844¬-2.2851295471191406¬14L¬NHS Manchester CCG¬01619982014¬¬¬0161 945 6354
24572¬P84025¬GP¬UNKNOWN¬Visible¬True¬True¬St George's Medical Centre¬St Georges Drive¬Moston¬¬Manchester¬Greater Manchester¬M40 5HP¬53.509670257568359¬-2.1890168190002441¬14L¬NHS Manchester CCG¬01618703449¬¬http://www.stgeorgesmedicalcentremoston.nhs.uk¬
24573¬P84026¬GP¬UNKNOWN¬Visible¬True¬True¬Dickenson Road Medical Centre¬357-359 Dickenson Road¬Longsight¬¬Manchester¬Greater Manchester¬M13 0WQ¬53.455989837646484¬-2.2009460926055908¬14L¬NHS Manchester CCG¬01612246522¬¬¬0161 225 5366
24574¬P84027¬GP¬UNKNOWN¬Visible¬True¬True¬West Point Medical Centre¬167-169 Slade Lane¬Levenshulme¬¬Manchester¬Greater Manchester¬M19 2AF¬53.445980072021484¬-2.1975712776184082¬14L¬NHS Manchester CCG¬01612485100¬¬http://www.westpoint-gp.nhs.uk/¬0161 225 6258
24575¬P84028¬GP¬UNKNOWN¬Visible¬True¬True¬Gorton Medical Centre¬46 Wellington Street¬Gorton¬¬Manchester¬Greater Manchester¬M18 8LJ¬53.463172912597656¬-2.1719703674316406¬14L¬NHS Manchester CCG¬01612231113¬¬http://www.gortonmedicalcentre.co.uk¬0161 223 8639
24576¬P84029¬GP¬UNKNOWN¬Visible¬True¬True¬Benchill Medical Practice¬171 Brownley Road¬Wythenshawe¬¬Manchester¬Lancashire¬M22 9UH¬53.386638641357422¬-2.2556171417236328¬14L¬NHS Manchester CCG¬01614939101¬¬http://www.benchillmedicalpractice.co.uk¬0161 209 2791
24577¬P84030¬GP¬UNKNOWN¬Visible¬True¬True¬New Collegiate Medical Centre¬407 Cheetham Hill Road¬Cheetham¬¬Manchester¬Greater Manchester¬M8 0DA¬53.504383087158203¬-2.2360625267028809¬14L¬NHS Manchester CCG¬01612054364¬¬http://www.collegiatemedical.co.uk¬0161 203 5511
24578¬P84032¬GP¬UNKNOWN¬Visible¬True¬True¬Drs Hanif & Bannuru¬89 North Road¬¬¬Manchester¬Greater Manchester¬M11 4EJ¬53.484310150146484¬-2.1841418743133545¬14L¬NHS Manchester CCG¬01612238388¬¬http://www.drshanifandbannuru.co.uk/¬0161 223 9390
24579¬P84033¬GP¬UNKNOWN¬Visible¬True¬True¬Beacon Medical Centre¬156 Victoria Avenue¬Blackley¬¬Manchester¬Lancashire¬M9 0FN¬53.534343719482422¬-2.2191958427429199¬14L¬NHS Manchester CCG¬01617402106¬¬¬0161 720 6384
24580¬P84034¬GP¬UNKNOWN¬Visible¬True¬True¬Barlow Medical Centre¬828 Wilmslow Road¬Didsbury¬¬Manchester¬Greater Manchester¬M20 2RN¬53.413166046142578¬-2.231419563293457¬14L¬NHS Manchester CCG¬01614459000¬¬¬0161 445 9560
24581¬P84035¬GP¬UNKNOWN¬Visible¬True¬True¬Bodey Medical Centre¬Ladybarn Court¬28 Ladybarn Lane¬Fallowfield¬Manchester¬Greater Manchester¬M14 6WP¬53.440639495849609¬-2.2147836685180664¬14L¬NHS Manchester CCG¬01612486644¬¬www.bodey.co.uk¬0161 224 4228
24582¬P84037¬GP¬UNKNOWN¬Visible¬True¬True¬The Vallance Centre¬Brunswick Street¬Ardwick¬¬Manchester¬Greater Manchester¬M13 9UJ¬53.469791412353516¬-2.2245268821716309¬14L¬NHS Manchester CCG¬01612729616¬¬¬0161 274 4821
24583¬P84038¬GP¬UNKNOWN¬Visible¬True¬True¬Ashville Surgery¬171 Upper Chorlton Road¬Whalley Range¬¬Manchester¬Greater Manchester¬M16 9RT¬53.452522277832031¬-2.2680296897888184¬14L¬NHS Manchester CCG¬01618814293¬cmccg.ashville@nhs.net¬http://ashvillesurgerymanchester.co.uk¬0161 860 5265
24584¬P84039¬GP¬UNKNOWN¬Visible¬True¬True¬The Range Medical Centre¬121 Withington Road¬Whalley Range¬¬Manchester¬Greater Manchester¬M16 8EE¬53.452312469482422¬-2.2570507526397705¬14L¬NHS Manchester CCG¬01618708099¬¬http://www.therangemedicalcentre.co.uk¬0161 227 0239
24585¬P84040¬GP¬UNKNOWN¬Visible¬True¬True¬Conran Medical Centre¬77 Church Lane¬Harpurhey¬¬Manchester¬Greater Manchester¬M9 5BH¬53.510551452636719¬-2.2106437683105469¬14L¬NHS Manchester CCG¬01612052714¬¬http://www.conranmedicalcentre.nhs.uk/¬0161 205 2716
24586¬P84041¬GP¬UNKNOWN¬Visible¬True¬True¬Cornerstone Family Practice¬Cornerstone Centre¬Graham Street¬Beswick¬Manchester¬Greater Manchester¬M11 3AA¬53.47442626953125¬-2.1950821876525879¬14L¬NHS Manchester CCG¬01612230637¬¬http://www.cornerstonefamilypractice.nhs.uk/¬0161 223 0664
24587¬P84041001¬GP¬UNKNOWN¬Visible¬True¬True¬Audenshaw branch¬11Manchester Road¬Audenshaw¬¬Manchester¬Greater Manchester¬M34 5PZ¬53.473171234130859¬-2.1472129821777344¬14L¬NHS Manchester CCG¬01613709539¬¬http://cornerstonefamilypractice.co.uk¬0161 370 2507
24588¬P84042¬GP¬UNKNOWN¬Visible¬True¬True¬Florence House Medical Practice¬Higher Openshaw Primary Care Centre¬Ashton Old Road¬¬Manchester¬Greater Manchester¬M11 1JG¬53.472579956054688¬-2.162020206451416¬14L¬NHS Manchester CCG¬01613702133¬¬http://www.florencehousesurgery.co.uk/¬0161 301 6534
24589¬P84043¬GP¬UNKNOWN¬Visible¬True¬True¬Cornishway Group Practice¬Forum Health¬Simonsway¬¬Manchester¬Greater Manchester¬M22 5RX¬53.379928588867187¬-2.2650024890899658¬14L¬NHS Manchester CCG¬01614902293¬¬http://www.cornishwaygp.co.uk/¬0161 435 3627
24590¬P84045¬GP¬UNKNOWN¬Visible¬True¬True¬The Park Medical Centre¬434 Altrincham Road¬Wythenshawe¬¬Manchester¬Greater Manchester¬M23 9AB¬53.401042938232422¬-2.2880551815032959¬14L¬NHS Manchester CCG¬01619985538¬¬http://www.parkmedicalcentrewythenshawe.nhs.uk¬0161 945 8026
24591¬P84046¬GP¬UNKNOWN¬Visible¬True¬True¬Cheetham Hill Primary Care Centre¬244 Cheetham Hill Road¬¬¬Manchester¬Greater Manchester¬M8 8UP¬53.501167297363281¬-2.2352457046508789¬14L¬NHS Manchester CCG¬01612776939¬¬¬0161 277 6933
24592¬P84046001¬GP¬UNKNOWN¬Visible¬True¬True¬Rochdale Road Surgey¬58 Rochdale Road¬¬¬Manchester¬Lancashire¬M40 7GT¬53.492584228515625¬-2.2251749038696289¬14L¬NHS Manchester CCG¬01612054777¬¬¬0161 203 5861
24593¬P84047¬GP¬UNKNOWN¬Visible¬True¬True¬Droylsden Road Family Practice¬125 Droylsden Road¬Newton Heath¬¬Manchester¬Greater Manchester¬M40 1NT¬53.499919891357422¬-2.1756467819213867¬14L¬NHS Manchester CCG¬01612412723¬¬http://www.droylsdenroadfamilypractice.co.uk¬01616842140
24594¬P84048¬GP¬UNKNOWN¬Visible¬True¬True¬Tregenna Group Practice¬399 Portway¬Woodhouse Park¬¬Manchester¬Greater Manchester¬M22 0EP¬53.370742797851563¬-2.2565138339996338¬14L¬NHS Manchester CCG¬01614993777¬¬http://www.tregenna.nhs.net¬0161 493 9119
24595¬P84049¬GP¬UNKNOWN¬Visible¬True¬True¬The Avenue Medical Centre¬51-53 Victoria Avenue¬Blackley¬¬Manchester¬Greater Manchester¬M9 6BA¬53.533180236816406¬-2.2116613388061523¬14L¬NHS Manchester CCG¬0161 720 9441¬¬http://www.theavenuemcblackley.nhs.uk¬0161 720 5949
24596¬P84050¬GP¬UNKNOWN¬Visible¬True¬True¬Mount Road Surgery¬110 Mount Road¬Gorton¬¬Manchester¬Greater Manchester¬M18 7BQ¬53.459812164306641¬-2.1813850402832031¬14L¬NHS Manchester CCG¬01612314997¬¬http://www.mountroadsurgery.co.uk¬0161 230 6227
24597¬P84051¬GP¬UNKNOWN¬Visible¬True¬True¬Eastlands Medical Centre¬Clayton Health Centre¬89 North Road¬Clayton¬Manchester¬Greater Manchester¬M11 4EJ¬53.484310150146484¬-2.1841418743133545¬14L¬NHS Manchester CCG¬01612239229¬¬¬0161 230 0809
24598¬P84052¬GP¬UNKNOWN¬Visible¬True¬True¬West Gorton Medical Practice¬West Gorton Medical Centre¬2 Clowes Street¬West Gorton¬Manchester¬Greater Manchester¬M12 5JE¬53.467025756835938¬-2.2042367458343506¬14L¬NHS Manchester CCG¬01612235226 (ext. 1612235226)¬cmggc.reception.westgorton@nhs.net¬http://www.westgortonmedicalcentre.co.uk¬
24599¬P84053¬GP¬UNKNOWN¬Visible¬True¬True¬Ashcroft Surgery¬803 Stockport Road¬Levenshulme¬¬Manchester¬Greater Manchester¬M19 3BS¬53.445453643798828¬-2.1911551952362061¬14L¬NHS Manchester CCG¬01612241329¬¬http://www.theashcroftsurgery.co.uk/¬0161 224 0095
24600¬P84054¬GP¬UNKNOWN¬Visible¬True¬True¬Whitley Road Medical Centre¬1 Whitley Road¬Miles Platting¬¬Manchester¬Greater Manchester¬M40 7QH¬53.49493408203125¬-2.2226853370666504¬14L¬NHS Manchester CCG¬01612054407¬¬http://www.whitleyroadmedicalcentre.co.uk/¬0161 203 5269
24602¬P84056¬GP¬UNKNOWN¬Visible¬True¬True¬Princess Road Surgery¬471-475 Princess Road¬Withington¬¬Manchester¬Greater Manchester¬M20 1BH¬53.440376281738281¬-2.2436106204986572¬14L¬NHS Manchester CCG¬01614457805¬cmccg.princessroadsurgery@nhs.net¬http://princessroadsurgery.co.uk¬
24604¬P84059¬GP¬UNKNOWN¬Visible¬True¬True¬Lime Square Medical Centre¬Lime Square Medical Centre¬Ashton Old Road¬Openshaw¬Manchester¬Lancashire¬M11 1DA¬53.473651885986328¬-2.1648867130279541¬14L¬NHS Manchester CCG¬01613710678¬nmccg.limesquare@nhs.net¬¬0161 371 1565
24605¬P84061¬GP¬UNKNOWN¬Visible¬True¬True¬Brooklands Medical Practice¬594-596 Altrincham Road¬Brooklands¬¬Manchester¬Greater Manchester¬M23 9JH¬53.400985717773438¬-2.3042378425598145¬14L¬NHS Manchester CCG¬0161 998 3818¬smccg.brooklands@nhs.net¬http://www.brooklandsmedicalpractice.co.uk¬0161 946 0716
24606¬P84062¬GP¬UNKNOWN¬Visible¬True¬True¬Brookdale Surgery¬202 Droylsden Road¬Newton Heath¬¬Manchester¬Lancashire¬M40 1NZ¬53.499202728271484¬-2.1741666793823242¬14L¬NHS Manchester CCG¬01616814265¬nmccg.brookdale@nhs.net¬¬0161 947 0112
24608¬P84064¬GP¬UNKNOWN¬Visible¬True¬True¬New Islington Medical Centre¬Ancoats Primary Care Centre¬Old Mill Street¬Ancoats¬Manchester¬Lancashire¬M4 6EE¬53.482902526855469¬-2.2194576263427734¬14L¬NHS Manchester CCG¬01612725660¬nmccg.nimp@nhs.net¬http://www.nismp.co.uk/¬0161 850 6306
24609¬P84065¬GP¬UNKNOWN¬Visible¬True¬True¬The Singh Medical Practice¬Harpurhey Health Centre¬1 Church Lane¬¬Manchester¬Greater Manchester¬M9 4BE¬53.512046813964844¬-2.2136068344116211¬14L¬NHS Manchester CCG¬0161 271 3065¬¬http://www.thesinghmedicalpractice.co.uk¬
24610¬P84066¬GP¬UNKNOWN¬Visible¬True¬True¬David Medical Centre¬274 Barlow Moor Road¬Chorlton¬¬Manchester¬Greater Manchester¬M21 8HA¬53.431846618652344¬-2.26863694190979¬14L¬NHS Manchester CCG¬01618812297¬¬¬0161 860 7071
24611¬P84067¬GP¬UNKNOWN¬Visible¬True¬True¬Hazeldene Medical Centre¬97 Moston Lane East¬New Moston¬¬Manchester¬Greater Manchester¬M40 3HD¬53.516189575195313¬-2.1613571643829346¬14L¬NHS Manchester CCG¬01612418039¬¬¬0161 688 1889
24612¬P84068¬GP¬UNKNOWN¬Visible¬True¬True¬Chorlton Family Practice¬1 Nicolas Road¬Chorlton-Cum-Hardy¬¬Manchester¬Greater Manchester¬M21 9NJ¬53.443778991699219¬-2.2797026634216309¬14L¬NHS Manchester CCG¬01618814545¬cmccg.chorltonfamilypractice@nhs.net¬¬
24613¬P84070¬GP¬UNKNOWN¬Visible¬True¬True¬Newton Heath Medical Centre¬2 Old Church Street¬Newton Heath¬¬Manchester¬Lancashire¬M40 2JF¬53.502777099609375¬-2.1840906143188477¬14L¬NHS Manchester CCG¬01616811353¬¬http://www.generalpracticenewtonheathhealthcentre.nhs.uk/¬
24614¬P84071¬GP¬UNKNOWN¬Visible¬True¬True¬Wilbraham Surgery¬515 Wilbraham Road¬Chorlton-C-Hardy¬¬Manchester¬Greater Manchester¬M21 0UF¬53.44232177734375¬-2.271503210067749¬14L¬NHS Manchester CCG¬01618816120¬¬https://www.wilbrahamsurgery.nhs.uk/¬0161 861 7796
24615¬P84072¬GP¬UNKNOWN¬Visible¬True¬True¬The Robert Darbishire Practice¬Rusholme Health Centre¬Walmer Street¬Rusholme¬Manchester¬Lancashire¬M14 5NP¬53.4549560546875¬-2.2263078689575195¬14L¬NHS Manchester CCG¬01612256699¬¬http://www.rdp.org.uk¬0161 248 4580
24616¬P84074¬GP¬UNKNOWN¬Visible¬True¬True¬Wellfield Medical Centre¬53-55 Crescent Road¬Crumpsall¬¬Manchester¬Greater Manchester¬M8 9JT¬53.512550354003906¬-2.2420041561126709¬14L¬NHS Manchester CCG¬01617402213¬¬http://www.wellfieldmedicalcentre.com¬0161 720 9311
24617¬P84605¬GP¬UNKNOWN¬Visible¬True¬True¬Fernclough Surgery¬1 Tavistock Square¬Harpurhey¬¬Manchester¬Greater Manchester¬M9 5RD¬53.505893707275391¬-2.2161388397216797¬14L¬NHS Manchester CCG¬0161 205 1638¬nmccg.fernclough@nhs.net¬http://www.ferncloughsurgery.co.uk/¬
24618¬P84611¬GP¬UNKNOWN¬Visible¬True¬True¬The Vallance Centre¬Brunswick Street¬¬¬Manchester¬Greater Manchester¬M13 9UJ¬53.469791412353516¬-2.2245268821716309¬14L¬NHS Manchester CCG¬01612741500¬¬www.vallancebrunswickgroup.com¬0161 274 4821
24619¬P84669001¬GP¬UNKNOWN¬Visible¬True¬True¬Cornbrook Medical Practice - Boundary Surgery¬63 Booth Street West¬¬¬Manchester¬Greater Manchester¬M15 6PR¬53.466945648193359¬-2.239635705947876¬14L¬NHS Manchester CCG¬0161 227 9785¬¬www.cornbrookmedicalpractice.co.uk¬0161 226 0471
24620¬P84616¬GP¬UNKNOWN¬Visible¬True¬True¬Manchester Medical¬Moss Side Health Centre¬Monton Street¬Moss Side¬Manchester¬Greater Manchester¬M14 4GP¬53.458755493164063¬-2.2374358177185059¬14L¬NHS Manchester CCG¬01612267615 (ext. 2261849)¬¬http://www.manchestermedical.org.uk/¬
24622¬P84626¬GP¬UNKNOWN¬Visible¬True¬True¬Wilmslow Road Medical Centre¬156 Wilmslow Road¬Rusholme¬¬Manchester¬Greater Manchester¬M14 5LQ¬53.452156066894531¬-2.2228074073791504¬14L¬NHS Manchester CCG¬01612242452¬cmccg.wilmslowroadmedicalcentre@nhs.net¬http://wilmslowroadmedicalcentre.co.uk/¬0161 248 9261
24624¬P84630¬GP¬UNKNOWN¬Visible¬True¬True¬The Arch Medical Practice¬The Arch Medical Practice¬175 Royce Road¬Hulme¬Manchester¬Greater Manchester¬M15 5TJ¬53.467742919921875¬-2.2495973110198975¬14L¬NHS Manchester CCG¬01612260606¬cmccg.archmedicalpractice@nhs.net¬http://www.thearchmedicalpractice.co.uk/¬0161 226 5644
24627¬P84635¬GP¬UNKNOWN¬Visible¬True¬True¬The Whitswood Practice¬Alexandra Park Health Centre¬2 Whitswood Close¬¬Manchester¬Lancashire¬M16 7AP¬53.455520629882813¬-2.2536311149597168¬14L¬NHS Manchester CCG¬01612263620¬¬http://www.whitswood.nhs.uk¬0161 226 4918
24628¬P84637¬GP¬UNKNOWN¬Visible¬True¬True¬The Mazhari And Khan Practice¬Clayton Health Centre¬89 North Road¬Clayton¬Manchester¬Greater Manchester¬M11 4EJ¬53.484310150146484¬-2.1841418743133545¬14L¬NHS Manchester CCG¬01612231658¬¬¬0161 231 6977
24629¬P84639¬GP¬UNKNOWN¬Visible¬True¬True¬Fallowfield Medical Centre¬75 Ladybarn Lane¬Fallowfield¬¬Manchester¬Greater Manchester¬M14 6YL¬53.438827514648438¬-2.2134947776794434¬14L¬NHS Manchester CCG¬01612244503¬¬https://fallowfieldmedicalcentre.co.uk/¬0161 256 4292
24630¬P84640¬GP¬UNKNOWN¬Visible¬True¬True¬Queens Medical Centre¬244 Cheetham Hill Road¬¬¬Cheetham Hill¬Manchester¬M8 8AU¬53.500823974609375¬-2.2358317375183105¬14L¬NHS Manchester CCG¬01612776939¬¬¬0161 277 6951
24632¬P84644¬GP¬UNKNOWN¬Visible¬True¬True¬Parkside Medical Centre¬187 Northmoor Road¬Longsight¬¬Manchester¬Greater Manchester¬M12 5RU¬53.453193664550781¬-2.1908285617828369¬14L¬NHS Manchester CCG¬01612573338¬¬http://www.parksidemedical.org.uk/¬0161 249 2898
24633¬P84645¬GP¬UNKNOWN¬Visible¬True¬True¬Park View Medical Centre¬66 Delauneys Road¬Crumpsall¬¬Manchester¬Greater Manchester¬M8 4RF¬53.518508911132812¬-2.2332909107208252¬14L¬NHS Manchester CCG¬01617955667¬¬http://www.parkviewmedicalcentre.nhs.uk¬0161 702 3225
24635¬P84650¬GP¬UNKNOWN¬Visible¬True¬True¬The Alexandra Practice¬365 Wilbraham Road¬Whalley Range¬¬Manchester¬Greater Manchester¬M16 8NG¬53.443130493164063¬-2.2557306289672852¬14L¬NHS Manchester CCG¬01618604400¬¬https://www.thealexandrapractice.co.uk/¬0161 860 7324
24636¬P84651¬GP¬UNKNOWN¬Visible¬True¬True¬Northern Moor Medical Practice¬216 Wythenshawe Road¬Northern Moor¬¬Manchester¬Greater Manchester¬M23 0PH¬53.408054351806641¬-2.2850940227508545¬14L¬NHS Manchester CCG¬01619982503¬¬http://www.northernmoor.nhs.uk¬0161 945 0695
24637¬P84652¬GP¬UNKNOWN¬Visible¬True¬True¬Corkland Road Medical Practice¬7-9 Corkland Road¬Chorlton-Cum-Hardy¬¬Manchester¬Greater Manchester¬M21 8UP¬53.441829681396484¬-2.2738635540008545¬14L¬NHS Manchester CCG¬01618816223¬¬http://www.corklandroadmedicalpractice.co.uk¬0161 881 0709
24640¬P84663¬GP¬UNKNOWN¬Visible¬True¬True¬The Neville Family Medical Centre¬25 Old Market Street¬Blackley¬¬Manchester¬Lancashire¬M9 8DX¬53.522422790527344¬-2.2173609733581543¬14L¬NHS Manchester CCG¬01617214865¬¬http://www.nevillefmc.com¬0161 740 6532
24641¬P84665¬GP¬UNKNOWN¬Visible¬True¬True¬Al-Shifa Medical Centre¬4-6 Copson Street¬Withington¬¬Manchester¬Greater Manchester¬M20 3HE¬53.433708190917969¬-2.2296798229217529¬14L¬NHS Manchester CCG¬0161 434 2753¬¬¬0161 445 0409
24643¬P84669¬GP¬UNKNOWN¬Visible¬True¬True¬Cornbrook Medical Practice¬204 City Road¬Hulme¬¬Manchester¬Greater Manchester¬M15 4EA¬53.468143463134766¬-2.2598581314086914¬14L¬NHS Manchester CCG¬01618728129¬¬www.cornbrookmedicalpractice.co.uk¬0161 877 0321
24644¬P84672¬GP¬UNKNOWN¬Visible¬True¬True¬Woodlands Medical Practice¬9 Maple Road¬Brooklands¬¬Manchester¬Lancashire¬M23 9RL¬53.406627655029297¬-2.3121151924133301¬14L¬NHS Manchester CCG¬01619621332¬¬http://thewoodlandsmedicalpractice.co.uk¬0161 905 1099
24645¬P84673¬GP¬UNKNOWN¬Visible¬True¬True¬Ancoats Urban Village Medical Practice¬Ancoats Primary Care Centre¬Old Mill Street¬Ancoats¬Manchester¬Lancashire¬M4 6EE¬53.481327056884766¬-2.22406005859375¬14L¬NHS Manchester CCG¬01612725656¬¬http://www.uvmp.co.uk/¬0161 272 5659
24648¬P84678¬GP¬UNKNOWN¬Visible¬True¬True¬Didsbury Medical Centre¬645 Wilslow Road¬Didsbury¬¬Manchester¬Lancashire¬M20 6BA¬53.420375823974609¬-2.2318048477172852¬14L¬NHS Manchester CCG¬01614451957¬¬http://www.didsburymedicalcentre.co.uk/¬0161 434 9931
24649¬P84679¬GP¬UNKNOWN¬Visible¬True¬True¬Willowbank Surgery¬1 Willowbank, Church Lane¬Harpurhey¬¬Manchester¬Greater Manchester¬M9 4WH¬53.510044097900391¬-2.2091343402862549¬14L¬NHS Manchester CCG¬0161 205 9240¬nmccg.willowbank@nhs.net¬https://willowbanksurgery.co.uk/¬0161 202 4690
24651¬P84683¬GP¬UNKNOWN¬Visible¬True¬True¬The Docs¬55-59 Bloom Street¬City Centre¬¬Manchester¬Greater Manchester¬M1 3LY¬53.476795196533203¬-2.2382700443267822¬14L¬NHS Manchester CCG¬01612379490¬cmccg.thedocs@nhs.net¬http://www.thedocsmanchester.co.uk¬0161 228 3164
24652¬P84684¬GP¬UNKNOWN¬Visible¬True¬True¬Jolly Medical Centre¬72/74 Crescent Road¬Crumpsall¬¬Manchester¬Lancashire¬M8 9NT¬53.512123107910156¬-2.2400112152099609¬14L¬NHS Manchester CCG¬01617409864¬nmccg.jolly@nhs.net¬http://www.thejollymedicalcentre.co.uk/¬0161 740 0524
24654¬P84689¬GP¬UNKNOWN¬Visible¬True¬True¬Longsight Medical Practice¬Longsight Health Centre¬526-528 Stockport Road¬Longsight¬Manchester¬Greater Manchester¬M13 0RR¬53.457588195800781¬-2.2018723487854004¬14L¬NHS Manchester CCG¬01612564488¬¬http://www.longsightmedicalpractice.com/¬0161 225 0505
24655¬P84690¬GP¬UNKNOWN¬Visible¬True¬True¬Dam Head Medical Centre¬1020 Rochdale Road¬Blackley¬¬Manchester¬Lancashire¬M9 7HD¬53.526142120361328¬-2.2123050689697266¬14L¬NHS Manchester CCG¬01617209744¬¬http://www.damheadmedicalcentre.co.uk¬0161 720 9755
24656¬P85001¬GP¬UNKNOWN¬Visible¬True¬True¬Donald Wilde Medical Centre¬283 Rochdale Road¬¬¬Oldham¬Lancashire¬OL1 2HG¬53.549449920654297¬-2.1204469203948975¬00Y¬NHS Oldham CCG¬01616523184¬¬Http://www.donaldwildemedicalcentre.nhs.uk¬0161 6202101
24657¬P85002¬GP¬UNKNOWN¬Visible¬True¬True¬St Mary's Medical Centre¬Rock Street¬¬¬Oldham¬Lancashire¬OL1 3UL¬53.543628692626953¬-2.1085388660430908¬00Y¬NHS Oldham CCG¬01616206667¬¬www.stmarymc.co.uk¬0161 626 2499
24658¬P85003¬GP¬UNKNOWN¬Visible¬True¬True¬The Chowdhury Practice¬New Radcliffe Street¬¬¬Oldham¬Lancashire¬OL1 1NL¬53.543827056884766¬-2.1169297695159912¬00Y¬NHS Oldham CCG¬01616213535¬chowdhurypractice@nhs.net¬¬0161 621 3536
24659¬P85004¬GP¬UNKNOWN¬Visible¬True¬True¬Chadderton Medical Practice¬Chadderton Town Health Centre¬Middleton Road¬Chadderton¬Oldham¬Lancashire¬OL9 0LH¬53.545562744140625¬-2.142167329788208¬00Y¬NHS Oldham CCG¬01619098144¬oldccg.chaddertonmedicalpractice@nhs.net¬http://www.chaddertonmedicalpractice.nhs.uk¬
24660¬P85005¬GP¬UNKNOWN¬Visible¬True¬True¬Leesbrook Surgery¬Mellor Street¬Lees¬¬Oldham¬Lancashire¬OL4 3DG¬53.538795471191406¬-2.0726451873779297¬00Y¬NHS Oldham CCG¬01616214800¬¬¬0161 6286717
24661¬P85006¬GP¬UNKNOWN¬Visible¬True¬True¬The Parks Medical Practice¬Royton Health & Wellbeing Centre¬Park Street¬¬Oldham¬Lancashire¬OL2 6QW¬53.566097259521484¬-2.1215813159942627¬00Y¬NHS Oldham CCG¬01613624004¬catherine.cenci@nhs.net¬¬0161 362 4014
24663¬P85007¬GP¬UNKNOWN¬Visible¬True¬True¬Oldham Family Practice¬1St Floor Integrated Care Centre¬New Radcliffe Street¬¬Oldham¬Lancashire¬OL1 1NL¬53.543827056884766¬-2.1169297695159912¬00Y¬NHS Oldham CCG¬01616213456¬oldccg.p85007@nhs.net¬http://www.oldhamfamilypractice.nhs.uk¬0161 621 3457
24664¬P85008¬GP¬UNKNOWN¬Visible¬True¬True¬Failsworth Group Practice¬The Keppel Building¬Ashton Road West¬¬Manchester¬Greater Manchester¬M35 0AD¬53.509841918945313¬-2.1567342281341553¬00Y¬NHS Oldham CCG¬0161 357 1620¬¬http://www.failsworthgrouppractice.nhs.uk/¬0161 357 1621
24665¬P85010¬GP¬UNKNOWN¬Visible¬True¬True¬Woodlands Medical Practice¬Chadderton Town Health Centre¬Middleton Road¬¬Oldham¬Lancashire¬OL9 0LH¬53.545452117919922¬-2.1420609951019287¬00Y¬NHS Oldham CCG¬01619098131¬¬http://www.woodlandsmedicalpractice.com¬
24666¬P85011¬GP¬UNKNOWN¬Visible¬True¬True¬Ch Medical Practice¬Fields New Road Primary Care Centre¬Chadderton¬¬Oldham¬Lancashire¬OL9 8NH¬53.533119201660156¬-2.1450674533843994¬00Y¬NHS Oldham CCG¬01617859240¬olp-pct.p85011@nhs.net¬www.ch-medical.co.uk¬0161 6282772
24667¬P85012¬GP¬UNKNOWN¬Visible¬True¬True¬Oldham Medical Services¬Langham House¬368 Ashton Road¬¬Oldham¬Lancashire¬OL8 3HF¬53.525344848632813¬-2.1112222671508789¬00Y¬NHS Oldham CCG¬01616244716¬¬www.oldhammedicalservices.co.uk¬0161 6289513
24668¬P85013¬GP¬UNKNOWN¬Visible¬True¬True¬The Royton & Crompton Family Practice¬Royton Health & Well Being Centre¬Park Street¬Royton¬Oldham¬Lancashire¬OL2 6QW¬53.566097259521484¬-2.1215813159942627¬00Y¬NHS Oldham CCG¬01613624003¬oldccg.patientcontact@nhs.net¬https://www.roytonandcromptonpractice.co.uk¬
24669¬P85014¬GP¬UNKNOWN¬Visible¬True¬True¬Hopwood House Medical Practice¬Hopwood House¬The Vineyard¬Lees Road¬Oldham¬Lancashire¬OL4 1JN¬53.542110443115234¬-2.095451831817627¬00Y¬NHS Oldham CCG¬01616283628¬¬¬0161 6284970
24670¬P85015¬GP¬UNKNOWN¬Visible¬True¬True¬Alexandra Group Medical Practice¬Glodwick Primary Care Centre¬137 Glodwick Road¬¬Oldham¬Lancashire¬OL4 1YN¬53.537788391113281¬-2.0950801372528076¬00Y¬NHS Oldham CCG¬01616229210¬¬http://www.alexandrapractice.org.uk/¬0161 622 9211
24671¬P85016¬GP¬UNKNOWN¬Visible¬True¬True¬Saddleworth Medical Practice¬Smithy Lane¬Uppermill¬¬Oldham¬Lancashire¬OL3 6AH¬53.548336029052734¬-2.0049424171447754¬00Y¬NHS Oldham CCG¬01457872228¬oldccg.p85016@nhs.net¬http://www.saddleworthmedicalpractice.com¬01457 876520
24672¬P85016001¬GP¬UNKNOWN¬Visible¬True¬True¬Dr. J Wright & Partners¬Garside Street Clinic¬Delph¬¬Oldham¬Lancashire¬OL3 5DW¬53.567729949951172¬-2.0245435237884521¬00Y¬NHS Oldham CCG¬01457874968¬¬http://www.saddleworthmedicalpractice.com/¬01457 874968
24673¬P85017¬GP¬UNKNOWN¬Visible¬True¬True¬Oak Gables Medical Practice¬Crompton Health Centre¬High Street¬Shaw¬Oldham¬Lancashire¬OL2 8ST¬53.574821472167969¬-2.0959787368774414¬00Y¬NHS Oldham CCG¬01706888222¬theoakgables@nhs.net¬¬01706 888223
24674¬P85018¬GP¬UNKNOWN¬Visible¬True¬True¬Danson Family Practice P85018¬Werneth Primary Care Centre¬Featherstall Road South¬¬Oldham¬Lancashire¬OL9 7AY¬53.536418914794922¬-2.1307656764984131¬00Y¬NHS Oldham CCG¬01614841484¬¬http://www.dansonfamilypractice.co.uk¬0161 484 1485
24675¬P85019¬GP¬UNKNOWN¬Visible¬True¬True¬Royton Medical Centre¬15 Market Street¬Royton¬¬Oldham¬Lancashire¬OL2 5QA¬53.56573486328125¬-2.123845100402832¬00Y¬NHS Oldham CCG¬01616526336¬prescriptionsroytonmedical@nhs.net¬http://www.roytonmedicalcentre.nhs.uk¬
24676¬P85020¬GP¬UNKNOWN¬Visible¬True¬True¬Springfield House¬275 Huddersfield Road¬¬¬Oldham¬Greater Manchester¬OL4 2RJ¬53.548915863037109¬-2.0826990604400635¬00Y¬NHS Oldham CCG¬0161 667 2480¬¬http://www.springfieldhousemedicalcentre.nhs.uk¬0161 628 6682
24677¬P85021¬GP¬UNKNOWN¬Visible¬True¬True¬Greenbank Medical Practice¬Barley Clough Medical Centre¬Nugget Street¬¬Oldham¬Lancashire¬OL4 1BN¬53.538368225097656¬-2.0958597660064697¬00Y¬NHS Oldham CCG¬01617857910¬oldccg.greenbank@nhs.net¬http://www.greenbankmedicalpractice.co.uk/¬
24678¬P85022¬GP¬UNKNOWN¬Visible¬True¬True¬Lees Medical Practice¬Athens Way¬Lees¬¬Oldham¬Lancashire¬OL4 3BP¬53.539382934570312¬-2.0753974914550781¬00Y¬NHS Oldham CCG¬01616521285¬emma.plant@nhs.net¬http://www.leesmedicalpractice.nhs.uk/¬08451949634
24681¬P85026¬GP¬UNKNOWN¬Visible¬True¬True¬Quayside Medical Practice¬Keppel Building¬Failsworth District Centre¬Ashton Road West¬Manchester¬Greater Manchester¬M35 0AD¬53.509841918945313¬-2.1567342281341553¬00Y¬NHS Oldham CCG¬0161 357 1600¬¬http://www.quaysidemedicalpractice.co.uk/¬0161 357 1601
24682¬P85028¬GP¬UNKNOWN¬Visible¬True¬True¬Block Lane Surgery¬158 Block Lane¬Chadderton¬¬Oldham¬Lancashire¬OL9 7SG¬53.535041809082031¬-2.139024019241333¬00Y¬NHS Oldham CCG¬01616202321¬¬http://www.blocklanesurgery.co.uk/¬
24685¬P85601¬GP¬UNKNOWN¬Visible¬True¬True¬The Jalal Practice¬New Radcliffe Street¬¬¬Oldham¬Lancashire¬OL1 1NL¬53.543827056884766¬-2.1169297695159912¬00Y¬NHS Oldham CCG¬01616213443¬¬¬0161 621 3444
24686¬P85602¬GP¬UNKNOWN¬Visible¬True¬True¬Dr Rajesh Saraf¬Moorside Medical Centre¬681 Ripponden Road¬¬Oldham¬Lancashire¬OL1 4JU¬53.561443328857422¬-2.0769414901733398¬00Y¬NHS Oldham CCG¬01619098388¬¬¬0161 9098581
24688¬P85605¬GP¬UNKNOWN¬Visible¬True¬True¬Littletown Family Medical Practice¬Littletown Family Medical¬Practice 53 Manchester Road¬¬Oldham¬Greater Manchester¬OL8 4LR¬53.529140472412109¬-2.1342828273773193¬00Y¬NHS Oldham CCG¬01616245457¬prescription.ali@nhs.net¬http://www.littletownfamilymedical.nhs.uk¬
24689¬P85606¬GP¬UNKNOWN¬Visible¬True¬True¬Dr Kiren Kaur¬Moorside Medical Centre¬681 Ripponden Road¬¬Oldham¬Lancashire¬OL1 4JU¬53.561443328857422¬-2.0769414901733398¬00Y¬NHS Oldham CCG¬01613448150¬¬http://www.doctorsatmoorside.co.uk¬0161 3448151
24690¬P85607¬GP¬UNKNOWN¬Visible¬True¬True¬Chadderton South Health Centre¬Eaves Lane¬Chadderton¬¬Oldham¬Lancashire¬OL9 8RG¬53.533370971679687¬-2.1514351367950439¬00Y¬NHS Oldham CCG¬01616521876¬¬¬0161 9098121
24691¬P85608¬GP¬UNKNOWN¬Visible¬True¬True¬Perkins Practice¬First Floor, Integrated Care Centre¬1st Floor, Integrated Care Centre¬¬New Radcliffe Street¬Lancashire¬OL1 1NL¬53.543827056884766¬-2.1169297695159912¬00Y¬NHS Oldham CCG¬01616213888¬p85608.perkinspractice@nhs.net¬http://www.drperkinspractice.nhs.uk¬
24692¬P85610¬GP¬UNKNOWN¬Visible¬True¬True¬Medlock Medical Practice¬Ashton Road West¬Failsworth¬¬Manchester¬Greater Manchester¬M35 0AD¬53.509841918945313¬-2.1567342281341553¬00Y¬NHS Oldham CCG¬01613571610¬oldccg.icgmedlock@nhs.net¬http://medlockmedicalpractice.co.uk/¬
24693¬P85612¬GP¬UNKNOWN¬Visible¬True¬True¬Werneth Medical Practice¬76A Windsor Road¬¬¬Oldham¬Lancashire¬OL8 4AL¬53.53497314453125¬-2.1269235610961914¬00Y¬NHS Oldham CCG¬01616205677¬¬http://www.wernethmedicalpractice.nhs.uk¬0161 620 5679
24694¬P85613¬GP¬UNKNOWN¬Visible¬True¬False¬Dr Chauhan's Surgery¬Featherstall Road South¬¬¬Oldham¬Lancashire¬OL9 7AY¬53.537296295166016¬-2.1305215358734131¬00Y¬NHS Oldham CCG¬01614841444¬¬¬
24695¬P85614¬GP¬UNKNOWN¬Visible¬True¬True¬The Village Medical Practice¬Crompton Health Centre¬High Street¬¬Oldham¬Lancashire¬OL2 8ST¬53.574821472167969¬-2.0959787368774414¬00Y¬NHS Oldham CCG¬01706671180¬thevillage.medicalpractice@nhs.net¬http://villagemedicalpractice.org.uk/¬
24696¬P85615¬GP¬UNKNOWN¬Visible¬True¬True¬Kapur Family Care ¬Werneth Primary Care Centre¬¬¬Oldham¬Lancashire¬OL9 7AY¬53.537296295166016¬-2.1305215358734131¬00Y¬NHS Oldham CCG¬01614841414¬¬http://www.kapurfamilycare.nhs.uk/welcome,50494.htm¬0161 484 1415
24698¬P85620¬GP¬UNKNOWN¬Visible¬True¬True¬St Chads Medical Practice¬St Chads Centre¬Lime Green Parade¬¬Oldham¬Lancashire¬OL8 3HH¬53.515224456787109¬-2.1267738342285156¬00Y¬NHS Oldham CCG¬01616201611¬¬http://www.stchadsmedicalpractice.co.uk/¬0161 6272377
24699¬P85621¬GP¬UNKNOWN¬Visible¬True¬True¬Sunvalley Medical Practice¬Glodwick Primary Care Centre¬137 Glodwick Road¬¬Oldham¬Lancashire¬OL4 1YN¬53.537788391113281¬-2.0950801372528076¬00Y¬NHS Oldham CCG¬0161 357 2020¬sunvalley@nhs.net¬http://www.sunvalleymedicalpractice.org.uk¬
24700¬P85622¬GP¬UNKNOWN¬Visible¬True¬True¬Jarvis Med Prac-Gpcc¬Glodwick Primary Care Centre¬137 Glodwick Road¬Glodwick¬Oldham¬Lancashire¬OL4 1YN¬53.537788391113281¬-2.0950801372528076¬00Y¬NHS Oldham CCG¬01616229220¬¬http://www.jarvismedicalpractice.nhs.uk¬0161 622 9221
24701¬P86001¬GP¬UNKNOWN¬Visible¬True¬True¬Milnrow Village Practice¬44-48 Newhey Road¬Milnrow¬¬Rochdale¬Lancashire¬OL16 4EG¬53.606613159179687¬-2.106328010559082¬01D¬NHS Heywood, Middleton And Rochdale CCG¬01706 641409¬www.hmrccgmilnrowvillagepractice@nhs.net¬http://www.milnrowvillagepractice.nhs.uk¬
24702¬P86002¬GP¬UNKNOWN¬Visible¬True¬True¬Dr George Bhima¬1St Floor Nye Bevan House¬Maclure Road¬¬Rochdale¬Lancashire¬OL11 1DN¬53.611621856689453¬-2.1542243957519531¬01D¬NHS Heywood, Middleton And Rochdale CCG¬01706664150¬¬¬
24703¬P86003¬GP¬UNKNOWN¬Visible¬True¬True¬Edenfield Road Surgery¬Cutgate Shopping Precinct¬Edenfield Road¬¬Rochdale¬Lancashire¬OL11 5AQ¬53.622283935546875¬-2.1886584758758545¬01D¬NHS Heywood, Middleton And Rochdale CCG¬01706344125¬¬¬01706 526882
24704¬P86004¬GP¬UNKNOWN¬Visible¬True¬True¬Peterloo Medical Centre¬133-137 Manchester Old Road¬Middleton¬¬Manchester¬Greater Manchester¬M24 4DZ¬53.546764373779297¬-2.2061452865600586¬01D¬NHS Heywood, Middleton And Rochdale CCG¬0161 643 5005¬peterloo.information@nhs.net¬http://www.peterloomc.co.uk¬
24705¬P86005¬GP¬UNKNOWN¬Visible¬True¬True¬Yorkshire Street Surgery¬190 Yorkshire Street¬¬¬Rochdale¬Lancashire¬OL16 2DN¬53.620449066162109¬-2.1522006988525391¬01D¬NHS Heywood, Middleton And Rochdale CCG¬01706390243¬¬¬01706 355379
24706¬P86006¬GP¬UNKNOWN¬Visible¬True¬True¬Ashworth Street Surgery¬85 Spotland Road¬¬¬Rochdale¬Lancashire¬OL12 6RT¬53.61956787109375¬-2.1656370162963867¬01D¬NHS Heywood, Middleton And Rochdale CCG¬01706346767¬¬http://www.ashworthstreetsurgeryrochdale.co.uk¬01706 346800
24707¬P86007¬GP¬UNKNOWN¬Visible¬True¬True¬Wellfield Health Centre¬116 Oldham Road¬¬¬Rochdale¬Lancashire¬OL11 1AD¬53.6065673828125¬-2.147465705871582¬01D¬NHS Heywood, Middleton And Rochdale CCG¬01706397600¬¬http://www.wellfieldhealthcentre.co.uk/¬
24708¬P86008¬GP¬UNKNOWN¬Visible¬True¬True¬Mark Street Surgery¬2 Mark Street¬¬¬Rochdale¬Lancashire¬OL12 9BE¬53.624233245849609¬-2.1446244716644287¬01D¬NHS Heywood, Middleton And Rochdale CCG¬01706643183¬¬http://www.markstreetsurgery.co.uk¬01706 526640
24709¬P86009¬GP¬UNKNOWN¬Visible¬True¬True¬Castleton Health Centre¬2 Elizabeth Street¬Castleton¬¬Rochdale¬Lancashire¬OL11 3HY¬53.597038269042969¬-2.1822752952575684¬01D¬NHS Heywood, Middleton And Rochdale CCG¬01706658905¬¬¬01706 343990
24710¬P86010¬GP¬UNKNOWN¬Visible¬True¬True¬Junction Alkrington Surgery¬346 Grimshaw Lane¬Middleton¬¬Manchester¬Greater Manchester¬M24 2AU¬53.541862487792969¬-2.1749002933502197¬01D¬NHS Heywood, Middleton And Rochdale CCG¬0161 271 3030¬¬http://www.junctionsurgery.nhs.uk/¬
24711¬P86011¬GP¬UNKNOWN¬Visible¬True¬True¬Longford Street Medical Centre¬Longford Street¬¬¬Heywood¬Lancashire¬OL10 4NH¬53.594261169433594¬-2.2185089588165283¬01D¬NHS Heywood, Middleton And Rochdale CCG¬01706 621417¬hmrccg.longfordreception@nhs.net¬http://www.longfordstreetmedicalcentre.co.uk¬01706 622915
24712¬P86012¬GP¬UNKNOWN¬Visible¬True¬True¬Woodside Medical Centre¬247J Wood Street¬Langley¬¬Manchester¬Greater Manchester¬M24 5QL¬53.556350708007812¬-2.2132716178894043¬01D¬NHS Heywood, Middleton And Rochdale CCG¬01616439244¬¬http://www.woodsidemedicalcentre.co.uk/¬0161 6536430
24713¬P86013¬GP¬UNKNOWN¬Visible¬True¬True¬HEALEY SURGERY¬Whitworth Road¬¬¬Rochdale¬Lancashire¬OL12 0SN¬53.633090972900391¬-2.162771463394165¬01D¬NHS Heywood, Middleton And Rochdale CCG¬01706868468¬¬http://www.healeysurgery.co.uk/¬
24714¬P86014¬GP¬UNKNOWN¬Visible¬True¬True¬The Croft Shifa Health Centre¬Floor 2, The Croft Shifa Health Centre¬Belfield Road¬¬Rochdale¬Lancashire¬OL16 2UP¬53.622825622558594¬-2.1408247947692871¬01D¬NHS Heywood, Middleton And Rochdale CCG¬01706261883¬hmrccg.drbabarandpartners@nhs.net¬http://www.drbabarandpartners.co.uk/¬
24715¬P86015¬GP¬UNKNOWN¬Visible¬True¬True¬ROCHDALE ROAD MEDICAL CENTRE¬48A Rochdale Road¬Middleton¬¬Manchester¬Greater Manchester¬M24 2PU¬53.556774139404297¬-2.1956877708435059¬01D¬NHS Heywood, Middleton And Rochdale CCG¬01616439131¬¬http://www.rochdaleroadmedicalcentre.co.uk¬0161 653 6884
24716¬P86016¬GP¬UNKNOWN¬Visible¬True¬True¬Heywood Health¬141 Argyle Street¬¬¬Heywood¬Lancashire¬OL10 3SD¬53.587375640869141¬-2.2393200397491455¬01D¬NHS Heywood, Middleton And Rochdale CCG¬01706 628628¬¬http://www.argylestreetmedicalcentre.co.uk/¬01706 627706
24717¬P86017¬GP¬UNKNOWN¬Visible¬True¬True¬Dr Sonal Sharma¬The Croft Shifa Health Centre¬Floor 2¬Belfield Road¬Rochdale¬Lancashire¬OL16 2UY¬53.622749328613281¬-2.1382391452789307¬01D¬NHS Heywood, Middleton And Rochdale CCG¬01706752700¬hmrccg.admin-imc@nhs.net¬http://www.inspiremedicalcentre.co.uk/¬
24718¬P86018¬GP¬UNKNOWN¬Visible¬True¬True¬Littleborough Group Practice¬Littleborough Health Centre¬Featherstall Road¬¬Littleborough¬Lancashire¬OL15 8HF¬53.642997741699219¬-2.1033339500427246¬01D¬NHS Heywood, Middleton And Rochdale CCG¬01706393000¬hmrccg.littleboroughgp@nhs.net¬http://www.littleboroughgrouppractice.nhs.uk/¬
24719¬P86019¬GP¬UNKNOWN¬Visible¬True¬True¬Durnford Medical Centre¬113 Long Street¬Middleton¬¬Manchester¬Lancashire¬M24 6DL¬53.554042816162109¬-2.1970183849334717¬01D¬NHS Heywood, Middleton And Rochdale CCG¬0161 643 2011¬reception.dmc@nhs.net¬http://www.durnfordmc.nhs.uk/¬
24720¬P86021¬GP¬UNKNOWN¬Visible¬True¬True¬Dr Devadeep Gupta¬Pennine Surgery¬Littleborough Health Centre¬Featherstall Road¬Littleborough¬Lancashire¬OL15 8HF¬53.642997741699219¬-2.1033339500427246¬01D¬NHS Heywood, Middleton And Rochdale CCG¬01706374990¬¬http://www.penninesurgery.co.uk¬01706 371648
24721¬P86022¬GP¬UNKNOWN¬Visible¬True¬True¬Stonefield Street Surgery¬Stonefield Street¬Milnrow¬¬Rochdale¬Lancashire¬OL16 4JQ¬53.608020782470703¬-2.1089763641357422¬01D¬NHS Heywood, Middleton And Rochdale CCG¬01706646234¬¬http://www.stonefieldstreetsurgery.co.uk/¬01706 527946
24722¬P86023¬GP¬UNKNOWN¬Visible¬True¬True¬Hopwood Medical Centre¬1-3 Walton Street¬¬¬Heywood¬Lancashire¬OL10 2BS¬53.587146759033203¬-2.2120370864868164¬01D¬NHS Heywood, Middleton And Rochdale CCG¬01706369886¬¬www.hopwoodmc.nhs.uk¬01706 627619
24723¬P86026¬GP¬UNKNOWN¬Visible¬True¬True¬The Dawes Family Practice¬83 Spotland Road¬¬¬Rochdale¬Lancashire¬OL12 6RX¬53.619461059570313¬-2.165410041809082¬01D¬NHS Heywood, Middleton And Rochdale CCG¬01706644040¬¬https://dawesfp.gpsurgery.net/about/goverment-legislation-requirements/¬01706 750808
24724¬P86602¬GP¬UNKNOWN¬Visible¬True¬True¬Heady Hill Surgery¬114 Bury New Road¬¬¬Heywood¬Lancashire¬OL10 4RG¬53.593662261962891¬-2.2416067123413086¬01D¬NHS Heywood, Middleton And Rochdale CCG¬01706603430¬¬¬
24725¬P86016001¬GP¬UNKNOWN¬Visible¬True¬True¬York House Surgery¬19 York Street¬¬¬Heywood¬Lancashire¬OL10 4NN¬53.5936279296875¬-2.2176597118377686¬01D¬NHS Heywood, Middleton And Rochdale CCG¬1706628628¬yhs@nhs.uk¬www.yorkhousesurgery.nhs.uk¬01706 620 800
24726¬P86606¬GP¬UNKNOWN¬Visible¬True¬True¬Family Practice¬133 Bowness Road¬Middleton¬¬Manchester¬Lancashire¬M24 4EN¬53.5545654296875¬-2.2175650596618652¬01D¬NHS Heywood, Middleton And Rochdale CCG¬01616434459¬¬https://thestrandandfamilypractice.co.uk¬0161 6550450
24727¬P86606001¬GP¬UNKNOWN¬Visible¬True¬True¬The Medical Centre (The Strand)¬The Strand medical Centre (Bardoc Ltd)¬The Strand¬Kirkholt¬Rochdale¬Lancashire¬OL11 2JG¬53.593769073486328¬-2.1556551456451416¬01D¬NHS Heywood, Middleton And Rochdale CCG¬01706861616¬strandmedicalcentre@nhs.net¬https://www.thestrandandfamilypractice.co.uk¬01706 758890
24728¬P86608¬GP¬UNKNOWN¬Visible¬True¬True¬The Village Medical Centre¬Peel Street¬¬¬Littleborough¬Lancashire¬OL15 8AQ¬53.64276123046875¬-2.0979788303375244¬01D¬NHS Heywood, Middleton And Rochdale CCG¬01706370666¬¬http://www.villagemclittleborough.nhs.uk/index.aspx¬01706 371647
24729¬P86609¬GP¬UNKNOWN¬Visible¬True¬True¬The Dale Medical Practice¬2Nd Floor Nye Bevan House¬Maclure Road¬¬Rochdale¬Lancashire¬OL11 1DN¬53.611621856689453¬-2.1542243957519531¬01D¬NHS Heywood, Middleton And Rochdale CCG¬01706 396 299¬¬¬01706 396 298
24730¬P86614¬GP¬UNKNOWN¬Visible¬True¬True¬Dr Hamid's Practice¬2Nd Floor Nye Bevan House¬Maclure Road¬¬Rochdale¬Lancashire¬OL11 1DN¬53.611621856689453¬-2.1542243957519531¬01D¬NHS Heywood, Middleton And Rochdale CCG¬01706396210¬¬¬
24731¬P86619¬GP¬UNKNOWN¬Visible¬True¬True¬Dr M B Ghafoor And Dr S A Abbasi¬1St Floor Nye Bevan House¬Maclure Road¬¬Rochdale¬Lancashire¬OL11 1DN¬53.611621856689453¬-2.1542243957519531¬01D¬NHS Heywood, Middleton And Rochdale CCG¬01706 397666¬¬http://www.drghafoorandpartners.co.uk/¬01706 397667
24732¬P86620¬GP¬UNKNOWN¬Visible¬True¬True¬Windermere Surgery¬109-111 Windermere Road¬Langley¬Middleton¬Manchester¬Greater Manchester¬M24 5WF¬53.559562683105469¬-2.2056944370269775¬01D¬NHS Heywood, Middleton And Rochdale CCG¬01616676609¬windermere.road@nhs.net¬¬0161 6541776
24735¬P86624¬GP¬UNKNOWN¬Visible¬True¬True¬Trinity Medical Centre¬Trinity Medical Centre¬22 Winton Street¬Littleborough¬Rochdale¬Lancashire¬OL15 8AR¬53.642444610595703¬-2.0993847846984863¬01D¬NHS Heywood, Middleton And Rochdale CCG¬01706378476¬hmrccg.trinitymedicalcentre@nhs.net¬https://www.trinitymedicalcentre.org.uk¬01706 371649
24737¬P87002¬GP¬UNKNOWN¬Visible¬True¬True¬The Poplars Medical Practice¬202 Partington Lane¬Swinton¬¬Manchester¬Greater Manchester¬M27 0NA¬53.510608673095703¬-2.3416950702667236¬01G¬NHS Salford CCG¬01617946237¬¬¬0161 728 3415
24738¬P87003¬GP¬UNKNOWN¬Visible¬True¬True¬Dr T Regan & Dr A Walker¬30 Russell Street¬Eccles¬¬Manchester¬Greater Manchester¬M30 0NU¬53.484878540039063¬-2.339604377746582¬01G¬NHS Salford CCG¬01617075500¬¬http://www.standrewsmceccles.nhs.uk/¬0161 787 9159
24739¬P87004¬GP¬UNKNOWN¬Visible¬True¬True¬Salford Medical Centre¬194 - 198 Langworthy Road¬¬¬Salford¬Greater Manchester¬M6 5PP¬53.487209320068359¬-2.2945618629455566¬01G¬NHS Salford CCG¬01617361166¬smc.admin@nhs.net¬http://www.salfordmedicalcentre.nhs.uk¬0161 736 8880
24740¬Y00445002¬GP¬UNKNOWN¬Visible¬True¬True¬Salford Primary Care Together - Little Hulton¬Haysbrook Avenue¬¬¬Lancs¬Greater Manchester¬M28 0AY¬53.529876708984375¬-2.4238870143890381¬01G¬NHS Salford CCG¬0161 983 0600¬salccg.spct@nhs.net¬http://www.spctpractices.co.uk/¬0161 983 0620
24741¬P87008¬GP¬UNKNOWN¬Visible¬True¬True¬Walkden Medical Practice¬2 Hodge Road¬Walkden¬¬Manchester¬Lancashire¬M28 3AT¬53.523250579833984¬-2.397493839263916¬01G¬NHS Salford CCG¬01617025310¬¬http://www.walkdenmedicalcentre.co.uk/contact1.aspx¬
24742¬P87014¬GP¬UNKNOWN¬Visible¬True¬True¬Irlam Group Practice¬523 Liverpool Road¬Irlam¬¬Manchester¬Greater Manchester¬M44 6ZS¬53.439144134521484¬-2.4264001846313477¬01G¬NHS Salford CCG¬01617761000¬¬http://www.irlamgrouppractice.nhs.uk¬
24743¬P87015¬GP¬UNKNOWN¬Visible¬True¬True¬Pendleton Medical Centre¬Pendleton Gateway¬1 Broadwalk (1St Floor)¬¬Salford¬Greater Manchester¬M6 5FX¬53.488349914550781¬-2.2847282886505127¬01G¬NHS Salford CCG¬0161 983 0410¬salccg.pendleton.medicalcentre@nhs.net¬https://www.pendletonmedicalcentre.nhs.uk/¬
24744¬P87016¬GP¬UNKNOWN¬Visible¬True¬True¬The Sides Medical Practice¬Moorside Road¬Swinton¬¬Manchester¬Greater Manchester¬M27 0EW¬53.505428314208984¬-2.3543181419372559¬01G¬NHS Salford CCG¬01617941604¬¬http://www.sidesmedicalcentre.co.uk¬0161 727 3615
24745¬P87017¬GP¬UNKNOWN¬Visible¬True¬True¬The Limes Medical Practice¬8-12 Hodge Road¬Walkden Worsley¬¬Manchester¬Lancashire¬M28 3AT¬53.522945404052734¬-2.3975124359130859¬01G¬NHS Salford CCG¬01617908621¬¬http://www.thelimesmc.co.uk¬0161 7038670
24746¬P87019¬GP¬UNKNOWN¬Visible¬True¬True¬Silverdale Medical Practice ¬659 Bolton Road¬Pendlebury¬Swinton¬Manchester¬Greater Manchester¬M27 8HP¬53.518798828125¬-2.3314602375030518¬01G¬NHS Salford CCG¬0161 983 0940¬silverdalemedicalpractice@nhs.net¬https://www.pendleburyhealthcentre.co.uk¬
24747¬P87020¬GP¬UNKNOWN¬Visible¬True¬True¬St.Andrews Medical Centre¬30 Russell Street¬Eccles¬¬Manchester¬Greater Manchester¬M30 0NU¬53.484878540039063¬-2.339604377746582¬01G¬NHS Salford CCG¬01617075500¬¬http://www.standrewsmceccles.nhs.uk/¬0161 787 9159
24749¬P87022¬GP¬UNKNOWN¬Visible¬True¬True¬Mocha Parade Medical Practice¬4 - 5 Mocha Parade¬¬¬Salford¬Greater Manchester¬M7 1QE¬53.491737365722656¬-2.2608163356781006¬01G¬NHS Salford CCG¬01618392721¬¬¬0161 819 1191
24750¬P87024¬GP¬UNKNOWN¬Visible¬True¬True¬3/Springfield House Medical Practice¬384 Liverpool Road¬Eccles¬¬Manchester¬Lancashire¬M30 8QD¬53.480255126953125¬-2.3620040416717529¬01G¬NHS Salford CCG¬01618712450¬¬http://www.springfield-medical-centre.co.uk/¬0161 7070402
24751¬P87025¬GP¬UNKNOWN¬Visible¬True¬True¬The Lakes Medical Practice¬21 Chorley Road¬Swinton¬¬Manchester¬Greater Manchester¬M27 4AF¬53.509193420410156¬-2.3337070941925049¬01G¬NHS Salford CCG¬01617275241¬¬¬0161 7270070
24752¬P87026¬GP¬UNKNOWN¬Visible¬True¬True¬Newbury Green Medical Practice¬Newbury Place Health Centre¬55 Rigby Street¬¬Salford¬Greater Manchester¬M7 4NX¬53.507492065429688¬-2.2607624530792236¬01G¬NHS Salford CCG¬0161 983 0800¬newburygreenmedical@nhs.net¬http://newburygreenmedical.co.uk/¬
24753¬P87027¬GP¬UNKNOWN¬Visible¬True¬True¬Langworthy Medical Practice¬250 Langworthy Road¬¬Lancashire¬Salford¬Lancashire¬M6 5WW¬53.489356994628906¬-2.294757604598999¬01G¬NHS Salford CCG¬01617379244¬¬http://www.langworthymedicalpractice.co.uk¬0844 477 3349
24754¬P87028¬GP¬UNKNOWN¬Visible¬True¬True¬The Gill Medical Practice¬5 Harriet Street¬Worsley¬¬Manchester¬Lancashire¬M28 3DR¬53.5242919921875¬-2.3983697891235352¬01G¬NHS Salford CCG¬01617903033¬¬http://www.thegillmedicalcentre.co.uk/¬0161 702 9544
24755¬P87032¬GP¬UNKNOWN¬Visible¬True¬True¬Dr Venkatachalum Raj¬37 Orient Road¬¬¬Salford¬Greater Manchester¬M6 8LE¬53.494186401367187¬-2.3254196643829346¬01G¬NHS Salford CCG¬01617893029¬salccg.orientroad@nhs.net¬http://www.orientroadmedicalpractice.co.uk/¬0161 281 0192
24756¬P87035¬GP¬UNKNOWN¬Visible¬True¬True¬Ordsall Health Surgery¬Ordsall Health¬118 Phoebe Street¬¬Salford¬Greater Manchester¬M5 3PH¬53.473983764648438¬-2.2809560298919678¬01G¬NHS Salford CCG¬01619830080¬salccg.ordsallhealthsurgery@nhs.net¬http://www.ordsallhealthsurgery.nhs.uk¬
24757¬P87036¬GP¬UNKNOWN¬Visible¬True¬False¬Lower Broughton Health Centre¬Great Clowes Street¬¬¬Salford¬Greater Manchester¬M7 1RD¬53.493595123291016¬-2.2587928771972656¬01G¬NHS Salford CCG¬0161 212 6530¬¬¬0161 212 6521
24758¬P87039¬GP¬UNKNOWN¬Visible¬True¬True¬Irlam Health Centre¬Macdonald Road¬Irlam¬¬Manchester¬Greater Manchester¬M44 5LH¬53.437931060791016¬-2.4322435855865479¬01G¬NHS Salford CCG¬01617752760¬drwhiteandpartners@nhs.net¬¬0161 7755829
24759¬P87040¬GP¬UNKNOWN¬Visible¬True¬True¬Sorrel Bank Medical Practice¬23 Bolton Road¬¬¬Salford¬Lancashire¬M6 7HL¬53.49334716796875¬-2.2948002815246582¬01G¬NHS Salford CCG¬01617361616¬rachael.bell2@nhs.net¬www.thesorrelgrouppractice.co.uk¬0161 736 1878
24760¬P87040001¬GP¬UNKNOWN¬Visible¬True¬True¬Victoria Road Surgery¬9 Victoria Road¬¬¬Salford¬Greater Manchester¬M6 8EZ¬53.492469787597656¬-2.3256325721740723¬01G¬NHS Salford CCG¬01617893722¬bernadette.cooper@nhs.net¬¬0161 707 7450
24761¬P87610¬GP¬UNKNOWN¬Visible¬True¬True¬The Mosslands Medical Practice¬Irlam Medical Centre¬Macdonald Road¬Irlam¬Manchester¬Greater Manchester¬M44 5LH¬53.437931060791016¬-2.4322435855865479¬01G¬NHS Salford CCG¬01617760737¬m.mp@nhs.net¬http://www.mosslandsmedicalpractice.co.uk/¬
24762¬P87610001¬GP¬UNKNOWN¬Visible¬True¬True¬Longfield Lodge¬276 Liverpool Road¬Cadishead¬¬Manchester¬Greater Manchester¬M44 5DX¬53.421524047851562¬-2.4422793388366699¬01G¬NHS Salford CCG¬01617760737¬m.mp@nhs.net¬¬0161 775 2568
24763¬P87613¬GP¬UNKNOWN¬Visible¬True¬True¬Cleggs Lane Medical Practice/129¬129-131 Cleggs Lane¬Little Hulton¬¬Manchester¬Lancashire¬M38 9RS¬53.534942626953125¬-2.419320821762085¬01G¬NHS Salford CCG¬0161 799 4001¬salccg.cleggslane@nhs.net¬http://cleggslanepractice.nhs.uk¬0161 703 8276
24765¬P87618¬GP¬UNKNOWN¬Visible¬True¬True¬Walkden Gateway¬1St Floor, Walkden Gateway¬2 Smith Street¬Walkden¬Manchester¬Greater Manchester¬M28 3EZ¬53.52490234375¬-2.3985261917114258¬01G¬NHS Salford CCG¬01612131975¬drloomba.ooh@nhs.net¬¬01612131976
24766¬P87620¬GP¬UNKNOWN¬Visible¬True¬True¬Monton Medical Centre¬Canal Side¬Eccles¬¬Manchester¬Greater Manchester¬M30 8AR¬53.491867065429688¬-2.3569633960723877¬01G¬NHS Salford CCG¬01617890011¬¬¬0161 707 4971
24767¬P87624¬GP¬UNKNOWN¬Visible¬True¬True¬Ellenbrook Medical Centre¬14 Morston Close¬Worsley¬¬Manchester¬Lancashire¬M28 1PB¬53.511188507080078¬-2.4135370254516602¬01G¬NHS Salford CCG¬01617039091¬¬http://www.ellenbrooksurgery.co.uk/¬0161 703 9111
24768¬P87625¬GP¬UNKNOWN¬Visible¬True¬True¬Dearden Avenue Medical Practice¬1A Dearden Avenue¬Little Hulton¬¬Salford¬Greater Manchester¬M38 9GH¬53.533832550048828¬-2.4186007976531982¬01G¬NHS Salford CCG¬0161 983 0011¬¬http://www.deardenavenuemedicalpractice.nhs.uk/¬
24769¬P87627¬GP¬UNKNOWN¬Visible¬True¬True¬Orchard Medical Practice¬10 Leigh Road¬Boothstown Worsley¬¬Manchester¬Greater Manchester¬M28 1LZ¬53.502902984619141¬-2.4209342002868652¬01G¬NHS Salford CCG¬01617028579¬¬¬0161 7038922
24771¬P87630¬GP¬UNKNOWN¬Visible¬True¬True¬Cherry Medical Practice¬Little Hulton District Centre¬Haysbrook Avenue¬¬Manchester¬Lancashire¬M28 0AY¬53.529876708984375¬-2.4238870143890381¬01G¬NHS Salford CCG¬0161 983 0210¬salccg.cherrymedicalpractice@nhs.net¬http://www.cherrymedicalpractice.co.uk¬0161 983 0211
24773¬P87634¬GP¬UNKNOWN¬Visible¬True¬True¬Clarendon Surgery & The Angel Medical Practice¬Pendleton Gateway¬1 The Broadwalk¬¬Salford¬Greater Manchester¬M6 5FX¬53.488349914550781¬-2.2847282886505127¬01G¬NHS Salford CCG¬0161 983 0190 (ext. 1)¬clarendon.surgery@nhs.net¬http://clarendonsurgery.co.uk¬
24774¬P87634001¬GP¬UNKNOWN¬Visible¬True¬True¬Trinity Medical Centre¬The Angel Living Centre¬St Phillips Place, Off Chapel Street¬¬Salford¬Greater Manchester¬M3 6FA¬53.483524322509766¬-2.2632825374603271¬01G¬NHS Salford CCG¬0161 983 0190 (ext. 2)¬¬http://www.clarendonsurgery.co.uk¬
24776¬P87639¬GP¬UNKNOWN¬Visible¬True¬True¬Cornerstone Medical Practice¬Langworthy Cornerstone¬451 Liverpool Street¬¬Salford¬Lancashire¬M6 5QQ¬53.483787536621094¬-2.2968287467956543¬01G¬NHS Salford CCG¬0161 213 1980¬cornerstonemedicalpractice@nhs.net¬https://cornerstone-medical.co.uk¬
24779¬P87648¬GP¬UNKNOWN¬Visible¬True¬True¬Dr Davis's Medical Practice¬1st Floor Newbury Place Health Centre¬55 Rigby Street¬¬Salford¬Lancashire¬M7 4NX¬53.507503509521484¬-2.2608499526977539¬01G¬NHS Salford CCG¬0161 983 0300¬¬http://www.mysurgerywebsite.co.uk/index.aspx?p=P87648¬
24780¬P87649¬GP¬UNKNOWN¬Visible¬True¬True¬Chapel Medical Centre¬220 Liverpool Road¬Irlam¬¬Manchester¬Greater Manchester¬M44 6FE¬53.4490966796875¬-2.418278694152832¬01G¬NHS Salford CCG¬01617757373¬chapelmc.ooh@nhs.net¬http://www.chapelmedicalcentre.nhs.uk¬0161 775 5603
24781¬P87651¬GP¬UNKNOWN¬Visible¬True¬True¬Limefield Medical Centre¬Newbury Place Health Centre¬55 Rigby Street¬¬Salford¬Greater Manchester¬M7 4NX¬53.506980895996094¬-2.2604577541351318¬01G¬NHS Salford CCG¬01619830251¬¬http://www.limefieldmedicalcentre.co.uk/¬
24783¬P87654¬GP¬UNKNOWN¬Visible¬True¬True¬Lower Broughton Health Centre¬Great Clowes Street¬¬¬Salford¬Greater Manchester¬M7 1RD¬53.493595123291016¬-2.2587928771972656¬01G¬NHS Salford CCG¬0161 983 0016¬practice.jeet@nhs.net¬http://www.drjeetchaudhry.co.uk/¬
24784¬P87654001¬GP¬UNKNOWN¬Visible¬True¬True¬The Energise Healthy Living Centre¬Energise Healthy Living Centre¬3 Douglas Green¬¬Salford¬Greater Manchester¬M6 6ES¬53.497852325439453¬-2.2835860252380371¬01G¬NHS Salford CCG¬0161 983 0017¬practice.jeet@nhs.net¬¬
24785¬P87657¬GP¬UNKNOWN¬Visible¬True¬True¬Irlam Clinic¬125 Liverpool Road¬Irlam¬¬Manchester¬Lancashire¬M44 6DP¬53.449111938476563¬-2.4170591831207275¬01G¬NHS Salford CCG¬0161 775 0000¬irlamclinic@nhs.net¬https://irlamclinic.co.uk¬
24786¬P87658¬GP¬UNKNOWN¬Visible¬True¬True¬The Willows Medical Practice¬Lords Avenue¬¬¬Salford¬Greater Manchester¬M5 5JR¬53.485466003417969¬-2.3091223239898682¬01G¬NHS Salford CCG¬01617362356¬¬¬0161 7372265
24787¬P87659¬GP¬UNKNOWN¬Visible¬True¬True¬St.Andrews Medical Centre¬30 Russell Street¬Eccles¬¬Manchester¬Greater Manchester¬M30 0NU¬53.484878540039063¬-2.339604377746582¬01G¬NHS Salford CCG¬01617075500¬¬http://www.standrewsmceccles.nhs.uk/¬0161 787 9159
24789¬P87661¬GP¬UNKNOWN¬Visible¬True¬True¬Manchester Road East Medical Practice¬152A Manchester Road East¬Little Hulton¬¬Manchester¬Greater Manchester¬M38 9LQ¬53.526664733886719¬-2.4095847606658936¬01G¬NHS Salford CCG¬01617993233¬¬¬0161 975 2861
24790¬Y00445003¬GP¬UNKNOWN¬Visible¬True¬True¬SPCT - Salford Homeless Project¬1 Paddington Close¬¬¬Salford¬Greater Manchester¬M6 5PL¬53.486587524414063¬-2.2834959030151367¬01G¬NHS Salford CCG¬0161 983 0650¬¬http://www.spctpractices.co.uk/¬0161 745 8057
24793¬P88002¬GP¬UNKNOWN¬Visible¬True¬True¬Marple Bridge Surgery¬Town Street¬Marple Bridge¬¬Stockport¬Greater Manchester¬SK6 5AA¬53.400596618652344¬-2.0533080101013184¬01W¬NHS Stockport CCG¬01614272049¬¬http://www.MarpleBridgeSurgery.nhs.uk¬0161 4278389
24794¬P88003001¬GP¬UNKNOWN¬Visible¬True¬True¬Manor Medical Practice¬56 Higher Hillgate¬¬¬Stockport¬Cheshire¬SK1 3PZ¬53.403610229492188¬-2.1534850597381592¬01W¬NHS Stockport CCG¬01614269166¬¬http://www.manormedical.co.uk/¬0161 480 3158
24795¬P88003¬GP¬UNKNOWN¬Visible¬True¬True¬Manor Medical Practice¬Offerton Health Centre¬10 Offerton Lane¬Offerton¬Stockport¬Greater Manchester¬SK2 5AR¬53.403469085693359¬-2.1366987228393555¬01W¬NHS Stockport CCG¬01614269166¬¬http://manormedical.co.uk/¬0161 426 9180
24797¬P88005¬GP¬UNKNOWN¬Visible¬True¬True¬Family Surgery¬306 Gorton Road¬¬¬Stockport¬Greater Manchester¬SK5 6RN¬53.446060180664063¬-2.1570107936859131¬01W¬NHS Stockport CCG¬01614269797¬stoccg.p88005-admin@nhs.net¬http://www.thereddishfamilypractice.nhs.uk¬01614269792
24798¬P88006¬GP¬UNKNOWN¬Visible¬True¬True¬Marple Cottage Surgery¬50 Church Street¬Marple¬¬Stockport¬Greater Manchester¬SK6 6BW¬53.392726898193359¬-2.0610270500183105¬01W¬NHS Stockport CCG¬01614260011¬stoccg.marplecottagereception@nhs.net¬http://www.marplecottage.co.uk¬0161 427 8160
24799¬P88007001¬GP¬UNKNOWN¬Visible¬True¬True¬Dr Seabrook & Partners¬11 Ladybridge Road¬Cheadle Hulme¬Cheadle¬Stockport¬Cheshire¬SK8 5LL¬53.379291534423828¬-2.1890695095062256¬01W¬NHS Stockport CCG¬01614265300¬stoccg.p88007admin@nhs.net¬https://www.cheadlehulmeandbridgehouse.nhs.uk/¬
24800¬P88007¬GP¬UNKNOWN¬Visible¬True¬True¬Cheadle Hulme Health Ctr¬Smithy Green¬Hulme Hall Road¬Cheadle Hulme¬Cheadle¬Cheshire¬SK8 6LU¬53.366477966308594¬-2.1913418769836426¬01W¬NHS Stockport CCG¬01614265300¬stoccg.p88007admin@nhs.net¬https://www.cheadlehulmeandbridgehouse.nhs.uk¬
24801¬P88008¬GP¬UNKNOWN¬Visible¬True¬True¬Heaton Mersey Medical Practice¬460 Didsbury Road¬Heaton Mersey¬¬Stockport¬Greater Manchester¬SK4 3BT¬53.412521362304688¬-2.2051036357879639¬01W¬NHS Stockport CCG¬0161 9839400¬stoccg.hmreception@nhs.net¬http://www.heatonmerseymedicalpractice.co.uk/¬
24802¬P88009¬GP¬UNKNOWN¬Visible¬True¬True¬Woodley Village Surgery¬Woodley Health Centre, Hyde Road¬Woodley¬¬Stockport¬Cheshire¬SK6 1ND¬53.426162719726563¬-2.0994701385498047¬01W¬NHS Stockport CCG¬0161 983 9494¬¬https://www.woodleyvillagesurgery.co.uk¬
24804¬P88011¬GP¬UNKNOWN¬Visible¬True¬True¬Heaton Norris Health Centre (Marshall)¬Cheviot Close¬Heaton Norris¬¬Stockport¬Greater Manchester¬SK4 1JX¬53.416534423828125¬-2.1679151058197021¬01W¬NHS Stockport CCG¬0161 983 1600¬¬http://www.drmarshallandpartners.co.uk¬
24805¬P88012¬GP¬UNKNOWN¬Visible¬True¬True¬Beech House Medical Practice¬Beech House¬Beech Avenue¬Hazel Grove¬Stockport¬Greater Manchester¬SK7 4QR¬53.379409790039063¬-2.1181316375732422¬01W¬NHS Stockport CCG¬01614836222¬¬http://www.beechhousesurgery.co.uk/¬0161 4199244
24806¬P88013¬GP¬UNKNOWN¬Visible¬True¬True¬Caritas General Practice Partnership¬Dial House Medical Centre¬131 Mile End Lane¬¬Stockport¬Greater Manchester¬SK2 6BZ¬53.395931243896484¬-2.1345841884613037¬01W¬NHS Stockport CCG¬01612044449¬stoccg.p88013-admin@nhs.net¬https://www.caritasgppartnership.co.uk/¬01612044457
24807¬P88013001¬GP¬UNKNOWN¬Visible¬True¬True¬Ellesmere Medical Centre¬262 Stockport Road¬Cheadle Heath¬¬Stockport¬Cheshire¬SK3 0RQ¬53.400379180908203¬-2.1945924758911133¬01W¬NHS Stockport CCG¬01614265276¬emcadmin@gp-p88035.nhs.uk¬www.ellesmeremedicalcentre.nhs.uk¬01614265289
24808¬P88014¬GP¬UNKNOWN¬Visible¬True¬True¬Adshall Road Medical Practice¬97 Adshall Road¬¬¬Cheadle¬Cheshire¬SK8 2JN¬53.390048980712891¬-2.1910569667816162¬01W¬NHS Stockport CCG¬0161492 5400¬¬http://www.adshallroadmedicalpractice.co.uk¬
24809¬P88015¬GP¬UNKNOWN¬Visible¬True¬True¬Bramhall Health Centre¬66 Bramhall Lane South¬Bramhall¬¬Stockport¬Greater Manchester¬SK7 2DY¬53.360012054443359¬-2.162914514541626¬01W¬NHS Stockport CCG¬01619835850¬¬http://www.bramhallhealthcentre.co.uk¬
24810¬P88016001¬GP¬UNKNOWN¬Visible¬True¬True¬Bramhall & Shaw Heath Medical Group¬Shaw Heath Health Centre, Gilmore Street¬Shaw Heath¬¬Stockport¬Cheshire¬SK3 8DN¬53.400142669677734¬-2.161022424697876¬01W¬NHS Stockport CCG¬01614269350¬stoccg.enquiries@nhs.net¬http://www.shawheathhealthcentre.co.uk/index.aspx¬0161 474 1593
24811¬P88016¬GP¬UNKNOWN¬Visible¬True¬True¬Bramhall & Shaw Heath Medical Group¬235 Bramhall Lane South¬Bramhall¬¬Stockport¬Greater Manchester¬SK7 3EP¬53.376041412353516¬-2.1623294353485107¬01W¬NHS Stockport CCG¬01614269700¬stoccg.enquiries@nhs.net¬http://www.bramhallparkmedicalcentre.co.uk/¬0161 4407671
24812¬P88017¬GP¬UNKNOWN¬Visible¬True¬True¬Chadsfield Medical Practice¬Chichester Road¬Romiley¬¬Stockport¬Greater Manchester¬SK6 4QR¬53.415000915527344¬-2.0899155139923096¬01W¬NHS Stockport CCG¬01614269388¬¬http://www.chadsfieldmedicalpractice.co.uk¬0161 406 7237
24813¬P88018¬GP¬UNKNOWN¬Visible¬True¬True¬Park View Group Practice¬2 Longford Road West¬Reddish¬¬Stockport¬Cheshire¬SK5 6ET¬53.445598602294922¬-2.1582126617431641¬01W¬NHS Stockport CCG¬01619839500¬docman.p88018@nhs.net¬http://www.parkviewgrouppractice.co.uk¬
24814¬P88019¬GP¬UNKNOWN¬Visible¬True¬True¬Alvanley Family Practice¬Woodley Health Centre¬Hyde Road¬Woodley¬Stockport¬Greater Manchester¬SK6 1ND¬53.426292419433594¬-2.0996460914611816¬01W¬NHS Stockport CCG¬01619835757¬stoccg.alvanleyadmin@nhs.net¬http://www.alvanleyfamilypractice.co.uk¬
24815¬P88020¬GP¬UNKNOWN¬Visible¬True¬True¬Cheadle Medical Practice¬1-5 Ashfield Crescent¬¬¬Cheadle¬Cheshire¬SK8 1BH¬53.393749237060547¬-2.2135245800018311¬01W¬NHS Stockport CCG¬01619839090¬¬http://www.cheadlemedical.co.uk¬
24816¬P88021¬GP¬UNKNOWN¬Visible¬True¬True¬Marple Medical Practice¬50 Stockport Road¬Marple¬¬Stockport¬Greater Manchester¬SK6 6AB¬53.395221710205078¬-2.0657494068145752¬01W¬NHS Stockport CCG¬01614265375¬stoccg.marplemedicalpractice@nhs.net¬http://www.marplemedicalpractice.nhs.uk/home-page,24158.htm¬
24817¬P88023¬GP¬UNKNOWN¬Visible¬True¬True¬Heald Green Health Centre 2 (Morris)¬Finney Lane¬Heald Green¬¬Cheadle¬Cheshire¬SK8 3JD¬53.369880676269531¬-2.2292609214782715¬01W¬NHS Stockport CCG¬01614269020¬¬¬0161 426 9030
24818¬P88024¬GP¬UNKNOWN¬Visible¬True¬True¬Gatley Group Practice¬Old Hall Road¬Gatley¬¬Cheadle¬Cheshire¬SK8 4DG¬53.393798828125¬-2.2353293895721436¬01W¬NHS Stockport CCG¬01614265100¬¬http://www.gatleymedicalcentre.co.uk¬0161 4288959
24819¬P88025001¬GP¬UNKNOWN¬Visible¬True¬True¬Hulme Hall Medical Group Handforth¬166 Wilmslow Road¬Handforth¬¬Wilmslow¬Cheshire¬SK9 3LF¬53.352584838867188¬-2.2155570983886719¬01W¬NHS Stockport CCG¬01614265844¬stoccg.hhmg@nhs.net¬http://www.hulmehallmedicalgroup.nhs.uk¬
24820¬P88025¬GP¬UNKNOWN¬Visible¬True¬True¬Hulme Hall Medical Group Cheadle Hulme¬Smithy Green¬Hulme Hall Road¬Cheadle Hulme¬Cheadle¬Cheshire¬SK8 6LU¬53.366477966308594¬-2.1913418769836426¬01W¬NHS Stockport CCG¬01614265844¬stoccg.hhmgadmin@nhs.net¬http://www.hulmehallmedicalgroup.nhs.uk¬
24821¬P88026¬GP¬UNKNOWN¬Visible¬True¬True¬Heaton Moor Medical Centre¬32 Heaton Moor Road¬Heaton Moor¬¬Stockport¬Greater Manchester¬SK4 4NX¬53.424648284912109¬-2.1797060966491699¬01W¬NHS Stockport CCG¬01614320671¬stoccg.p88026-admin@nhs.net¬http://www.hmmc.info¬0161 442 1025
24822¬P88026002¬GP¬UNKNOWN¬Visible¬True¬True¬Dean Lane Medical Centre¬95 Dean Lane¬Hazel Grove¬¬Stockport¬Cheshire¬SK7 6EJ¬53.368438720703125¬-2.1220686435699463¬01W¬NHS Stockport CCG¬01614269777¬stoccg.p88026-admin@nhs.net¬http://www.hmmc.info¬0161 204 4281
24824¬P88026003¬GP¬UNKNOWN¬Visible¬True¬True¬Eastholme Surgery now incorporated in Heaton Moor¬32 Heaton Moor Road¬Heaton Moor¬¬Stockport¬Greater Manchester¬SK4 4NX¬53.424823760986328¬-2.1803779602050781¬01W¬NHS Stockport CCG¬01614431177¬sto-pct.p88028-admin@nhs.net¬http://www.eastholmesurgery.co.uk/¬0161 4422521
24825¬P88031¬GP¬UNKNOWN¬Visible¬True¬True¬Bracondale Medical Centre¬Bracondale House¬141 Buxton Road¬Heaviley¬Stockport¬Greater Manchester¬SK2 6EQ¬53.394001007080078¬-2.1470744609832764¬01W¬NHS Stockport CCG¬01614269050¬¬http://bracondalemedical.co.uk¬0161 487 4221
24827¬P88034¬GP¬UNKNOWN¬Visible¬True¬True¬Dr Rachel Tomalin¬20 Meyer Street¬¬¬Stockport¬Greater Manchester¬SK3 8JE¬53.397151947021484¬-2.1583492755889893¬01W¬NHS Stockport CCG¬01614802882¬calegreensurgery@nhs.net¬https://www.calegreensurgery.co.uk/¬0161 4800583
24829¬P88041¬GP¬UNKNOWN¬Visible¬True¬True¬The Village Surgery¬31 Bramhall Lane South¬Bramhall¬¬Stockport¬Cheshire¬SK7 2DN¬53.359272003173828¬-2.1651804447174072¬01W¬NHS Stockport CCG¬0161 925 6630¬¬https://www.thevillagesurgerybramhall.co.uk¬
24830¬P88042¬GP¬UNKNOWN¬Visible¬True¬True¬Heald Green Health Centre 1 (Owen)¬Heald Green Health Centre (Owen)¬Finney Lane¬Heald Green¬Cheadle¬Cheshire¬SK8 3JD¬53.369880676269531¬-2.2292609214782715¬01W¬NHS Stockport CCG¬0161 426 9000¬stoccg.healdgreenp88042@nhs.net¬https://www.healdgreenhealthcentre1.co.uk/¬
24831¬P88043¬GP¬UNKNOWN¬Visible¬True¬True¬Brinnington Surgery¬Brinnington Road¬¬¬Stockport¬Greater Manchester¬SK5 8BS¬53.427654266357422¬-2.1323518753051758¬01W¬NHS Stockport CCG¬01619833300¬stoccg.p88043@nhs.net¬https://www.brinningtonsurgery.nhs.uk¬
24832¬P88044¬GP¬UNKNOWN¬Visible¬True¬True¬Bredbury Medical Centre¬1 Auburn Avenue¬Bredbury¬¬Stockport¬Greater Manchester¬SK6 2AH¬53.422916412353516¬-2.1140389442443848¬01W¬NHS Stockport CCG¬01619839730¬bredburymedicalcentre@nhs.net¬https://www.bredburymedicalcentre.nhs.uk¬
24833¬P88600¬GP¬UNKNOWN¬Visible¬True¬True¬The Surgery 1¬30 Brinnington Road¬Portwood¬Brinnington¬Stockport¬Greater Manchester¬SK1 2EX¬53.418403625488281¬-2.1427803039550781¬01W¬NHS Stockport CCG¬01614804164¬thesurgery@msn.com¬http://www.thesurgery-30brinnington.nhs.uk¬0161 476 1996
24835¬P88632002¬GP¬UNKNOWN¬Visible¬True¬True¬Stockport Medical Group (Lowfield)¬5 Lowfield Road¬Shaw Heath¬¬Stockport¬Cheshire¬SK2 6RW¬53.400135040283203¬-2.1564199924468994¬01W¬NHS Stockport CCG¬0161 983 5333¬¬http://www.stockportmedicalgroup.nhs.uk/index.aspx¬
24836¬P88606¬GP¬UNKNOWN¬Visible¬True¬True¬Springfield Surgery¬24-28 Commercial Road¬Hazel Grove¬¬Stockport¬Cheshire¬SK7 4AA¬53.382110595703125¬-2.1229498386383057¬01W¬NHS Stockport CCG¬01614265250¬¬http://www.springfieldsurgery-stockport.com¬0161 426 5262
24837¬P88607¬GP¬UNKNOWN¬Visible¬True¬True¬Dr Raina Patel¬Romiley Health Centre¬Chichester Road¬Romiley¬Stockport¬Greater Manchester¬SK6 4QR¬53.415000915527344¬-2.0899155139923096¬01W¬NHS Stockport CCG¬01614265242¬guywood.practice@nhs.net¬http://www.guywoodpractice.co.uk/¬0161 426 5240
24838¬P88610¬GP¬UNKNOWN¬Visible¬True¬True¬South Reddish Medical Ctr 2¬Reddish Road¬South Reddish¬¬Stockport¬Greater Manchester¬SK5 7QU¬53.422313690185547¬-2.1565017700195312¬01W¬NHS Stockport CCG¬01614269191¬stoccg.southreddishmc-p88610@nhs.net¬http://www.southreddishmedicalcentre.co.uk¬0161 204 4009
24839¬P88615¬GP¬UNKNOWN¬Visible¬True¬True¬Dr Suvajit Chatterjee¬32 Brinnington Road¬Brinnington¬¬Stockport¬Greater Manchester¬SK1 2EX¬53.418403625488281¬-2.1427803039550781¬01W¬NHS Stockport CCG¬01614265484¬stoccg.vernonpark@nhs.net¬¬0161 426 5488
24840¬P88026006¬GP¬UNKNOWN¬Visible¬True¬True¬Adswood Road Surgery¬270 Adswood Road¬Adswood¬¬Stockport¬Greater Manchester¬SK3 8PN¬53.389469146728516¬-2.169898509979248¬01W¬NHS Stockport CCG¬01614269770¬adswoodreception@nhs.net¬http://www.adswoodsurgery.co.uk/¬0161 2045794
24841¬P88026005¬GP¬UNKNOWN¬Visible¬True¬True¬Bosden Moor Surgery¬Fulmar Drive¬Offerton¬¬Stockport¬Greater Manchester¬SK2 5JL¬53.391040802001953¬-2.1096832752227783¬01W¬NHS Stockport CCG¬01614833363¬¬¬
24843¬P88623¬GP¬UNKNOWN¬Visible¬True¬True¬Dr Robert Mathewson¬The Village Green¬High Lane¬¬Stockport¬Greater Manchester¬SK6 8DR¬53.364982604980469¬-2.0752785205841064¬01W¬NHS Stockport CCG¬01663762222¬pills@hlmc.co.uk¬www.hlmc.co.uk¬01663 766566
24845¬P88625¬GP¬UNKNOWN¬Visible¬True¬True¬Archwood Medical Practice¬1St Floor, Woodley Health Centre¬Woodley¬¬Stockport¬Greater Manchester¬SK6 1ND¬53.426292419433594¬-2.0996460914611816¬01W¬NHS Stockport CCG¬0161 983 5800¬stoccg.archwoodsurgery@nhs.net¬http://www.archwoodmp.co.uk¬
24847¬P88632001¬GP¬UNKNOWN¬Visible¬True¬True¬Stockport Medical Group (Delamere Practice)¬257 Dialstone Lane¬Great Moor¬¬Stockport¬Cheshire¬SK2 7NA¬53.387279510498047¬-2.129835844039917¬01W¬NHS Stockport CCG¬0161 983 5333¬¬http://www.stockportmedicalgroup.nhs.uk¬
24848¬P88632¬GP¬UNKNOWN¬Visible¬True¬True¬Stockport Medical Group (Edgeley)¬1-3 Avondale Road¬Edgeley¬¬Stockport¬Greater Manchester¬SK3 9NX¬53.403289794921875¬-2.1767520904541016¬01W¬NHS Stockport CCG¬0161 983 5333¬¬http://www.stockportmedicalgroup.nhs.uk¬
24849¬P88005001¬GP¬UNKNOWN¬Visible¬True¬True¬The Reddish Family Practices¬South Reddish Medical Centre¬Sandy Lane¬¬Stockport¬0¬SK5 7QU¬53.422313690185547¬-2.1565017700195312¬01W¬NHS Stockport CCG¬1614269797¬¬¬01614269814
24850¬P89002¬GP¬UNKNOWN¬Visible¬True¬True¬The Brooke Surgery¬20 Market Street¬¬¬Hyde¬Cheshire¬SK14 1AT¬53.452140808105469¬-2.0812003612518311¬01Y¬NHS Tameside And Glossop CCG¬01613683312¬¬http://www.brookesurgery.co.uk¬0161 3685670
24851¬P89003¬GP¬UNKNOWN¬Visible¬True¬True¬Albion Medical Practice¬1 Albion Street¬Ashton-Under-Lyne¬¬Ashton Under Lyne¬Lancashire¬OL6 6HF¬53.489608764648437¬-2.08846116065979¬01Y¬NHS Tameside And Glossop CCG¬0161 214 8710¬¬http://www.albionmedicalpractice.co.uk¬0161 214 8715
24852¬P89004¬GP¬UNKNOWN¬Visible¬True¬True¬Awburn House Medical Practice¬Awburn House¬Mottram Moor¬Mottram In Longdendale¬Hyde¬Cheshire¬SK14 6LA¬53.458106994628906¬-2.0109856128692627¬01Y¬NHS Tameside And Glossop CCG¬01457763263¬¬http://www.awburnhouse.co.uk/¬01457 766663
24853¬P89005¬GP¬UNKNOWN¬Visible¬True¬True¬Lockside Medical Centre¬85 Huddersfield Road¬¬¬Stalybridge¬Cheshire¬SK15 2PT¬53.484828948974609¬-2.0471782684326172¬01Y¬NHS Tameside And Glossop CCG¬01613037200¬¬¬0161 3049216
24854¬P89006001¬GP¬UNKNOWN¬Visible¬True¬True¬Pennine Medical Centre - Greenfield¬6-8 Chew Vale¬Greenfield¬¬Oldham¬Greater Manchester¬OL3 7EQ¬53.535671234130859¬-2.0070228576660156¬00Y¬NHS Oldham CCG¬01457872048¬¬http://www.penninemedicalcentre.nhs.uk/¬
24855¬P89006¬GP¬UNKNOWN¬Visible¬True¬True¬Pennine Medical Centre¬193 Manchester Road¬Mossley¬¬Ashton Under Lyne¬Greater Manchester¬OL5 9AJ¬53.515338897705078¬-2.0409507751464844¬00Y¬NHS Oldham CCG¬01457832590¬¬https://www.penninemedicalcentre.nhs.uk/¬
24856¬P89007¬GP¬UNKNOWN¬Visible¬True¬True¬Staveleigh Medical Centre¬King Street¬¬¬Stalybridge¬Cheshire¬SK15 2AE¬53.484573364257813¬-2.0582358837127686¬01Y¬NHS Tameside And Glossop CCG¬01613048009¬¬https://www.staveleighmedicalcentre.co.uk/¬0161 3037207
24857¬P89008¬GP¬UNKNOWN¬Visible¬True¬True¬Ashton Medical Group - Chapel House¬Chapel Street¬Chapel Street¬¬Ashton-Under-Lyne¬Lancashire¬OL6 6EW¬53.489509582519531¬-2.0887925624847412¬01Y¬NHS Tameside And Glossop CCG¬01613307747¬¬¬0161 330 9393
24858¬P89010¬GP¬UNKNOWN¬Visible¬True¬True¬Medlock Vale Medical Practice¬58 Ashton Road¬Droylsden¬¬Manchester¬Greater Manchester¬M43 7BW¬53.47906494140625¬-2.1424870491027832¬01Y¬NHS Tameside And Glossop CCG¬01613701610¬¬http://www.medlockvalemedicalpractice.co.uk¬0161 3014182
24859¬P89011¬GP¬UNKNOWN¬Visible¬True¬True¬Gordon Street Medical Centre¬171 Mossley Road¬Ashton-Under-Lyne¬¬Ashton Under Lyne¬Lancashire¬OL6 6NE¬53.492912292480469¬-2.0780377388000488¬01Y¬NHS Tameside And Glossop CCG¬01613305104¬gordon.street@nhs.net¬https://www.gtdhealthcare.co.uk/gordonstreetmedicalcentre¬
24860¬P89012¬GP¬UNKNOWN¬Visible¬True¬True¬Clarendon Medical Centre¬Clarendon Street¬¬¬Hyde¬Cheshire¬SK14 2AQ¬53.452644348144531¬-2.0799362659454346¬01Y¬NHS Tameside And Glossop CCG¬01613685224¬¬http://www.clarendonmc.co.uk¬0161 3666303
24861¬P89013¬GP¬UNKNOWN¬Visible¬True¬True¬Hattersley Group Practice¬Hattersley Health Centre¬Hattersley Road East¬Hattersley¬Hyde¬Cheshire¬SK14 3EH¬53.450233459472656¬-2.0274112224578857¬01Y¬NHS Tameside And Glossop CCG¬01613684161¬¬www.hattersleygrouppractice.co.uk¬0161 351 1989
24862¬P89014002¬GP¬UNKNOWN¬Visible¬True¬True¬Haughton Vale Surgery¬Haughton Vale Surgery¬Tatton Road Haughton Green¬Denton¬Manchester¬Greater Manchester¬M34 7PL¬53.443450927734375¬-2.1001682281494141¬01Y¬NHS Tameside And Glossop CCG¬01613363005¬¬http://www.htmc.co.uk/pages/pv.asp?p=htmc26¬
24863¬P89014¬GP¬UNKNOWN¬Visible¬True¬True¬Thornley House Medical Centre¬Haughton Thornley Med Centre¬Thornley Street¬¬Hyde¬Cheshire¬SK14 1JY¬53.446750640869141¬-2.0761008262634277¬01Y¬NHS Tameside And Glossop CCG¬01613677910¬¬http://www.htmc.co.uk/¬0161 3671799
24864¬P89015¬GP¬UNKNOWN¬Visible¬True¬True¬Millgate Healthcare Partnership ¬Millgate Healthcare Partnership¬Ann Street Denton¬¬Manchester¬Greater Manchester¬M34 2AJ¬53.455604553222656¬-2.1184487342834473¬01Y¬NHS Tameside And Glossop CCG¬01613362114¬¬https://www.millgatehealthcare.nhs.uk/¬0161 3378250
24865¬P89016¬GP¬UNKNOWN¬Visible¬True¬True¬Donneybrook Medical Centre¬Clarendon Street¬¬¬Hyde¬Cheshire¬SK14 2AH¬53.45263671875¬-2.0802223682403564¬01Y¬NHS Tameside And Glossop CCG¬01613683838¬¬http://www.donneybrookmedicalcentre.nhs.uk/¬
24867¬P89018¬GP¬UNKNOWN¬Visible¬True¬True¬Denton Medical Practice¬100 Ashton Road¬Denton¬¬Manchester¬Greater Manchester¬M34 3JE¬53.459915161132813¬-2.1154937744140625¬01Y¬NHS Tameside And Glossop CCG¬0161 320 8788¬suggestions.dentonmedical@nhs.net¬http://www.dentonmedical.co.uk¬
24868¬P89015002¬GP¬UNKNOWN¬Visible¬True¬True¬Millgate Healthcare Partnership ¬119 Manchester Road¬Denton¬¬Manchester¬Greater Manchester¬M34 3RA¬53.456066131591797¬-2.1204829216003418¬01Y¬NHS Tameside And Glossop CCG¬01613362114¬¬https://www.millgatehealthcare.nhs.uk/¬0161 3207045
24870¬P89021¬GP¬UNKNOWN¬Visible¬True¬True¬Dukinfield Medical Practice¬20-22 Concord Way¬¬¬Dukinfield¬Cheshire¬SK16 4DB¬53.476543426513672¬-2.0834014415740967¬01Y¬NHS Tameside And Glossop CCG¬01613436382¬¬http://dukinfieldmedicalpractice.co.uk¬0161 330 7326
24871¬P89022¬GP¬UNKNOWN¬Visible¬True¬True¬King Street Medical Centre¬96 - 98 King Street¬¬¬Dukinfield¬Cheshire¬SK16 4JZ¬53.478591918945313¬-2.0934405326843262¬01Y¬NHS Tameside And Glossop CCG¬01613301142¬¬http://www.kingstreetmedicalcentre.co.uk/¬0161 3306569
24872¬P89023¬GP¬UNKNOWN¬Visible¬True¬True¬St.Andrew's House Surgery¬St Andrew's House¬Stalybridge Resource Centre¬2 Waterloo Road¬Stalybridge¬Cheshire¬SK15 2AU¬53.484653472900391¬-2.0590798854827881¬01Y¬NHS Tameside And Glossop CCG¬01613383181¬¬http://www.standrewshousemedicalcentre.co.uk/¬0161 3031208
24873¬P89025¬GP¬UNKNOWN¬Visible¬True¬True¬Town Hall Surgery¬112 King Street¬¬¬Dukinfield¬Cheshire¬SK16 4LD¬53.478378295898438¬-2.0929579734802246¬01Y¬NHS Tameside And Glossop CCG¬01613302125¬¬http://www.townhallsurgery.co.uk/¬0161 3396899
24874¬P89026¬GP¬UNKNOWN¬Visible¬True¬True¬Grosvenor Medical Centre¬62 Grosvenor Street¬¬¬Stalybridge¬Cheshire¬SK15 1RZ¬53.481456756591797¬-2.0590906143188477¬01Y¬NHS Tameside And Glossop CCG¬01613034313¬¬http://www.grosvenormedicalcentrestalybridge.nhs.uk¬0161 3038377
24876¬P89029¬GP¬UNKNOWN¬Visible¬True¬True¬Market Street Medical Practice ¬76 Market Street¬Droylsden¬¬Manchester¬Greater Manchester¬M43 6DE¬53.478752136230469¬-2.1453537940979004¬01Y¬NHS Tameside And Glossop CCG¬01613716188¬tgccg.msmp@nhs.net¬http://tinyurl.com/marketstweb¬
24877¬P89030¬GP¬UNKNOWN¬Visible¬True¬False¬West End Medical Centre¬98-102 Stockport Road¬¬¬Ashton Under Lyne¬Lancashire¬OL7 0LH¬53.48077392578125¬-2.1074891090393066¬01Y¬NHS Tameside And Glossop CCG¬01613395488¬¬¬0161 3300945
24878¬P89008001¬GP¬UNKNOWN¬Visible¬True¬True¬Ashton Medical Group - Glebe House¬Glebe Street¬¬¬Ashton Under Lyne¬Lancashire¬OL6 6HD¬53.489364624023438¬-2.0891690254211426¬01Y¬NHS Tameside And Glossop CCG¬1613307747¬¬www.tamevalleymedcentre.co.uk¬0161 3307323
24879¬P89602¬GP¬UNKNOWN¬Visible¬True¬True¬The Smithy Surgery¬4 Market Street¬Hollingworth¬¬Hyde¬Cheshire¬SK14 8LN¬53.461822509765625¬-1.9944940805435181¬01Y¬NHS Tameside And Glossop CCG¬01457767123¬the.smithy@nhs.net¬https://www.smithysurgery-cheshire.nhs.uk¬01457 766429
24880¬P89020¬GP¬UNKNOWN¬Visible¬True¬True¬The Highlands Surgery¬156 Stockport Road¬Ashton-under-Lyne¬¬Lancashire¬Greater Manchester¬OL7 0NW¬53.478309631347656¬-2.1104812622070313¬01Y¬NHS Tameside And Glossop CCG¬0161 330 2440¬¬http://www.htpractice.co.uk¬
24881¬P89609¬GP¬UNKNOWN¬Visible¬True¬True¬Stamford House¬2 Princess Street¬¬¬Ashton Under Lyne¬Lancashire¬OL6 9QH¬53.493648529052734¬-2.0786268711090088¬01Y¬NHS Tameside And Glossop CCG¬01613440803¬¬http://www.stamfordhousemedicalcentre.co.uk¬0161 3398243
24882¬P89612¬GP¬UNKNOWN¬Visible¬True¬True¬Dr Christina Mary Greenhough¬187 Manchester Road¬Mossley¬¬Ashton Under Lyne¬Lancashire¬OL5 9AB¬53.5140380859375¬-2.0406177043914795¬01Y¬NHS Tameside And Glossop CCG¬01457833315¬¬¬01457 831043
24883¬P89613¬GP¬UNKNOWN¬Visible¬True¬True¬Dr Samir Sadik¬1 Dunkerley Street¬¬¬Ashton Under Lyne¬Lancashire¬OL7 9EJ¬53.498783111572266¬-2.1039016246795654¬01Y¬NHS Tameside And Glossop CCG¬01613307087¬¬¬0161 3082788
24885¬P89618¬GP¬UNKNOWN¬Visible¬True¬True¬Pike Medical Practice¬Mossley Health Centre¬Market Place¬¬Mossley¬Lancashire¬OL5 0HE¬53.517864227294922¬-2.045628547668457¬01Y¬NHS Tameside And Glossop CCG¬01457832561¬¬https://www.ssphealth.com/our-practices/the-pike-practice¬
24887¬P91003¬GP¬UNKNOWN¬Visible¬True¬True¬Park Medical Practice¬119 Park Road¬Timperley Altrincham¬¬Altrincham¬Cheshire¬WA15 6QQ¬53.401901245117188¬-2.3278279304504395¬02A¬NHS Trafford CCG¬01619733485¬¬¬0161 9733088
24888¬P91004¬GP¬UNKNOWN¬Visible¬True¬True¬ALTRINCHAM MEDICAL PRACTICE¬Lloyd House¬7 Lloyd Street¬¬Altrincham¬Cheshire¬WA14 2DD¬53.384513854980469¬-2.3515989780426025¬02A¬NHS Trafford CCG¬01619282424¬¬¬0161 929 8964
24891¬P91007¬GP¬UNKNOWN¬Visible¬True¬True¬Timperley Health Centre (Westwood)¬169 Grove Lane¬Timperley¬¬Altrincham¬Cheshire¬WA15 6PH¬53.397232055664063¬-2.3235509395599365¬02A¬NHS Trafford CCG¬01619803751¬¬http://www.timperleyhealthcentre.co.uk¬0161 904 9678
24892¬P91008¬GP¬UNKNOWN¬Visible¬False¬True¬Shay Lane Medical Centre (Kelman)¬Shay Lane¬Hale Barns Altrincham¬¬Altrincham¬Cheshire¬WA15 8NZ¬53.3721923828125¬-2.3155455589294434¬02A¬NHS Trafford CCG¬01619803835¬¬¬0161 9809215
24893¬P91009¬GP¬UNKNOWN¬Visible¬True¬True¬Davyhulme Medical Centre¬130 Broadway¬Davyhulme¬¬Manchester¬Greater Manchester¬M41 7WJ¬53.459487915039063¬-2.3667671680450439¬02A¬NHS Trafford CCG¬01617485559¬davyhulmemedicalcentre@nhs.net¬http://www.davyhulmemedicalcentre.co.uk/¬0161 747 1997
24895¬P91011¬GP¬UNKNOWN¬Visible¬True¬True¬Shay Lane Medical Centre (Patel)¬Shay Lane Medical Centre¬Shay Lane¬Hale Barns¬Altrincham¬Cheshire¬WA15 8NZ¬53.3721923828125¬-2.3155455589294434¬02A¬NHS Trafford CCG¬01619802656¬enquiries.patelpractice@nhs.net¬http://www.shaylanemedical.co.uk¬0161 980 9216
24896¬P91012¬GP¬UNKNOWN¬Visible¬True¬True¬Primrose Surgery¬59 Old Crofts Bank¬Urmston¬¬Manchester¬Greater Manchester¬M41 7AB¬53.456821441650391¬-2.3580410480499268¬02A¬NHS Trafford CCG¬01617472424¬¬http://primrosesurgery.co.uk/¬0161 749 9719
24897¬P91013¬GP¬UNKNOWN¬Visible¬True¬True¬Boundary House Medical Centre¬462 Northenden Road¬¬¬Sale¬Cheshire¬M33 2RH¬53.415637969970703¬-2.2889211177825928¬02A¬NHS Trafford CCG¬01619729999¬admin.boundaryhouse@nhs.net¬http://www.boundarysurgery.co.uk/¬0161 972 9995
24898¬P91014¬GP¬UNKNOWN¬Visible¬True¬True¬WASHWAY ROAD MEDICAL CENTRE¬67 Washway Road¬¬¬Sale¬Cheshire¬M33 7SS¬53.422504425048828¬-2.3282723426818848¬02A¬NHS Trafford CCG¬01619624354¬admin.wrmc@nhs.net¬http://www.wrmc.org.uk/¬0161 905 4706
24899¬P91016¬GP¬UNKNOWN¬Visible¬True¬True¬WEST TIMPERLEY MEDICAL CENTRE¬21 Dawson Road¬Broadheath¬¬Altrincham¬Cheshire¬WA14 5PF¬53.402702331542969¬-2.3531026840209961¬02A¬NHS Trafford CCG¬01619291515¬¬http://www.westtimperleymedicalcentre.co.uk/¬
24900¬P91017¬GP¬UNKNOWN¬Visible¬True¬True¬BODMIN ROAD HEALTH CENTRE¬Bodmin Road¬¬¬Sale¬Cheshire¬M33 5JH¬53.428127288818359¬-2.3517031669616699¬02A¬NHS Trafford CCG¬01619624625¬bodminroad.healthcentre@nhs.net¬www.bodminroadhealthcentre.co.uk¬0161 905 3317
24902¬P91019¬GP¬UNKNOWN¬Visible¬True¬True¬Partington Central Surgery¬Central Road¬Partington¬¬Manchester¬Greater Manchester¬M31 4FY¬53.416770935058594¬-2.4250025749206543¬02A¬NHS Trafford CCG¬01617757032¬partingtoncentral@nhs.net¬http://www.partingtoncentralsurgery.co.uk/¬0161 7778003
24903¬P91020¬GP¬UNKNOWN¬Visible¬True¬True¬Limelight Health and Well-being Hub¬1 St Bride's Way¬Old Trafford¬¬Manchester¬Lancashire¬M16 9NW¬53.461399078369141¬-2.2619554996490479¬02A¬NHS Trafford CCG¬01612267777¬brooksbar.enquiries@nhs.net¬http://www.limelighthealthhub.nhs.uk¬
24904¬P91021¬GP¬UNKNOWN¬Visible¬True¬True¬Firsway Health Centre¬121 Firsway¬¬¬Sale¬Cheshire¬M33 4BR¬53.421291351318359¬-2.3554537296295166¬02A¬NHS Trafford CCG¬01619050310¬trccg.firsway.enquiries@nhs.net¬http://www.firswayhealthcentre.co.uk/index.aspx¬0161 962 7440
24906¬P91026¬GP¬UNKNOWN¬Visible¬True¬True¬PARTINGTON FAMILY PRACTICE¬Health Centre,Central Rd¬Partington¬¬Manchester¬Greater Manchester¬M31 4FY¬53.416770935058594¬-2.4250025749206543¬02A¬NHS Trafford CCG¬01617757033¬¬http://drdeweeverandpartners.co.uk¬0161 775 8411
24908¬P91029¬GP¬UNKNOWN¬Visible¬True¬True¬Flixton Road Medical Centre¬132 Flixton Road¬Urmston¬¬Manchester¬Lancashire¬M41 5BG¬53.448253631591797¬-2.3626501560211182¬02A¬NHS Trafford CCG¬01617482021¬¬¬0161 747 8841
24910¬P91032¬GP¬UNKNOWN¬Visible¬True¬True¬Derbyshire Road South Surgery¬12 Derbyshire Road South¬¬¬Sale¬Cheshire¬M33 3JP¬53.416961669921875¬-2.3101296424865723¬02A¬NHS Trafford CCG¬01619733499¬¬http://www.drclaresurgery.co.uk/¬
24911¬P91035¬GP¬UNKNOWN¬Visible¬True¬True¬Conway Road Medical Practice¬Conway Road Health Centre 80A¬Conway Road¬¬Sale¬Cheshire¬M33 2TB¬53.417877197265625¬-2.3035459518432617¬02A¬NHS Trafford CCG¬01619731151¬trccg.conwayroadmp@nhs.net¬http://www.mysurgerywebsite.co.uk/index.aspx?p=p91035¬0161 976 4632
24914¬P91603¬GP¬UNKNOWN¬Visible¬True¬True¬Dr Bn Macdonald & Partners¬Barrington Medical Centre¬Altrincham Health & Wellbeing Centre¬33 Market Street¬Altrincham¬Cheshire¬WA14 1PF¬53.387439727783203¬-2.3526153564453125¬02A¬NHS Trafford CCG¬01619289621¬admin2.barringtonmc@nhs.net¬https://www.barringtonmedicalcentre.co.uk/¬0161 926 9317
24915¬P91604¬GP¬UNKNOWN¬Visible¬True¬True¬St. Johns Medical Centre¬St Johns Medical Centre¬Altrincham Health and Wellbeing Centre¬31-33 Market Street¬Altrincham¬Cheshire¬WA14 1PF¬53.387439727783203¬-2.3526153564453125¬02A¬NHS Trafford CCG¬0161 928 5522¬admin.stjohns@nhs.net¬http://www.stjohnsmedicalcentre.co.uk¬
24921¬P91018¬GP¬UNKNOWN¬Visible¬True¬True¬Delamere Medical Practice¬Delamere Avenue¬Stretford¬¬Manchester¬Greater Manchester¬M32 0DF¬53.450004577636719¬-2.3068070411682129¬02A¬NHS Trafford CCG¬01618640200¬delamere.practice@nhs.net¬http://www.delameremedicalpractice.nhs.uk¬0161 864 0233
24922¬P91617¬GP¬UNKNOWN¬Visible¬True¬True¬Family Surgery¬94 Navigation Road¬¬¬Altrincham¬Cheshire¬WA14 1LL¬53.396198272705078¬-2.3460407257080078¬02A¬NHS Trafford CCG¬01619299300¬drsahal.p91617@nhs.net¬¬
24923¬P91619¬GP¬UNKNOWN¬Visible¬True¬True¬Old Trafford Medical Practice¬Seymour Grove Health Centre¬70 Seymour Grove¬Old Trafford¬Manchester¬Greater Manchester¬M16 0LW¬53.458076477050781¬-2.2756400108337402¬02A¬NHS Trafford CCG¬01616477016¬trccg.admin.otmp@nhs.net¬http://www.oldtraffordsurgery.co.uk¬
24924¬P91623¬GP¬UNKNOWN¬Visible¬True¬True¬Village Surgery¬Timperley Health Centre¬169 Grove Lane¬¬Altrincham¬Cheshire¬WA15 6PH¬53.397232055664063¬-2.3235509395599365¬02A¬NHS Trafford CCG¬01619039010¬admin.thevillagesurgery@nhs.net¬http://www.thevillagesurgerytimperley.nhs.uk/¬0161 903 9771
24925¬P91625¬GP¬UNKNOWN¬Visible¬True¬True¬GLOUCESTER HOUSE MEDICAL CENTRE¬17 Station Road¬Urmston¬¬Manchester¬Greater Manchester¬M41 9JS¬53.447341918945313¬-2.3525846004486084¬02A¬NHS Trafford CCG¬01617487115¬trccg.admin.ghmc@nhs.net¬http://www.ghmc.co.uk¬0161 749 8032
24926¬P91627¬GP¬UNKNOWN¬Visible¬True¬True¬Lostock Medical Centre¬Lostock Med Cen And Pharmacy¬431 Barton Road¬Stretford¬Manchester¬Lancashire¬M32 9PA¬53.454582214355469¬-2.328113317489624¬02A¬NHS Trafford CCG¬01618651100¬¬http://www.lostockmedicalcentre.co.uk/¬0161 8657710
24927¬P91629¬GP¬UNKNOWN¬Visible¬True¬True¬North Trafford Group Practice¬864-866 Chester Road¬¬¬Stretford¬Manchester¬M32 0PA¬53.453887939453125¬-2.2994661331176758¬02A¬NHS Trafford CCG¬01618655556¬¬¬0161 8668688
24928¬P91629001¬GP¬UNKNOWN¬Visible¬True¬True¬North Trafford Group Practice¬Seymour Grove Health Centre¬70 Seymour Grove¬¬Manchester¬Greater Manchester¬M16 0LW¬53.458076477050781¬-2.2756400108337402¬02A¬NHS Trafford CCG¬01618655556¬¬¬0161 866 8688
24930¬P91631¬GP¬UNKNOWN¬Visible¬True¬True¬Riddings Family Health Centre¬34 Riddings Road¬Timperley Altrincham¬¬Altrincham¬Cheshire¬WA15 6BP¬53.404426574707031¬-2.3312768936157227¬02A¬NHS Trafford CCG¬0161 962 9662¬riddings.familyhc@nhs.net¬¬0161 615 4665
24932¬P91633¬GP¬UNKNOWN¬Visible¬True¬True¬Grove Medical Practice¬169 Grove Lane¬Timperley¬¬Altrincham¬Cheshire¬WA15 6PH¬53.397232055664063¬-2.3235509395599365¬02A¬NHS Trafford CCG¬01619039302¬admingrovemedical@nhs.net¬http://www.grovemed.co.uk/¬0161 903 9939
24933¬P92001¬GP¬UNKNOWN¬Visible¬True¬True¬Medicentre¬Ashton Health Centre¬Council Avenue¬¬Wigan¬Greater Manchester¬WN4 9AZ¬53.487533569335938¬-2.6392495632171631¬02H¬NHS Wigan Borough CCG¬01942483755¬¬http://www.themedicentre.co.uk/¬
24934¬P92002¬GP¬UNKNOWN¬Visible¬True¬True¬Braithwaite Road Surgery ¬36 Braithwaite Road¬Lowton¬¬Warrington¬Cheshire¬WA3 2HY¬53.4774169921875¬-2.5749707221984863¬02H¬NHS Wigan Borough CCG¬01942718221¬braithwaiteroadsurgery@nhs.net¬https://www.ssphealth.com/our-practices/braithwaite-road-surgery¬01942 728 834
24935¬P92003¬GP¬UNKNOWN¬Visible¬True¬True¬The Dicconson Group Practice¬Boston House¬Frog Lane¬¬Wigan¬Greater Manchester¬WN6 7LB¬53.549472808837891¬-2.6448767185211182¬02H¬NHS Wigan Borough CCG¬01942482000¬¬http://www.thedicconsongrouppracticewigan.nhs.uk¬01942 482040
24936¬P92004¬GP¬UNKNOWN¬Visible¬True¬True¬Dr Tun & Partners¬17 Liverpool Road¬Hindley¬¬Wigan¬Greater Manchester¬WN2 3HQ¬53.5321044921875¬-2.5835566520690918¬02H¬NHS Wigan Borough CCG¬01942482505¬¬http://hindleyhealthcentre.co.uk¬01942 482513
24938¬P92005¬GP¬UNKNOWN¬Visible¬True¬True¬Dr Saira Zaman¬Poolstock Lane¬¬¬Wigan¬Greater Manchester¬WN3 5HL¬53.529396057128906¬-2.6437571048736572¬02H¬NHS Wigan Borough CCG¬01942481423¬¬¬01942 481437
24939¬P92006¬GP¬UNKNOWN¬Visible¬True¬True¬Alexander House Surgery¬Rivington Avenue¬Platt Bridge¬¬Wigan¬Greater Manchester¬WN2 5NG¬53.522285461425781¬-2.5959105491638184¬02H¬NHS Wigan Borough CCG¬01942482330¬gp-p92006@nhs.net¬http://www.alexanderhousesurgery.nhs.uk/¬01942 482347
24940¬P92007¬GP¬UNKNOWN¬Visible¬True¬True¬Old Henry Street Medical Centre¬Old Henry Street Medical Centre¬Henry Street¬¬Leigh¬Lancashire¬WN7 2PG¬53.494819641113281¬-2.5115358829498291¬02H¬NHS Wigan Borough CCG¬01942605506¬gp-p92007@nhs.net¬https://www.oldhenrystreet.co.uk¬
24941¬P92008¬GP¬UNKNOWN¬Visible¬True¬True¬Bradshaw Medical Centre¬Bradshaw Street¬¬¬Wigan¬Greater Manchester¬WN5 0AB¬53.537895202636719¬-2.6885793209075928¬02H¬NHS Wigan Borough CCG¬01942483900¬¬http://www.bradshawmedicalcentre.nhs.uk¬
24942¬P92010¬GP¬UNKNOWN¬Visible¬True¬True¬Beech Hill Medical Practice¬278 Gidlow Lane¬¬¬Wigan¬Greater Manchester¬WN6 7PD¬53.555660247802734¬-2.6443369388580322¬02H¬NHS Wigan Borough CCG¬01942821899¬¬http://www.beechhillmedical.co.uk¬01942 821752
24943¬P92011¬GP¬UNKNOWN¬Visible¬True¬True¬Sullivan Way Surgery¬Sullivan Way, Off Greenhough Street¬Scholes¬¬Wigan¬Greater Manchester¬WN1 3TB¬53.549160003662109¬-2.6225194931030273¬02H¬NHS Wigan Borough CCG¬01942243649¬elaine.sharples@gp-p92011.nhs.uk¬https://www.sullivanwaysurgery.co.uk¬01942 826476
24944¬P92012¬GP¬UNKNOWN¬Visible¬True¬True¬High Street Medical Centre¬High Street Medical Centre¬Kidglove Road¬Golborne¬Warrington¬Lancashire¬WA3 3GS¬53.479869842529297¬-2.5954816341400146¬02H¬NHS Wigan Borough CCG¬01942481600¬gp-p92012@nhs.net¬https://highstreetmedicalcentre.co.uk/¬
24945¬P92014¬GP¬UNKNOWN¬Visible¬True¬True¬Standish Medical Practice¬49 High Street¬Standish¬¬Wigan¬Lancashire¬WN6 0HD¬53.584556579589844¬-2.6606523990631104¬02H¬NHS Wigan Borough CCG¬01257421909¬gp-p92014@nhs.net¬http://www.standishmedicalpractice.nhs.uk¬01257 424259
24946¬P92015¬GP¬UNKNOWN¬Visible¬True¬True¬Aspull Surgery¬Haigh Road¬Aspull¬¬Wigan¬Greater Manchester¬WN2 1XH¬53.569602966308594¬-2.5860209465026855¬02H¬NHS Wigan Borough CCG¬01942831263¬¬http://www.aspullsurgery.co.uk¬01942 832065
24947¬P92016¬GP¬UNKNOWN¬Visible¬True¬True¬Pennygate Medical Centre¬109 Ladies Lane¬Hindley¬¬Wigan¬Greater Manchester¬WN2 2QG¬53.540008544921875¬-2.5762565135955811¬02H¬NHS Wigan Borough CCG¬01942807500¬pcontact.p92016@nhs.net¬http://www.pennygatemedical.org.uk¬
24948¬P92017¬GP¬UNKNOWN¬Visible¬True¬True¬Shevington Surgery¬Shevington Surgery¬Houghton Lane¬Shevington¬Wigan¬Greater Manchester¬WN6 8ET¬53.574047088623047¬-2.6994056701660156¬02H¬NHS Wigan Borough CCG¬01942483777¬¬http://www.shevington-surgery.co.uk¬01942 483770
24949¬P92019¬GP¬UNKNOWN¬Visible¬True¬True¬Pemberton Surgery¬Sherwood Drive¬Pemberton¬¬Wigan¬Greater Manchester¬WN5 9QX¬53.538246154785156¬-2.6698141098022461¬02H¬NHS Wigan Borough CCG¬01942 367199¬gp-p92019@nhs.net¬http://www.pembertonsurgery.co.uk¬01942 221980
24950¬P92020¬GP¬UNKNOWN¬Visible¬True¬True¬Sivakumar & Partner¬1 Coldalhurst Lane¬Astley¬Tyldesley¬Manchester¬Greater Manchester¬M29 7BS¬53.500106811523438¬-2.4555795192718506¬02H¬NHS Wigan Borough CCG¬01942878711¬gp-p92020@nhs.net¬http://www.thesurgeryastley.co.uk¬01942 878714
24951¬P92021¬GP¬UNKNOWN¬Visible¬True¬True¬Newtown Medical Practice¬Pemberton Primary Care Resource Centre¬Sherwood Drive¬Pemberton¬Wigan¬Greater Manchester¬WN5 9QX¬53.538467407226563¬-2.6696820259094238¬02H¬NHS Wigan Borough CCG¬01942481900¬¬¬01942 481927
24952¬P92023¬GP¬UNKNOWN¬Visible¬True¬True¬Brookmill Medical Centre¬College Street¬¬¬Leigh¬Lancashire¬WN7 2RB¬53.496444702148438¬-2.5095655918121338¬02H¬NHS Wigan Borough CCG¬01942681880¬¬http://www.brookmillmedical.co.uk/¬01942 262578
24953¬P92024¬GP¬UNKNOWN¬Visible¬True¬True¬The Chandler Surgery¬Chandler House¬Poolstock Lane¬¬Wigan¬Greater Manchester¬WN3 5HL¬53.529396057128906¬-2.6437571048736572¬02H¬NHS Wigan Borough CCG¬01942481440¬¬http://www.chandlersurgery.nhs.uk/¬
24954¬P92026¬GP¬UNKNOWN¬Visible¬True¬True¬Longshoot Health Centre¬Longshoot H C¬Scholes¬¬Wigan¬Greater Manchester¬WN1 3NH¬53.549674987792969¬-2.6201121807098389¬02H¬NHS Wigan Borough CCG¬01942244414¬¬http://www.longshootmedicalpractice.co.uk¬01942 826612
24956¬P92028¬GP¬UNKNOWN¬Visible¬True¬True¬Elliott Street Surgery¬145 Elliott Street¬Tyldesley¬¬Manchester¬Greater Manchester¬M29 8FL¬53.514163970947266¬-2.4693026542663574¬02H¬NHS Wigan Borough CCG¬01942483555¬¬http://www.elliottstreetsurgery.co.uk¬01942 483538
24957¬P92029¬GP¬UNKNOWN¬Visible¬True¬True¬Abram Surgery¬429-431  Warrington Road¬Abram¬¬Wigan¬Lancashire¬WN2 5XB¬53.506546020507813¬-2.5922973155975342¬02H¬NHS Wigan Borough CCG¬01942483950¬gp-p92029@nhs.net¬http://westleighmedicalcentre.co.uk¬01942 866198
24958¬P92029001¬GP¬UNKNOWN¬Visible¬True¬True¬Westleigh Medical Centre¬4- 12 Westleigh Lane¬Westleigh¬¬Leigh¬Lancashire¬WN7 5JE¬53.510856628417969¬-2.5260088443756104¬02H¬NHS Wigan Borough CCG¬01942483960¬gp-p92029@nhs.net¬http://www.westleighmedicalcentre.co.uk¬01942 261747
24959¬P92030¬GP¬UNKNOWN¬Visible¬True¬True¬Dr Jd Seabrook And Dr H L Chambers¬1 Wrightington Street¬¬¬Wigan¬Greater Manchester¬WN1 2AZ¬53.551433563232422¬-2.6324846744537354¬02H¬NHS Wigan Borough CCG¬01942231965¬joyce.lewis@gp-p92030.nhs.uk¬¬01942 826427
24960¬P92031¬GP¬UNKNOWN¬Visible¬True¬True¬Platt House Surgery¬Rivington Avenue¬Platt Bridge¬¬Wigan¬Greater Manchester¬WN2 5NG¬53.522285461425781¬-2.5959105491638184¬02H¬NHS Wigan Borough CCG¬01942482370¬gp-p92031@nhs.net¬http://www.platthousesurgery.nhs.uk¬01942 482381
24961¬P92033¬GP¬UNKNOWN¬Visible¬True¬True¬Dr C P Khatri & Partners¬High Street¬Tyldesley¬¬Manchester¬Lancashire¬M29 8AL¬53.514614105224609¬-2.4696695804595947¬02H¬NHS Wigan Borough CCG¬01942882950¬gp-p92033@nhs.net¬https://www.thesurgerytyldesley.co.uk¬01942 886611
24962¬P92034¬GP¬UNKNOWN¬Visible¬True¬True¬Bryn Cross Surgery¬246 Wigan Road¬Ashton-In-Makerfield¬¬Wigan¬Lancashire¬WN4 0AR¬53.500900268554688¬-2.647425651550293¬02H¬NHS Wigan Borough CCG¬01942727270¬¬http://www.bryncrosssurgery.co.uk¬01942 272197
24963¬P92035¬GP¬UNKNOWN¬Visible¬True¬True¬Lilford Park Surgery¬Leigh Health Centre¬The Avenue¬¬Leigh¬Lancashire¬WN7 1HR¬53.503223419189453¬-2.5114409923553467¬02H¬NHS Wigan Borough CCG¬01942483438¬¬¬01942 483451
24964¬P92038¬GP¬UNKNOWN¬Visible¬True¬True¬Winstanley Medical Centre¬Holmes House Avenue¬¬¬Wigan¬Greater Manchester¬WN3 6JN¬53.521293640136719¬-2.6689434051513672¬02H¬NHS Wigan Borough CCG¬01942483213¬¬http://www.winstanleymedicalcentre.nhs.uk/¬02071986732
24965¬P92041¬GP¬UNKNOWN¬Visible¬True¬True¬Ashton Medical Centre¬120 Wigan Road¬Ashton In Makerfield¬¬Wigan¬Lancashire¬WN4 9SU¬53.494796752929688¬-2.6428408622741699¬02H¬NHS Wigan Borough CCG¬01942727325¬ashtonmedicalcentre@nhs.net¬www.ssphealth.com¬01942 709081
24966¬P92041001¬GP¬UNKNOWN¬Visible¬True¬True¬Dr Pitalia & Partners¬91 Bolton Road¬Ashton-In-Makerfield¬¬Wigan¬Lancashire¬WN4 8AD¬53.490470886230469¬-2.6331443786621094¬02H¬NHS Wigan Borough CCG¬01942727316¬ashtonmedicalcentre@nhs.net¬www.ssphealth.com¬01942 709081
24967¬P92042¬GP¬UNKNOWN¬Visible¬True¬True¬Seven Brooks Medical Centre¬21 Church Street¬Atherton¬¬Manchester¬Lancashire¬M46 9DE¬53.524188995361328¬-2.4890074729919434¬02H¬NHS Wigan Borough CCG¬01942483930¬¬¬
24968¬P92602¬GP¬UNKNOWN¬Visible¬True¬True¬Foxleigh Family Surgery¬The Bridgewater Medical Centre¬Henry Street¬¬Leigh¬Lancashire¬WN7 2PE¬53.493522644042969¬-2.5119121074676514¬02H¬NHS Wigan Borough CCG¬01942481800¬foxleigh@gp-p92602.nhs.uk¬http://www.foxleighsurgery.nhs.uk/¬01942 481813
24971¬P92605¬GP¬UNKNOWN¬Visible¬True¬True¬Boothstown Medical Centre ¬239 Mosley Common Road¬Boothstown¬Worsley¬Manchester¬Lancashire¬M28 1BZ¬53.504776000976562¬-2.4229578971862793¬02H¬NHS Wigan Borough CCG¬01942483828¬¬http://www.boothstownmedicalcentre.co.uk¬0161 7995046
24973¬P92607¬GP¬UNKNOWN¬Visible¬True¬True¬Grasmere Surgery¬Leigh Health Centre¬The Avenue¬¬Leigh¬Lancashire¬WN7 1HR¬53.503223419189453¬-2.5114409923553467¬02H¬NHS Wigan Borough CCG¬01942483330¬¬¬01942 483351
24974¬P92615¬GP¬UNKNOWN¬Visible¬True¬True¬Esa Surgery Ltd¬Leigh Health Centre¬The Avenue¬¬Leigh¬Lancashire¬WN7 1HR¬53.503223419189453¬-2.5114409923553467¬02H¬NHS Wigan Borough CCG¬01942483488¬¬http://www.theavenuesurgery.com¬01942 481179
24975¬P92616¬GP¬UNKNOWN¬Visible¬True¬True¬Higher Ince Surgery¬c/o Ince Community Centre¬Manchester Road¬Ince¬Wigan¬Lancashire¬WN2 2DJ¬53.543365478515625¬-2.6039936542510986¬02H¬NHS Wigan Borough CCG¬01942483150¬¬www.ssphealth.com¬01942 483163
24977¬P92620¬GP¬UNKNOWN¬Visible¬True¬True¬Lower Ince Surgery¬Phoenix Way¬Ince¬¬Wigan¬Lancashire¬WN3 4NW¬53.534927368164063¬-2.6145706176757812¬02H¬NHS Wigan Borough CCG¬01942481140¬gp-p92620@nhs.net¬https://www.ssphealth.com/¬01942 481146
24978¬P92621¬GP¬UNKNOWN¬Visible¬True¬True¬Premier Health Team¬Bridgewater Medical Centre¬Henry Street¬¬Leigh¬Lancashire¬WN7 2PE¬53.493522644042969¬-2.5119121074676514¬02H¬NHS Wigan Borough CCG¬01942481851¬gp-p92621@nhs.net¬http://premierhealthteam.org¬01942 481864
24979¬P92623¬GP¬UNKNOWN¬Visible¬True¬True¬Dr Khaing Surgery¬The Avenue¬¬¬Leigh¬Lancashire¬WN7 1HR¬53.503223419189453¬-2.5114409923553467¬02H¬NHS Wigan Borough CCG¬01942483488¬¬http://www.theavenuesurgery.com¬01942 481179
24980¬P92626¬GP¬UNKNOWN¬Visible¬True¬True¬Meadowview Surgery¬Nelson Street¬Atherton¬¬Manchester¬Lancashire¬M46 0LE¬53.527492523193359¬-2.5007967948913574¬02H¬NHS Wigan Borough CCG¬01942481060¬¬¬01942 481079
24981¬P92630¬GP¬UNKNOWN¬Visible¬True¬True¬Dr D Pal¬Kidglove Health Centre¬Kidglove Road¬Golborne¬Warrington¬Cheshire¬WA3 3GS¬53.479869842529297¬-2.5954816341400146¬02H¬NHS Wigan Borough CCG¬01942481620¬¬http://www.drpalashton-golborne.co.uk/¬01942 481634
24983¬P92633¬GP¬UNKNOWN¬Visible¬True¬True¬Dr Adeyinka Adejumo¬Bee Fold Lane¬Atherton¬¬Manchester¬Greater Manchester¬M46 0BD¬53.521377563476562¬-2.499744176864624¬02H¬NHS Wigan Borough CCG¬01942876011¬¬https://www.ssphealth.com/our-practices/beefold-medical-centre¬01942 873905
24984¬P92634¬GP¬UNKNOWN¬Visible¬True¬True¬Mesnes View Surgery¬Mesnes Street¬¬¬Wigan¬Greater Manchester¬WN1 1ST¬53.550811767578125¬-2.6330337524414062¬02H¬NHS Wigan Borough CCG¬01942242350¬wbccg.prescriptions.p92634@nhs.net¬http://mesnesviewsurgery.co.uk¬
24985¬P92635¬GP¬UNKNOWN¬Visible¬True¬True¬Dr Vasanth and Partner¬Atherton¬¬¬Manchester¬Lancashire¬M46 0LE¬53.527492523193359¬-2.5007967948913574¬02H¬NHS Wigan Borough CCG¬01942481040¬gp-p92635@nhs.net¬http://www.drvasanth.com¬
24986¬P92637¬GP¬UNKNOWN¬Visible¬True¬True¬Astley General Practice¬391A Manchester Road¬Astley¬Tyldesley¬Manchester¬Lancashire¬M29 7BY¬53.500419616699219¬-2.4582512378692627¬02H¬NHS Wigan Borough CCG¬01942876339¬gp-p92637@nhs.net¬https://www.ssphealth.com/our-practices/astley-general-practice¬01942 889914
24988¬P92639¬GP¬UNKNOWN¬Visible¬True¬True¬Family Medical Practice¬FAMILY MEDICAL PRACTICE¬Kidglove House¬Kidglove Road¬Golborne¬¬WA3 3GS¬53.478549957275391¬-2.5959534645080566¬02H¬NHS Wigan Borough CCG¬01942481638¬¬http://www.familymedical.gpsurgery.net/¬
24989¬P92642¬GP¬UNKNOWN¬Visible¬True¬True¬Marus Bridge Practice¬Poolstock Lane¬¬¬Wigan¬Greater Manchester¬WN3 5HL¬53.529396057128906¬-2.6437571048736572¬02H¬NHS Wigan Borough CCG¬01942481500¬¬http://www.marusbridgepractice.nhs.uk/¬01942 481521
24991¬P92646¬GP¬UNKNOWN¬Visible¬True¬True¬Dr Vardhans Surgery¬10 Higher Green Lane¬Astley¬Tyldesley¬Manchester¬Lancashire¬M29 7HG¬53.500774383544922¬-2.4478981494903564¬02H¬NHS Wigan Borough CCG¬01942883794¬gp-p92646@nhs.net¬http://www.drvardhansurgery.co.uk¬
24992¬P92647¬GP¬UNKNOWN¬Visible¬True¬True¬Hawkley Brook Medical Practice¬Poolstock Lane¬¬¬Wigan¬Greater Manchester¬WN3 5HL¬53.529396057128906¬-2.6437571048736572¬02H¬NHS Wigan Borough CCG¬01942481400¬gp-p92647@nhs.net¬http://www.hawkleybrookmedicalpractice.nhs.uk/¬
24993¬P92648¬GP¬UNKNOWN¬Visible¬True¬True¬Slag Lane Medical Centre¬216 Slag Lane¬Lowton¬¬Warrington¬Cheshire¬WA3 2EZ¬53.478572845458984¬-2.5756192207336426¬02H¬NHS Wigan Borough CCG¬01942 807600¬gp-p92648@nhs.net¬http://www.slaglanemedicalcentre.nhs.uk/¬
24996¬P92651¬GP¬UNKNOWN¬Visible¬True¬True¬Lowton Surgery¬208C Newton Road¬Lowton¬¬Warrington¬Cheshire¬WA3 2AQ¬53.471946716308594¬-2.5610365867614746¬02H¬NHS Wigan Borough CCG¬01942605135¬gp-p92651@nhs.net¬https://www.ssphealth.com/¬
24997¬P92651001¬GP¬UNKNOWN¬Visible¬True¬True¬Platt Bridge Medical Centre¬647 Liverpool Road¬Platt Bridge¬¬Wigan¬Lancashire¬WN2 5BD¬53.521823883056641¬-2.5963113307952881¬02H¬NHS Wigan Borough CCG¬01942862738¬gp-p92651@nhs.net¬¬01942 865171
24998¬P92652¬GP¬UNKNOWN¬Visible¬True¬True¬Seven Brooks Practice¬21 Church Street¬¬¬Manchester¬Greater Manchester¬M46 9DE¬53.524234771728516¬-2.4894943237304687¬02H¬NHS Wigan Borough CCG¬01942483250¬¬http://www.7brookspractice.co.uk¬01942 483258
24999¬P92653¬GP¬UNKNOWN¬Visible¬True¬True¬Shakespeare Surgery¬Chandler House¬Worsley Mesnes Health Centre¬Poolstock Lane¬Wigan¬Greater Manchester¬WN3 5HL¬53.529396057128906¬-2.6437571048736572¬02H¬NHS Wigan Borough CCG¬01942481531¬¬¬01942 481543
44352¬Y00020¬GP¬UNKNOWN¬Visible¬True¬True¬The Grantham Practice¬Grantham Road¬Stockwell¬¬London¬Greater London¬SW9 9DL¬51.469490051269531¬-0.123531773686409¬72Q¬NHS South East London CCG¬02077336191¬contact@thegp.london¬http://www.thegp.london¬
44353¬B86104001¬GP¬UNKNOWN¬Visible¬True¬True¬Cottingley GP Surgery¬115 Cottingley Approach¬¬¬Leeds¬West Yorkshire¬LS11 0HJ¬53.768424987792969¬-1.5814213752746582¬15F¬NHS Leeds CCG¬01132954388¬¬Http://www.cottingleygpsurgery.co.uk¬0113 2953571
44354¬Y00026¬GP¬UNKNOWN¬Visible¬True¬True¬The Om Surgery¬112 Watnall Road¬Hucknall¬¬Nottingham¬Nottinghamshire¬NG15 7JP¬53.034980773925781¬-1.2056857347488403¬52R¬NHS Nottingham And Nottinghamshire CCG¬01159632184¬¬¬0115 9556311
44357¬Y00033¬GP¬UNKNOWN¬Visible¬True¬True¬Vh Doctors Ltd - Purfleet Care Centre¬Tank Hill Road¬¬¬Purfleet¬Essex¬RM19 1SX¬51.489742279052734¬0.23542243242263794¬07G¬NHS Thurrock CCG¬01708864834¬¬http://purfleetcarecentre.nhs.uk¬01708 862577
44360¬Y00050¬GP¬UNKNOWN¬Visible¬True¬True¬Pennington Park Surgery¬Pennington Park Surgery¬Bridgewater Medical Centre¬Henry Street¬Leigh¬Lancashire¬WN7 2PE¬53.493522644042969¬-2.5119121074676514¬02H¬NHS Wigan Borough CCG¬01942481815¬gp-y00050@nhs.net¬https://www.penningtonparksurgery.co.uk¬01942 481829
44361¬L84050002¬GP¬UNKNOWN¬Visible¬True¬True¬Kingsway Health Centre¬Rudloe Drive Kingsway¬Quedgeley¬¬Gloucester¬Gloucestershire¬GL2 2FY¬51.818824768066406¬-2.2676622867584229¬11M¬NHS Gloucestershire CCG¬01452 543000¬¬https://www.rosebankhealth.nhs.uk/¬01452 423446
44362¬Y00056¬GP¬UNKNOWN¬Visible¬True¬True¬Cambridge Access Surgery¬125 Newmarket Road¬Cambridge¬¬Cambridge¬Cambridgeshire¬CB5 8HB¬52.208736419677734¬0.13868756592273712¬06H¬NHS Cambridgeshire And Peterborough CCG¬01223358961¬capccg.casgroupmailbox@nhs.net¬http://www.mhcambridgeaccess.co.uk/¬01223 358905
44363¬Y00057¬GP¬UNKNOWN¬Visible¬True¬True¬Angel Surgery¬88-90 Silver Point¬Fore Street¬Edmonton¬London¬Greater London¬N18 2FF¬51.611095428466797¬-6.4937151968479156E-2¬93C¬NHS North Central London CCG¬02088877555¬¬http://www.angelsurgeryn18.nhs.uk¬020 8887 7554
44364¬Y00058¬GP¬UNKNOWN¬Visible¬True¬True¬Carfax Medical Centre¬Swindon NHS Health Centre¬1 Islington Street¬¬Swindon¬¬SN1 2DQ¬51.562301635742188¬-1.7815879583358765¬92G¬NHS Bath And North East Somerset, Swindon And Wiltshire CCG¬01793541655¬carfaxmedicalcentre@nhs.net¬¬
44365¬Y00060¬GP¬UNKNOWN¬Visible¬True¬False¬The Anchor Centre¬Simon House¬Bird Sreet¬¬Coventry¬West Midlands¬CV1 5FX¬52.412338256835937¬-1.5066291093826294¬05A¬NHS Coventry And Rugby CCG¬02476527040¬¬¬
44368¬Y00078¬GP¬UNKNOWN¬Visible¬True¬True¬Winshill Medical Centre¬Melbourne Avenue¬Winshill¬¬Burton On Trent¬Staffordshire¬DE15 0EP¬52.805915832519531¬-1.5952275991439819¬05D¬NHS East Staffordshire CCG¬01283741920¬¬http://www.winshillmedicalcentre.co.uk/¬
44370¬Y00080¬GP¬UNKNOWN¬Visible¬True¬True¬Harbour Medical Practice¬1 Pacific Drive¬Sovereign Harbour North¬¬Eastbourne¬East Sussex¬BN23 6DW¬50.798652648925781¬0.3283025324344635¬97R¬NHS East Sussex CCG¬01323470370¬¬¬01323 471714
44371¬Y00090¬GP¬UNKNOWN¬Visible¬True¬True¬The Doctors House¬40 Cameron Road¬Seven Kings¬¬Ilford¬Essex¬IG3 8LF¬51.565387725830078¬9.4205006957054138E-2¬08N¬NHS Redbridge CCG¬02089838211¬¬¬020 8983 8070
44374¬Y00110¬GP¬UNKNOWN¬Visible¬True¬True¬WEST SPEKE HEALTH CENTRE ¬West Speke Health Centre¬Blacklock Hall Road¬Speke¬Liverpool¬Merseyside¬L24 3TY¬53.344799041748047¬-2.8554375171661377¬99A¬NHS Liverpool CCG¬01512341610¬gp.y00110@nhs.net¬http://www.westspekehealthcentre.nhs.uk/¬0151 234 1620
44375¬Y00137¬GP¬UNKNOWN¬Visible¬True¬True¬The Willows Medical Centre¬184 Coleman Road¬¬¬Leicester¬Leicestershire¬LE5 4LJ¬52.634773254394531¬-1.0871652364730835¬04C¬NHS Leicester City CCG¬01162461311¬thewillows@nhs.net¬http://www.willowsmedicalcentre.com¬
44376¬Y00140¬GP¬UNKNOWN¬Visible¬True¬True¬Torcross Medical Centre¬40 Torcross Avenue¬¬¬Coventry¬West Midlands¬CV2 3NF¬52.419532775878906¬-1.4698915481567383¬05A¬NHS Coventry And Rugby CCG¬02476455943¬¬¬024 7644 9735
44378¬Y00155¬GP¬UNKNOWN¬Visible¬True¬True¬Grove Surgery¬200-202 Chadwell Heath Lane¬Chadwell Heath¬¬Romford¬Essex¬RM6 4YU¬51.576473236083984¬0.12255478650331497¬08N¬NHS Redbridge CCG¬02085487520¬¬http://www.grovesurgerychadwellheathlane.co.uk¬020 8598 2350
44379¬Y00159¬GP¬UNKNOWN¬Visible¬True¬True¬Hall Green Health¬979 Stratford Road¬Hall Green¬¬Birmingham¬West Midlands¬B28 8BG¬52.440933227539062¬-1.8496973514556885¬15E¬NHS Birmingham And Solihull CCG¬01217773500¬none¬www.hallgreenhealth.co.uk¬0121 325 5519
44380¬Y00182¬GP¬UNKNOWN¬Visible¬True¬True¬Rainbow Health Centre¬Brigstock Primary Care Centre¬141 Brigstock Road¬Thornton Heath¬London¬Greater London¬CR7 7JN¬51.395046234130859¬-0.1093154102563858¬36L¬NHS South West London CCG¬020 8274 6070¬¬¬
44382¬Y00184¬GP¬UNKNOWN¬Visible¬True¬True¬Dilston Medical Centre¬23 Dilston Road¬¬¬Newcastle Upon Tyne¬Tyne And Wear¬NE4 5AB¬54.97662353515625¬-1.6403398513793945¬13T¬NHS Newcastle Gateshead CCG¬01912196975¬dilstonmedicalcentre@nhs.net¬http://www.dilstonmedical.nhs.uk/¬0191 219 6983
44383¬Y00185¬GP¬UNKNOWN¬Visible¬True¬True¬Cathedral Medical Centre¬Princess Of Wales Hospital¬Lynn Road¬¬Ely¬Cambridgeshire¬CB6 1DN¬52.413127899169922¬0.2754795253276825¬06H¬NHS Cambridgeshire And Peterborough CCG¬01353669923¬¬http://www.cathedralmedicalcentre.com/¬01353 652114
44384¬Y00186¬GP¬UNKNOWN¬Visible¬True¬True¬3D Medical Centre¬200-202 Deane Road¬¬¬Bolton¬Lancashire¬BL3 5DP¬53.573047637939453¬-2.4439957141876221¬00T¬NHS Bolton CCG¬01204463246¬ssp-3d.medical@nhs.net¬https://www.ssphealth.com/¬
44385¬L85022001¬GP¬UNKNOWN¬Visible¬True¬True¬Abbey Manor Medical Practice¬Abbey Manor Park¬¬¬Yeovil¬Somerset¬BA21 3TL¬50.94989013671875¬-2.6645054817199707¬11X¬NHS Somerset CCG¬01935404820¬somccg.abbeymanormp-contact@nhs.net¬https://www.diamondhealthgroup.nhs.uk/¬01935 470 202
44386¬G82100¬GP¬UNKNOWN¬Visible¬True¬True¬Highparks Medical Practice¬Cliffe Woods¬¬¬Rochester¬Kent¬ME3 8HX¬51.434211730957031¬0.49674758315086365¬91Q¬NHS Kent And Medway CCG¬01634221410¬¬http://www.theparksmedicalpracticemedway.co.uk¬01634 222309
44387¬G82100003¬GP¬UNKNOWN¬Visible¬True¬True¬Highparks Medical Practice¬Miller Way¬Wainscott¬¬Rochester¬Kent¬ME2 4LP¬51.409015655517578¬0.50712329149246216¬91Q¬NHS Kent And Medway CCG¬01634717450¬¬¬01634 716300
44388¬Y00200¬GP¬UNKNOWN¬Visible¬True¬True¬Portobello Medical Centre¬14 Codrington Mews¬¬¬London¬Greater London¬W11 2EH¬51.514854431152344¬-0.20719188451766968¬08Y¬NHS West London (K&C & Qpp) CCG¬02077272326¬reception.portobello@nhs.net¬http://www.portobellomedicalcentre.co.uk/¬
44389¬Y00206¬GP¬UNKNOWN¬Visible¬True¬True¬Burnley Medical Practice¬Willesden Centre For Health¬1St Floor¬Robson Avenue¬London¬Greater London¬NW10 3RY¬51.542835235595703¬-0.23551167547702789¬07P¬NHS Brent CCG¬020 3874 9525¬¬http://www.burnleygp.co.uk¬
44390¬Y00212¬GP¬UNKNOWN¬Visible¬True¬True¬Pollard Row Practice¬47 Pollard Row¬¬¬London¬Greater London¬E2 6NA¬51.528266906738281¬-6.4313679933547974E-2¬08V¬NHS Tower Hamlets CCG¬02077297942¬¬http://www.pollardrowsurgery.nhs.uk¬020 7739 9360
44393¬Y00228¬GP¬UNKNOWN¬Visible¬True¬True¬Ambar Medical Centre¬151 Wednesbury Road¬¬¬Walsall¬West Midlands¬WS1 4JQ¬52.575096130371094¬-1.9913394451141357¬05Y¬NHS Walsall CCG¬01922666390¬¬http://www.ambarmedicalcentre.co.uk¬01922 628251
44396¬Y00252¬GP¬UNKNOWN¬Visible¬True¬True¬Dr Sjc Clay's Practice¬37 Main Street¬Woodhouse Eaves¬¬Loughborough¬Leicestershire¬LE12 8RY¬52.726421356201172¬-1.2166035175323486¬04V¬NHS West Leicestershire CCG¬01509890747¬¬http://www.thecottagesurgery.co.uk/¬01509 898818
44397¬Y00260¬GP¬UNKNOWN¬Visible¬True¬True¬Sunnyhill Healthcare C.I.C¬High Street¬The High Street¬¬Arlesey¬Bedfordshire¬SG15 6SN¬52.011871337890625¬-0.26221275329589844¬06F¬NHS Bedfordshire CCG¬01462732144¬arlesey.medicalcentre@nhs.uk¬http://arleseymedicalcentre.nhs.uk¬01462 832117
44398¬Y00265¬GP¬UNKNOWN¬Visible¬True¬True¬The Chapel Medical Centre¬The Chapel Medical Centre¬Upton Hospital¬Albert Street¬Slough¬Berkshire¬SL1 2BJ¬51.505359649658203¬-0.59374308586120605¬15D¬NHS East Berkshire CCG¬03000 24 0001¬chapelmpooh.berks@nhs.net¬https://www.chapelmedicalcentreslough.nhs.uk/¬03000 770005
44399¬F81725001¬GP¬UNKNOWN¬Visible¬True¬True¬Nazeing Valley Health Centre¬64-66 North Street¬Nazeing¬¬Waltham Abbey¬Essex¬EN9 2NW¬51.740280151367187¬1.3796214014291763E-2¬07H¬NHS West Essex CCG¬01992893938¬¬¬01992 892325
44400¬Y00278¬GP¬UNKNOWN¬Visible¬True¬True¬Dr N Khan & Dr S Qureshi¬Pinfold Street¬Darlaston¬¬Wednesbury¬West Midlands¬WS10 8SY¬52.566173553466797¬-2.0363080501556396¬05Y¬NHS Walsall CCG¬0121 568 4390¬¬¬0121 568 4240
44402¬D82056001¬GP¬UNKNOWN¬Visible¬True¬True¬Swanton Morley PMS Practice¬Dereham Road¬Swanton Morley¬¬Dereham¬Norfolk¬NR20 4LT¬52.702323913574219¬0.97919094562530518¬26A¬NHS Norfolk And Waveney CCG¬01362 668215¬¬¬
44404¬Y00286¬GP¬UNKNOWN¬Visible¬True¬True¬The Ravenscar Surgery¬Redcar Primary Care Hospital¬West Dyke Road¬¬Redcar¬Cleveland¬TS10 4NW¬54.600582122802734¬-1.0696914196014404¬16C¬NHS Tees Valley CCG¬01642759090¬¬¬01642 759 099
44405¬Y00293¬GP¬UNKNOWN¬Visible¬True¬True¬Hedingham Medical Centre¬10 Falcon Square¬Castle Hedingham¬¬Halstead¬Essex¬CO9 3BY¬51.990058898925781¬0.5989762544631958¬06Q¬NHS Mid Essex CCG¬01787461465¬¬http://www.thecastlesurgery.co.uk¬01787 462829
44406¬Y00293001¬GP¬UNKNOWN¬Visible¬True¬True¬Bridge Street Surgery¬4 Bridge Street¬Great Yeldham¬¬Halstead¬Essex¬CO9 4HU¬52.016475677490234¬0.5646967887878418¬06Q¬NHS Mid Essex CCG¬01787237212¬¬https://www.thecastlesurgery.co.uk/¬01787 462829
44407¬Y00297¬GP¬UNKNOWN¬Visible¬True¬True¬The Hollies Surgery¬Paradise Road¬¬¬Downham Market¬Norfolk¬PE38 9JE¬52.603923797607422¬0.37434059381484985¬26A¬NHS Norfolk And Waveney CCG¬01366310301¬¬http://www.vidahealthcare.nhs.uk¬01366 384855
44410¬Y00312¬GP¬UNKNOWN¬Visible¬True¬True¬The Robins Surgery, Harold Hill Health C¬Health Centre¬Gooshays Drive¬¬Romford¬Essex¬RM3 9SU¬51.606266021728516¬0.22490917146205902¬08F¬NHS Havering CCG¬01708796960¬¬¬01708 796966
44412¬Y00316¬GP¬UNKNOWN¬Visible¬True¬True¬Woodlands Medical Practice¬54 Leopold Road¬¬¬London¬Greater London¬N2 8BG¬51.592914581298828¬-0.17092902958393097¬93C¬NHS North Central London CCG¬02084422339¬woodlandseastfinchleygp@nhs.net¬http://www.woodlandsmedicalpractice.org¬020 8365 2571
44413¬Y00328¬GP¬UNKNOWN¬Visible¬True¬True¬Goldington Road Surgery¬12 Goldington Road¬¬¬Bedford¬Bedfordshire¬MK40 3NE¬52.140174865722656¬-0.45615953207015991¬06F¬NHS Bedfordshire CCG¬01234355588¬¬¬01234 268999
44416¬Y00347¬GP¬UNKNOWN¬Visible¬True¬True¬Dr R Baghdjian Surgery¬The Health Centre¬Collison Avenue¬¬Chorley¬Lancashire¬PR7 2TH¬53.652568817138672¬-2.6362068653106689¬00X¬NHS Chorley And South Ribble CCG¬01257513950¬¬http://www.chorleygp.co.uk¬01257 513940
44417¬Y00351¬GP¬UNKNOWN¬Visible¬True¬True¬Langley Corner Surgery¬Ifield Green¬Ifield¬¬Crawley¬West Sussex¬RH11 0NF¬51.125724792480469¬-0.2125963419675827¬70F¬NHS West Sussex CCG¬01293514340¬cccg.langleycorner-crawley@nhs.net¬http://www.langleycornersurgery.co.uk¬01293 646809
44418¬Y00352¬GP¬UNKNOWN¬Visible¬True¬True¬HESA Medical Centre¬52 Station Road¬¬¬Hayes¬Middlesex¬UB3 4DD¬51.505916595458984¬-0.41928914189338684¬08G¬NHS Hillingdon CCG¬01895 760 560¬hillccg.hesamc@nhs.net¬http://www.hesamedicalcentre.co.uk/¬
44423¬Y00399¬GP¬UNKNOWN¬Visible¬True¬True¬Irchester Surgery¬School Road¬Irchester¬¬Wellingborough¬Northamptonshire¬NN29 7AW¬52.282157897949219¬-0.64571875333786011¬78H¬NHS Northamptonshire CCG¬01933413888¬¬¬01933 359413
44424¬Y00403¬GP¬UNKNOWN¬Visible¬True¬True¬Trowbridge Practice¬18 Merriam Avenue¬¬¬London¬Greater London¬E9 5NE¬51.545249938964844¬-2.9585085809230804E-2¬07T¬NHS City And Hackney CCG¬02089867781¬¬http://www.trowbridgesurgery.co.uk/¬020 8533 4814
44425¬Y00411¬GP¬UNKNOWN¬Visible¬True¬True¬Dearne Valley Group Practice¬The Thurnscoe Centre¬Holly Bush Drive¬Thurnscoe¬Rotherham¬South Yorkshire¬S63 0LU¬53.545970916748047¬-1.3084989786148071¬02P¬NHS Barnsley CCG¬01709886354¬¬Http://dearnevalleygrouppractice.co.uk¬01709 886 445
44426¬Y00412¬GP¬UNKNOWN¬Visible¬True¬True¬Dr Bhalla & Partners¬247-251 Soho Road¬Handsworth¬¬Birmingham¬West Midlands¬B21 9RY¬52.503097534179688¬-1.9349303245544434¬05L¬NHS Sandwell And West Birmingham CCG¬0121 203 5100¬¬http://www.drbhallaspractice.nhs.uk¬0121 554 0725
44429¬Y00437¬GP¬UNKNOWN¬Visible¬True¬True¬The Orchard Surgery¬Willow Parade¬276 High Street¬Langley¬Slough¬Berkshire¬SL3 8HD¬51.503314971923828¬-0.54170966148376465¬15D¬NHS East Berkshire CCG¬01753542424¬orchard.surgery1@nhs.net¬http://www.theorchardsurgery.co.uk¬
44431¬Y00445¬GP¬UNKNOWN¬Visible¬True¬True¬Salford Primary Care Together - Willow Tree¬The Willow Tree Healthy Living Centre¬94 Littleton Road¬¬Salford¬Lancashire¬M7 3SE¬53.502277374267578¬-2.2780978679656982¬01G¬NHS Salford CCG¬0161 983 0600¬salccg.spct@nhs.net¬http://www.spctpractices.co.uk/¬0161 983 0640
44432¬Y00445001¬GP¬UNKNOWN¬Visible¬True¬True¬Salford Primary Care Together - Eccles¬1st Floor, Eccles Gateway¬28 Barton Lane¬¬Eccles¬Greater Manchester¬M30 0TU¬53.482532501220703¬-2.3392994403839111¬01G¬NHS Salford CCG¬0161 983 0600¬salccg.spct@nhs.net¬http://www.spctpractices.co.uk/¬0161 983 0550
44433¬Y00446¬GP¬UNKNOWN¬Visible¬True¬True¬Maghull Practice¬Maghull Health Centre¬Westway¬¬Liverpool¬Merseyside¬L31 0DJ¬53.515602111816406¬-2.9439177513122559¬01T¬NHS South Sefton CCG¬01512830400¬¬http://www.maghullgppractice.nhs.uk/¬0151 283 5043
44434¬Y00449¬GP¬UNKNOWN¬Visible¬True¬True¬St.Mary's Island Surgery¬Edgeway¬St Mary's Island¬¬Chatham¬Kent¬ME4 3EP¬51.406795501708984¬0.53796184062957764¬91Q¬NHS Kent And Medway CCG¬01634890712¬¬http://www.stmarysislandsurgery.co.uk¬
44438¬Y00469¬GP¬UNKNOWN¬Visible¬True¬True¬Dr Ma Sims' Practice¬West Wing, Dipple Medical Centre¬Wickford Avenue¬Pitsea¬Basildon¬Essex¬SS13 3HQ¬51.567729949951172¬0.50554412603378296¬99E¬NHS Basildon And Brentwood CCG¬01268209222¬¬http://www.drsimsandpartners.nhs.uk/¬01268 559935
44439¬Y00471¬GP¬UNKNOWN¬Visible¬True¬True¬Broadway Health Centre¬Cope Street¬Ladywood¬¬Birmingham¬West Midlands¬B18 7BA¬52.482799530029297¬-1.9240783452987671¬05L¬NHS Sandwell And West Birmingham CCG¬01212506105¬¬http://www.broadwayhealthcentre.co.uk/¬
44440¬Y00475¬GP¬UNKNOWN¬Visible¬True¬True¬Garswood Surgery¬Billinge Road¬Garswood¬¬Wigan¬Greater Manchester¬WN4 0XD¬53.496391296386719¬-2.6812586784362793¬01X¬NHS St Helens CCG¬01744 621670¬garswood.surgery1@nhs.net¬http://www.garswoodsurgery.co.uk/¬01942 713432
44441¬F81095003¬GP¬UNKNOWN¬Visible¬True¬True¬Hawthorn Surgery¬Tamarisk Way¬¬¬Colchester¬Essex¬CO4 3GW¬51.891643524169922¬0.93626147508621216¬06T¬NHS North East Essex CCG¬01206871157¬¬http://hawthornsurgery.co.uk¬01206 869567
44442¬Y00486¬GP¬UNKNOWN¬Visible¬True¬True¬3Well Ltd - Botolph Bridge¬Sugar Way¬Woodston¬¬Peterborough¬Cambridgeshire¬PE2 9QB¬52.562595367431641¬-0.26154243946075439¬06H¬NHS Cambridgeshire And Peterborough CCG¬01733 796622¬¬http://botolph.org¬01733 774514
44444¬Y00492¬GP¬UNKNOWN¬Visible¬True¬True¬Summerfield Group Practice¬134 Heath Street¬Winson Green¬¬Birmingham¬West Midlands¬B18 7AL¬52.487689971923828¬-1.9373387098312378¬05L¬NHS Sandwell And West Birmingham CCG¬01212550419¬y00492.maroki@nhs.net¬http://www.summerfieldgpucc.nhs.uk¬0121 6871450
44445¬Y00507¬GP¬UNKNOWN¬Visible¬True¬True¬St.Quintin Health Centre¬St Quintin Avenue¬¬¬London¬Greater London¬W10 6NX¬51.519199371337891¬-0.2203107625246048¬08Y¬NHS West London (K&C & Qpp) CCG¬02089605677¬¬http://www.stquintinhealthcentre-gppractice.co.uk/¬020 8968 5933
44446¬Y00522¬GP¬UNKNOWN¬Visible¬True¬True¬The Village Medical Ctr¬Kingswood Way¬Great Denham¬¬Bedford¬Bedfordshire¬MK40 4GH¬52.128139495849609¬-0.51265978813171387¬06F¬NHS Bedfordshire CCG¬01234 244 000¬bedccg.tvmcpst@nhs.net¬https://www.tvmc-gtdenham.org/¬
44450¬Y00542¬GP¬UNKNOWN¬Visible¬True¬True¬Woodlands Practice¬11 Red Hill¬¬¬Chislehurst¬Kent¬BR7 6DB¬51.421073913574219¬6.4227819442749023E-2¬72Q¬NHS South East London CCG¬02084687779¬broccg.woodlandspractice@nhs.net¬http://www.thewoodlandspractice.co.uk¬020 8295 1270
44451¬Y00560¬GP¬UNKNOWN¬Visible¬True¬True¬Wootton Vale Healthy Living Centre¬Fields Road¬Wootton¬¬Bedford¬Bedfordshire¬MK43 9JJ¬52.09368896484375¬-0.52793633937835693¬06F¬NHS Bedfordshire CCG¬01234762500¬woottonvale.info@nhs.net¬http://www.woottonvale.com/¬01234 762501
44452¬Y00561¬GP¬UNKNOWN¬Visible¬True¬True¬Shortstown Medical Centre¬2 Quantrelle Court¬Shortstown¬¬Bedford¬Bedfordshire¬MK42 0UF¬52.110855102539063¬-0.43244868516921997¬06F¬NHS Bedfordshire CCG¬01234743000¬info@shortstown.net¬www.shortstown.net¬01234 741375
44453¬Y00568¬GP¬UNKNOWN¬Visible¬True¬True¬Foxhayes Practice¬117 Exwick Road¬Exwick¬¬Exeter¬Devon¬EX4 2BH¬50.726146697998047¬-3.5494606494903564¬15N¬NHS Devon CCG¬01392208789¬¬¬01392 438461
44454¬Y00589¬GP¬UNKNOWN¬Visible¬True¬True¬Greenwood Surgery¬Crouch Vale Medical Centre¬South Woodham Ferrers¬¬Chelmsford¬Essex¬CM3 5QP¬51.65313720703125¬0.60515487194061279¬06Q¬NHS Mid Essex CCG¬01245426898¬greenwood.meds@nhs.net¬http://www.greenwoodsurgery.co.uk¬
44455¬M83146001¬GP¬UNKNOWN¬Visible¬True¬True¬Moss Green Surgery¬Bentilee Neighbourhood Centre¬Dawlish Drive¬¬Stoke On Trent¬Staffordshire¬ST2 0EU¬53.013481140136719¬-2.1285598278045654¬05W¬NHS Stoke On Trent CCG¬01782231303¬¬¬01782 231331
44456¬G85034003¬GP¬UNKNOWN¬Visible¬True¬True¬The Aylesbury Partnership¬109 Commercial Way¬¬¬London¬Greater London¬SE15 6DB¬51.477302551269531¬-7.3427729308605194E-2¬72Q¬NHS South East London CCG¬02033023007¬¬http://www.aylesburypartnership.nhs.uk¬020 7701 2266
44457¬G85034005¬GP¬UNKNOWN¬Visible¬True¬True¬Aylesbury Partnership The Dun Cow Surgery¬279 Old Kent Road¬¬¬London¬Greater London¬SE1 5LU¬51.489677429199219¬-7.8984871506690979E-2¬72Q¬NHS South East London CCG¬2033023007¬¬http://www.aylesburypartnership.nhs.uk¬020 7394 9315
44458¬G85034002¬GP¬UNKNOWN¬Visible¬True¬True¬Aylesbury Partnership The Aylesbury Medical Centre¬Unit 6 Taplow¬Thurlow Street¬¬London¬Greater London¬SE17 2XE¬51.488353729248047¬-8.6631536483764648E-2¬72Q¬NHS South East London CCG¬2033023007¬¬http://www.aylesburypartnership.nhs.uk¬020 7252 4397
44459¬Y00612¬GP¬UNKNOWN¬Visible¬True¬True¬Green Cedars Medical Services¬93-95 Silver Street¬Upper Edmonton¬¬London¬Greater London¬N18 1RP¬51.616062164306641¬-7.4221126735210419E-2¬93C¬NHS North Central London CCG¬020 8887 9272¬nclccg.greencedarsmedicalcentre@nhs.net¬¬
44462¬Y00726¬GP¬UNKNOWN¬Visible¬True¬True¬The Hive Health Centre¬Clough Street (Off Boarshaw Road)¬Middleton¬¬Manchester¬Greater Manchester¬M24 2YJ¬53.556835174560547¬-2.187657356262207¬01D¬NHS Heywood, Middleton And Rochdale CCG¬01616544103¬thehive@nhs.net¬http://www.thehivehealthcentre.co.uk¬0161 654 6571
44463¬Y00758¬GP¬UNKNOWN¬Visible¬True¬True¬Dr Jo Arayomi's Practice¬Wickford Avenue¬¬¬Basildon¬Essex¬SS13 3HQ¬51.567729949951172¬0.50554412603378296¬99E¬NHS Basildon And Brentwood CCG¬01268556453¬¬¬01268 581601
44464¬Y00774¬GP¬UNKNOWN¬Visible¬True¬True¬Brandon Medical Practice¬31 High Street¬¬¬Brandon¬Suffolk¬IP27 0AQ¬52.448486328125¬0.6233144998550415¬07K¬NHS West Suffolk CCG¬01842810388¬¬http://www.brandonmedicalpractice.org.uk/¬01842 815750
44467¬Y00902¬GP¬UNKNOWN¬Visible¬True¬True¬Dr Philip Olufunwa¬Health At The Stowe¬260 Harrow Road¬¬London¬Greater London¬W2 5ES¬51.52093505859375¬-0.19158732891082764¬09A¬NHS Central London (Westminster) CCG¬02034056580¬¬http://www.westbournegreensurgery.nhs.uk¬0203 405 6592
44468¬Y00912¬GP¬UNKNOWN¬Visible¬True¬True¬Cedar House Surgery¬82 Bramhall Lane¬¬Davenport¬Stockport¬¬SK2 6JG¬53.393787384033203¬-2.1530284881591797¬01W¬NHS Stockport CCG¬0161 983 5198¬cedarhouse@nhs.net¬https://www.cedarhousesurgery.co.uk/¬
44469¬Y00918¬GP¬UNKNOWN¬Visible¬True¬True¬Granville Medical Centre¬4 Granville Road¬¬¬Ilford¬Essex¬IG1 4JY¬51.563156127929688¬7.0973969995975494E-2¬08N¬NHS Redbridge CCG¬02082700400¬¬http://www.granvillemedicalcentre.co.uk/¬020 82700402
44471¬Y00969¬GP¬UNKNOWN¬Visible¬True¬True¬The Rame Group Practice¬Penntorr Health¬Trevol Road¬¬Torpoint¬Cornwall¬PL11 2TB¬50.374668121337891¬-4.2241215705871582¬11N¬NHS Kernow CCG¬01752813277¬¬https://www.theramegrouppractice.co.uk/¬01752 815733
44474¬Y00996¬GP¬UNKNOWN¬Visible¬True¬True¬The Meridian Practice¬City Of Coventry Health Centre¬2 Stoney Stanton Road¬¬Coventry¬West Midlands¬CV1 4FS¬52.414451599121094¬-1.5050694942474365¬05A¬NHS Coventry And Rugby CCG¬02476961594¬meridian.centre@nhs.net¬http://meridianpractice.nhs.uk/¬02476 961 557
44475¬Y00999001¬GP¬UNKNOWN¬Visible¬True¬True¬St Clements Health Centre¬London Road¬West Thurrock¬¬Grays¬Essex¬RM20 4AR¬51.476539611816406¬0.29094171524047852¬07G¬NHS Thurrock CCG¬1708891007¬http://www.oddfellowsandstclements.nhs.uk¬http://www.oddfellowsandstclements.nhs.uk¬01708 895489
44476¬Y01008002¬GP¬UNKNOWN¬Visible¬True¬True¬Bay Medical Group (West End Surgery)¬¬West End Medical Practice¬1 Heysham Road¬Morecambe¬Lancashire¬LA3 1DA¬54.063899993896484¬-2.886195182800293¬01K¬NHS Morecambe Bay CCG¬01524 511999¬¬http://www.baymedicalgroup.co.uk¬01524 519841
44478¬Y01011¬GP¬UNKNOWN¬Visible¬True¬True¬Barlby Surgery¬St Charles Centre For Health And Wellbeing¬Exmoor Street¬¬London¬Greater London¬W10 6DZ¬51.522361755371094¬-0.21720358729362488¬08Y¬NHS West London (K&C & Qpp) CCG¬02070626310¬wlccg.bs@nhs.net¬http://www.westlondonpractice.co.uk¬
44480¬Y01050¬GP¬UNKNOWN¬Visible¬True¬True¬Rosmellyn Surgery¬St Clare Medical Centre¬St Clare Street¬¬Penzance¬Cornwall¬TR18 3DX¬50.122413635253906¬-5.5450749397277832¬11N¬NHS Kernow CCG¬01736 330909¬kccg.rosmellynpenzanceitk@nhs.net¬http://www.rosmellynsurgery.co.uk¬
44482¬Y01051¬GP¬UNKNOWN¬Visible¬True¬True¬Morrab Surgery¬2 Morrab Road¬¬¬Penzance¬Cornwall¬TR18 4EL¬50.116931915283203¬-5.5389752388000488¬11N¬NHS Kernow CCG¬01736363866¬¬http://www.morrabsurgery.co.uk¬01736 367809
44483¬Y01057¬GP¬UNKNOWN¬Visible¬True¬True¬The Health Xchange (Primary Care Services for the Homeless)¬The Homeless Health Exchange¬Rear of William Booth Centre¬William Booth Lane¬Birmingham¬¬B4 6HA¬52.486061096191406¬-1.8991414308547974¬05L¬NHS Sandwell And West Birmingham CCG¬0121 465 3965¬¬¬0121 301 3911
44484¬Y01066¬GP¬UNKNOWN¬Visible¬True¬True¬Hanley Primary Care Centre¬51 Hanley Road¬¬¬London¬Greater London¬N4 3DU¬51.567951202392578¬-0.12082239240407944¬93C¬NHS North Central London CCG¬02038745676¬¬https://www.hanleygp.co.uk/¬020 7690 3591
44485¬Y01068¬GP¬UNKNOWN¬Visible¬True¬True¬Amaanah Medical Practice¬¬Cradock Road¬Saltley¬Birmingham¬West Midlands¬B8 1RZ¬52.491279602050781¬-1.851467490196228¬15E¬NHS Birmingham And Solihull CCG¬0121 322 8820¬¬http://www.amaanahmedicalpractice.com/¬
44486¬Y01090¬GP¬UNKNOWN¬Visible¬True¬True¬Sms Medical Practice¬Wembley Centre for Health and Care¬1st floor¬116 Chaplin Road¬Wembley¬Middlesex¬HA0 4UZ¬51.549713134765625¬-0.306770920753479¬07P¬NHS Brent CCG¬02087956152¬info@smsmedicalpractice.co.uk¬¬020 8795 6211
44487¬Y01108¬GP¬UNKNOWN¬Visible¬True¬True¬Fairfield Surgery¬278 Manchester Road¬¬¬Warrington¬Cheshire¬WA1 3RB¬53.396598815917969¬-2.5712335109710693¬02E¬NHS Warrington CCG¬01925245204¬fairfield.surgery@hotmail.co.uk¬http://www.fairfield-surgery.co.uk¬01925 247887
44488¬Y01118¬GP¬UNKNOWN¬Visible¬True¬True¬Eccleshill Village Surgery¬14 Institute Road¬Eccleshill¬¬Bradford¬West Yorkshire¬BD2 2HX¬53.821151733398438¬-1.7256138324737549¬36J¬NHS Bradford District And Craven CCG¬01274637417¬¬¬01274 640316
44489¬Y01124¬GP¬UNKNOWN¬Visible¬True¬True¬The Duru Practice¬Integrated Care Centre¬New Radcliffe Street¬¬Oldham¬Lancashire¬OL1 1NL¬53.543827056884766¬-2.1169297695159912¬00Y¬NHS Oldham CCG¬01616213636¬¬http://www.thedurupractice.co.uk/¬0161 621 3637
44490¬Y01127¬GP¬UNKNOWN¬Visible¬True¬True¬Neetside Surgery¬Methodist Church Halls¬¬¬Bude¬Cornwall¬EX23 8LA¬50.829349517822266¬-4.5460953712463379¬11N¬NHS Kernow CCG¬01288270580¬neetside.surgery@nhs.net¬http://www.neetsidesurgery.co.uk¬01288 359595
44491¬Y01132¬GP¬UNKNOWN¬Visible¬True¬True¬Chartfield Surgery¬30 Chartfield Avenue¬Putney¬¬London¬Greater London¬SW15 6HG¬51.457332611083984¬-0.22638843953609467¬36L¬NHS South West London CCG¬02087886442¬chartfield.admin@nhs.net¬http://www.chartfieldsurgery.co.uk¬
44492¬Y01139¬GP¬UNKNOWN¬Visible¬True¬True¬Castlefields Surgery¬The Mannock Medical Centre¬Irthlingborough Road¬¬Wellingborough¬Northamptonshire¬NN8 1LT¬52.298057556152344¬-0.67767214775085449¬78H¬NHS Northamptonshire CCG¬01933233270¬¬¬01933 233272
44493¬Y01163¬GP¬UNKNOWN¬Visible¬True¬True¬West Coker Surgery¬High Street¬West Coker¬¬Yeovil¬Somerset¬BA22 9AH¬50.919429779052734¬-2.6864635944366455¬11X¬NHS Somerset CCG¬01935862212¬¬¬01935 865105
44494¬Y01165¬GP¬UNKNOWN¬Visible¬True¬True¬Pathfinder Practice¬South West Herts Health Centre¬Oxhey Drive¬South Oxhey¬Watford¬Hertfordshire¬WD19 7SF¬51.625747680664062¬-0.39019230008125305¬06N¬NHS Herts Valleys CCG¬020 8421 6746¬¬http://www.pathfinderpractice.nhs.uk¬020 8421 4841
44496¬Y02692¬GP¬UNKNOWN¬Visible¬True¬True¬The Wembley Practice¬Westmore Unit, Wembley Centre For Health & Care¬116 Chaplin Road¬¬Wembley¬Middlesex¬HA0 4UZ¬51.549713134765625¬-0.306770920753479¬07P¬NHS Brent CCG¬02089006020¬¬http://www.wembleygp.co.uk¬020 8900 6021
44498¬Y01206¬GP¬UNKNOWN¬Visible¬True¬True¬Glebe Road Surgery - Botting¬1 Glebe Road¬Barnes¬¬London¬Greater London¬SW13 0DR¬51.473609924316406¬-0.24248947203159332¬36L¬NHS South West London CCG¬02087481065¬¬¬
44499¬Y01221¬GP¬UNKNOWN¬Visible¬False¬True¬Somerset Family Health Practice¬76 Somerset Road¬¬¬Southall¬Middlesex¬UB1 2TU¬51.523143768310547¬-0.36901965737342834¬07W¬NHS Ealing CCG¬02085788255¬¬¬020 8813-1711
44500¬Y01280¬GP¬UNKNOWN¬Visible¬True¬True¬Dr Yousef Rashid¬Orchards Health And Family Centre¬Gasgoine Road¬¬Barking¬Essex¬IG11 7RS¬51.531444549560547¬8.1386052072048187E-2¬07L¬NHS Barking And Dagenham CCG¬02036671849¬¬¬
44501¬Y01281¬GP¬UNKNOWN¬Visible¬True¬True¬The Village Surgery¬133 London Road¬Cowplain¬¬Waterlooville¬Hampshire¬PO8 8XL¬50.897731781005859¬-1.0166866779327393¬10V¬NHS South Eastern Hampshire CCG¬02392242960¬¬http://www.thecowplainvillagepractice.net¬02392 253582
44502¬Y01291¬GP¬UNKNOWN¬Visible¬True¬True¬Chingford Medical Practice¬Chingford Health Centre¬109 York Road¬¬London¬Greater London¬E4 8LF¬51.616081237792969¬-2.2531848400831223E-2¬08W¬NHS Waltham Forest CCG¬02085240900¬wfccg.chingfordmedicalpractice@nhs.net¬http://www.chingfordmedicalpractice.nhs.uk¬020 8501 7070
44506¬Y01652¬GP¬UNKNOWN¬Visible¬True¬True¬The New Springwells Practice¬Springwells¬Billingborough¬¬Sleaford¬Lincolnshire¬NG34 0QQ¬52.893623352050781¬-0.34078922867774963¬71E¬NHS Lincolnshire CCG¬01529240234¬¬http://www.ruralmedical.co.uk¬01529 240520
44507¬Y01655¬GP¬UNKNOWN¬Visible¬True¬True¬The Vale Practice¬50-66 Park Road¬Crouch End¬¬London¬Greater London¬N8 8SU¬51.581474304199219¬-0.12582148611545563¬93C¬NHS North Central London CCG¬02083473330¬¬http://www.valepractice.com¬020 8347 8388
44511¬Y01690¬GP¬UNKNOWN¬Visible¬True¬True¬School Lane PMS Practice¬School Lane Surgery, Healthy Living Centre¬¬¬Thetford¬Norfolk¬IP24 2AG¬52.412441253662109¬0.74926090240478516¬26A¬NHS Norfolk And Waveney CCG¬01842 753115¬¬¬
44512¬Y01695¬GP¬UNKNOWN¬Visible¬True¬True¬Victoria Mill Medical Practice¬Victoria Mill Health Centre¬10 Lower Vickers Street¬Miles Platting¬Manchester¬Lancashire¬M40 7LH¬53.489635467529297¬-2.2142777442932129¬14L¬NHS Manchester CCG¬01612131970¬¬http://www.victoriamillmedicalpractice.co.uk¬0161 203 5962
44513¬Y01719¬GP¬UNKNOWN¬Visible¬True¬True¬Broad Street Medical Centre¬Morland Road¬¬¬Dagenham¬Essex¬RM10 9HU¬51.535293579101563¬0.15206357836723328¬07L¬NHS Barking And Dagenham CCG¬02085964400¬e.broadstreet@nhs.net¬https://nhs-bsmc.webgp.com/¬
44515¬Y01756¬GP¬UNKNOWN¬Visible¬True¬True¬Stourside Medical Practice¬14 Birmingham Street¬Halesowen¬¬Birmingham¬West Midlands¬B63 3HN¬52.449085235595703¬-2.0492033958435059¬05C¬NHS Dudley CCG¬01215501010¬¬¬0121 585 0993
44517¬Y01794¬GP¬UNKNOWN¬Visible¬True¬True¬Ravenswood Medical Practice¬24 Hening Avenue¬¬¬Ipswich¬Suffolk¬IP3 9QJ¬52.030364990234375¬1.1993916034698486¬06L¬NHS Ipswich And East Suffolk CCG¬01473271122¬¬http://ravenswoodmedicalpractice.co.uk¬
44518¬Y01795¬GP¬UNKNOWN¬Visible¬True¬True¬The Oval Practice¬Oxlow Lane Health Centre¬281 Oxlow Lane¬¬Dagenham¬Essex¬RM10 7YU¬51.551483154296875¬0.1588522344827652¬07L¬NHS Barking And Dagenham CCG¬0208 592 0606¬¬¬
44519¬Y01812¬GP¬UNKNOWN¬Visible¬True¬True¬Heartwood Medical Practice¬Swadlincote Health Centre¬Civic Way¬¬Swadlincote¬Derbyshire¬DE11 0AE¬52.774890899658203¬-1.5593161582946777¬15M¬NHS Derby And Derbyshire CCG¬01283818100¬¬¬01283 222504
44520¬Y01839¬GP¬UNKNOWN¬Visible¬True¬True¬Lime Tree And Sinnott Healthcare¬Lime Tree & Sinnott Healthcare Ltd¬12B Sinnott Road¬Walthamstow¬London¬Greater London¬E17 5QB¬51.59832763671875¬-3.9402958005666733E-2¬08W¬NHS Waltham Forest CCG¬02087093140¬¬http://www.ltshealthcare.gpsurgery.net/¬02087093146
44522¬Y01922¬GP¬UNKNOWN¬Visible¬True¬True¬The Stennack Surgery¬The Stennack Surgery¬The Old Stennack School¬The Stennack¬St Ives¬Cornwall¬TR26 1RU¬50.210865020751953¬-5.4843826293945312¬11N¬NHS Kernow CCG¬01736 793333¬stennacksurgery@nhs.net¬http://www.thestennacksurgery.co.uk¬
44523¬Y01924¬GP¬UNKNOWN¬Visible¬True¬True¬Sawbridgeworth APMS¬High Wych Road¬¬¬Sawbridgeworth¬Hertfordshire¬CM21 0HH¬51.807094573974609¬0.13047158718109131¬06K¬NHS East And North Hertfordshire CCG¬01279603870¬¬¬
44524¬Y01929002¬GP¬UNKNOWN¬Visible¬True¬True¬Teldoc - Aqueduct¬Majestic Way¬Aqueduct¬¬Telford¬Shropshire¬TF4 3RB¬52.650276184082031¬-2.4594626426696777¬05X¬NHS Telford And Wrekin CCG¬03300536456¬teldoc.enquiries@nhs.net¬https://www.teldoc.org¬
44526¬Y01929¬GP¬UNKNOWN¬Visible¬True¬True¬Teldoc - Malinslee¬Malinslee Health Centre¬Church Road¬Malinslee¬Telford¬Shropshire¬TF3 2JZ¬52.672618865966797¬-2.4351921081542969¬05X¬NHS Telford And Wrekin CCG¬03300536456¬teldoc.enquiries@nhs.net¬https://www.teldoc.org¬01952 505182
44528¬Y01948¬GP¬UNKNOWN¬Visible¬True¬True¬Open Door (Health) Limited¬Albion Street¬¬¬Grimsby¬South Humberside¬DN32 7DL¬53.572250366210938¬-0.06868831068277359¬03H¬NHS North East Lincolnshire CCG¬01472722000¬¬¬01472 722005
44529¬G85053001¬GP¬UNKNOWN¬Visible¬True¬True¬Riverside Medical Practice¬Hobart House¬St Georges Wharf¬Wandsworth Road¬London¬Greater London¬SW8 2JB¬51.485176086425781¬-0.12638796865940094¬72Q¬NHS South East London CCG¬02030494500¬¬http://www.hurleyandriversidepractices.co.uk¬
44530¬Y01964¬GP¬UNKNOWN¬Visible¬True¬True¬Berryfields Medical Centre¬Colonel Grantham Avenue¬Buckingham Park¬¬Aylesbury¬Buckinghamshire¬HP19 9AP¬51.836147308349609¬-0.8191680908203125¬14Y¬NHS Buckinghamshire CCG¬01296310940¬¬http://www.berryfieldsmedicalcentre.co.uk¬01296 310948
44531¬Y02002¬GP¬UNKNOWN¬Visible¬True¬True¬One Medicare Llp-The Light¬Balcony Level 7¬The Light¬The Headrow¬Leeds¬West Yorkshire¬LS1 8TL¬53.800048828125¬-1.5456552505493164¬15F¬NHS Leeds CCG¬01132427425¬thelight@nhs.net¬http://www.onemedicalgroup.co.uk/the-light-surgery-leeds-city-centre¬0844 8151142
44532¬Y02128¬GP¬UNKNOWN¬Visible¬True¬False¬Shinfield Health Centre¬School Green¬School Green¬Shinfield¬Reading¬Berkshire¬RG2 9EH¬51.404888153076172¬-0.9463457465171814¬15A¬NHS Berkshire West CCG¬0118 402 9177¬¬https://www.srssurgery.co.uk/¬
44536¬N85643001¬GP¬UNKNOWN¬Visible¬True¬True¬Woodchurch Medical Centre¬33-35 Poolwood Road¬¬¬Wirral¬Merseyside¬CH49 9BP¬53.379009246826172¬-3.0884878635406494¬12F¬NHS Wirral CCG¬0151 606 1908¬wiccg.woodchurchmc@nhs.net¬http://www.woodchurchmedical.co.uk¬0151 678 2147
44537¬M85020002¬GP¬UNKNOWN¬Visible¬True¬True¬RAYDOCS - Aston Pride ¬Aston Pride Community Health Centre¬74 Victoria Road¬Aston¬Birmingham¬West Midlands¬B6 5HA¬52.502666473388672¬-1.8966286182403564¬05L¬NHS Sandwell And West Birmingham CCG¬0121 203 0666¬¬http://www.astonpridehealthcentre.co.uk/¬
44539¬Y02177¬GP¬UNKNOWN¬Visible¬True¬True¬The Practice Northumberland Avenue¬32 Northumberland Avenue¬¬¬Southend On Sea¬Essex¬SS1 2TH¬51.533096313476563¬0.73062658309936523¬99G¬NHS Southend CCG¬01702440720¬¬https://www.thepracticenorthumberlandave.nhs.uk¬01702 440737
44540¬Y05690¬GP¬UNKNOWN¬Visible¬True¬True¬Kirkby Community Primary Care Centre¬Portland Street¬Kirkby-In-Ashfield¬¬Nottingham¬Nottinghamshire¬NG17 7AE¬53.101760864257813¬-1.248726487159729¬52R¬NHS Nottingham And Nottinghamshire CCG¬01623434600¬¬http://www.kcpcc.co.uk¬01623 434601
44541¬Y02212¬GP¬UNKNOWN¬Visible¬True¬True¬Dudley Wood Surgery¬10 Quarry Road¬Dudley Wood¬¬Dudley¬West Midlands¬DY2 0EF¬52.477565765380859¬-2.0921390056610107¬05C¬NHS Dudley CCG¬01384569050¬¬¬01384 861211
44542¬Y02222¬GP¬UNKNOWN¬Visible¬True¬True¬The Trinity Medical Centre¬Trinity Medical Centre¬2 Garland Road¬¬London¬Greater London¬SE18 2AE¬51.478801727294922¬8.5829168558120728E-2¬72Q¬NHS South East London CCG¬02083197640 (ext. 2083197640)¬¬¬
44543¬Y02442¬GP¬UNKNOWN¬Visible¬True¬True¬St Thomas Road Surgery¬Lister House Building¬207 St. Thomas Road¬Normanton¬Derby¬Derbyshire¬DE23 8RJ¬52.900955200195313¬-1.477938175201416¬15M¬NHS Derby And Derbyshire CCG¬01332275610¬¬¬01332 275611
44544¬Y02260¬GP¬UNKNOWN¬Visible¬True¬True¬Dr Shakarchi's Practice¬Belgrave Medical Centre¬13-13A Pimlico Road¬¬London¬Greater London¬SW1W 8NA¬51.490650177001953¬-0.1513432115316391¬09A¬NHS Central London (Westminster) CCG¬02078248827¬¬http://www.victoriagp.com¬020 7730 6092
44545¬Y02274¬GP¬UNKNOWN¬Visible¬True¬True¬Claire House Surgery¬Claire House¬Phoneix Way¬Lower Ince¬Wigan¬Lancashire¬WN3 4NW¬53.534927368164063¬-2.6145706176757812¬02H¬NHS Wigan Borough CCG¬01942481120¬¬¬01942 481118
44547¬Y02319¬GP¬UNKNOWN¬Visible¬True¬True¬Bolton General Practice¬Bolton General Practice¬2-4 Moor Lane¬¬Bolton¬Lancashire¬BL1 4TH¬53.578155517578125¬-2.4349491596221924¬00T¬NHS Bolton CCG¬01204521000¬boltongeneral@nhs.net¬https://www.ssphealth.com¬01204 529000
44551¬Y02322¬GP¬UNKNOWN¬Visible¬True¬True¬Leigh Family Practice¬Henry Street¬¬¬Leigh¬Lancashire¬WN7 2PE¬53.493522644042969¬-2.5119121074676514¬02H¬NHS Wigan Borough CCG¬01942481830¬¬https://www.ssphealth.com/our-practices/leigh-family-practice¬01942 481866
44552¬Y02322002¬GP¬UNKNOWN¬Visible¬True¬True¬Leigh Family Practice Branch Surgery¬475 Wigan Road¬¬¬Leigh¬Lancashire¬WN7 5HQ¬53.509757995605469¬-2.5403051376342773¬02H¬NHS Wigan Borough CCG¬01942481830¬¬https://www.ssphealth.com/our-practices/wigan-road-surgery¬01942 48 1591
44554¬Y02322001¬GP¬UNKNOWN¬Visible¬True¬True¬The Leigh Family Practice¬6 The Centre¬Richmond Drive¬Higher Folds¬Leigh¬Lancashire¬WN7 2XY¬53.503818511962891¬-2.4832096099853516¬02H¬NHS Wigan Borough CCG¬01942481830¬¬https://www.ssphealth.com/our-practices/higher-folds-medical-centre¬
44555¬Y02325¬GP¬UNKNOWN¬Visible¬True¬True¬Charlestown Medical Practice¬Charlestown Road¬Blackley¬¬Manchester¬Lancashire¬M9 7ED¬53.52264404296875¬-2.1868875026702881¬14L¬NHS Manchester CCG¬01617412060¬¬¬0161 741 2061
44557¬Y02332¬GP¬UNKNOWN¬Visible¬True¬True¬Kingsway Health Centre¬385 Dunstable Road¬¬¬Luton¬Bedfordshire¬LU4 8BY¬51.890068054199219¬-0.44258180260658264¬06P¬NHS Luton CCG¬01582847808¬kingswayhc@nhs.net¬http://www.kingswayhealthcentre.nhs.uk¬01582 592079
44558¬Y02342¬GP¬UNKNOWN¬Visible¬True¬True¬Featherstone Road Health Centre¬Hartington Road¬Southall¬¬London¬Greater London¬UB2 5BQ¬51.502574920654297¬-0.38519963622093201¬07W¬NHS Ealing CCG¬0203 405 7750¬ealccg.featherstoneroadhc@nhs.net¬https://www.featherstoneroadhc.co.uk/¬0203 405 7751
44559¬Y02344¬GP¬UNKNOWN¬Visible¬True¬True¬Northpoint Medical Practice¬Bransholme Health Centre¬Goodhart Road¬¬Hull¬East Riding Of Yorkshire¬HU7 4DW¬53.787406921386719¬-0.32134529948234558¬03F¬NHS Hull CCG¬01482836040¬¬http://www.northpointnhshealthcentre.nhs.uk¬01482 335 571
44560¬Y02354¬GP¬UNKNOWN¬Visible¬True¬True¬Sandy Lane Surgery¬Sandy Lane Health Centre¬Sandy Lane¬¬Rugeley¬Staffordshire¬WS15 2LB¬52.756744384765625¬-1.9370882511138916¬04Y¬NHS Cannock Chase CCG¬01889572057¬sandylanesurgery@nhs.net¬http://www.sandylanesurgery.org.uk/¬01889 583756
44561¬Y02378001¬GP¬UNKNOWN¬Visible¬True¬True¬Railway Surgery¬Kid Glove House¬Kid Glove Road¬Golborne¬Warrington¬Cheshire¬WA3 3GS¬53.479869842529297¬-2.5954816341400146¬02H¬NHS Wigan Borough CCG¬01942481690¬¬http://www.ssphealth.com¬01942 481697
44562¬Y02378¬GP¬UNKNOWN¬Visible¬True¬True¬Bryn St Surgery¬Ashton Clinic¬Queens Road¬Ashton In Makerfield¬Wigan¬Lancashire¬WN4 8LB¬53.490367889404297¬-2.6391716003417969¬02H¬NHS Wigan Borough CCG¬01942481580¬¬http://www.ssphealth.com¬01942 481589
44565¬Y05212¬GP¬UNKNOWN¬Visible¬True¬True¬West Cheltenham Medical¬Cassin Drive¬¬¬Cheltenham¬Gloucestershire¬GL51 7SU¬51.902725219726563¬-2.1168556213378906¬11M¬NHS Gloucestershire CCG¬01242507111¬¬https://www.westcheltenhammedical.co.uk/¬01242 262425
44566¬G81014002¬GP¬UNKNOWN¬Visible¬True¬True¬New Larchwood Surgery¬Waldron Avenue¬Coldean¬¬Brighton¬East Sussex¬BN1 9EZ¬50.863590240478516¬-0.11374335736036301¬09D¬NHS Brighton And Hove CCG¬1273682682¬¬¬01273 645289
44567¬Y02414¬GP¬UNKNOWN¬Visible¬True¬True¬Burntwood Health & Wellbeing Centre¬High Street¬Chasetown¬¬Burntwood¬Staffordshire¬WS7 3XH¬52.678512573242187¬-1.9336357116699219¬05Q¬NHS South East Staffordshire And Seisdon Peninsula CCG¬01543687440¬¬https://www.burntwoodhealth.nhs.uk¬01543 687479
44570¬Y02423004¬GP¬UNKNOWN¬Visible¬True¬True¬Macmillan Way Surgery¬Macmillan Way Medical Centre¬103 Macmillan Way¬Tooting¬London¬Greater London¬SW17 6AT¬51.43157958984375¬-0.15126869082450867¬36L¬NHS South West London CCG¬02038835800¬waccg.macmillanwaysurgery@nhs.net¬http://www.macmillanwaysurgery.nhs.uk/¬020 8672 5801
44571¬Y02423¬GP¬UNKNOWN¬Visible¬True¬True¬Grafton Medical Partners - Trevelyan House Surgery¬160 Tooting High Street¬Tooting¬¬London¬Greater London¬SW17 0RT¬51.424949645996094¬-0.1713719367980957¬36L¬NHS South West London CCG¬02038835700¬waccg.trevelyanhousesurgery@nhs.net¬http://www.trevelyanhousesurgery.nhs.uk¬020 8672 5049
44572¬Y02423003¬GP¬UNKNOWN¬Visible¬True¬True¬Upper Tooting Road Medical Centre¬219-221 Upper Tooting Road¬Tooting¬¬London¬Greater London¬SW17 7TG¬51.430545806884766¬-0.16512086987495422¬36L¬NHS South West London CCG¬02038835600¬swlccg.uppertootingsurgery@nhs.net¬http://uppertootingsurgery.nhs.uk/¬020 8767 4968
44576¬Y02463¬GP¬UNKNOWN¬Visible¬True¬True¬Town Centre GP Surgery¬14-16 Chapel Street¬¬¬Luton¬Bedfordshire¬LU1 2SE¬51.877628326416016¬-0.41606429219245911¬06P¬NHS Luton CCG¬01582 709290¬enquiries.tcgp@nhs.net¬https://www.towncentresurgeryluton.nhs.uk/index.aspx¬01582 709294
44578¬Y02466¬GP¬UNKNOWN¬Visible¬True¬True¬Buckshaw Village Health Centre¬Buckshaw Village Health Centre¬Unity Place¬Buckshaw Village¬Chorley¬Lancashire¬PR7 7HZ¬53.677589416503906¬-2.6573395729064941¬00X¬NHS Chorley And South Ribble CCG¬01772 214444¬¬http://www.buckshawvillagesurgery.co.uk¬
44579¬Y02469¬GP¬UNKNOWN¬Visible¬True¬True¬Heron GP Practice¬Section D¬Merlyn Vaz Health & Social Care Centre¬1 Spinney Hill Road¬Leicester¬Leicestershire¬LE5 3GH¬52.641136169433594¬-1.108781099319458¬04C¬NHS Leicester City CCG¬0116 242 9450¬¬https://www.herongppractice.co.uk¬0116 253 6711
44582¬Y02476¬GP¬UNKNOWN¬Visible¬True¬True¬Reading Walk-in Health Centre¬First Floor¬103-105 Broad Street Mall¬¬Reading¬Berkshire¬RG1 7QA¬51.454811096191406¬-0.97588169574737549¬15A¬NHS Berkshire West CCG¬01189028300¬bw-pct@readingwalk-inhealthcentre.nhs.uk¬http://www.readingwalkinhealthcentre.nhs.uk¬0118 902 8301
44586¬Y02495¬GP¬UNKNOWN¬Visible¬True¬False¬Whitehall Medical Practice¬Whitehall Medical Practice¬Whitehall¬Monkmoor Road¬Shrewsbury¬Shropshire¬SY2 5AP¬52.707897186279297¬-2.7380292415618896¬05N¬NHS Shropshire CCG¬0000000000¬¬¬
44590¬A81070002¬GP¬UNKNOWN¬Visible¬True¬True¬Hartfields Medical Practice¬Hartfields Extra Care Village¬Hartfields Manor¬¬Hartlepool¬Cleveland¬TS26 0US¬54.702785491943359¬-1.2362556457519531¬16C¬NHS Tees Valley CCG¬01429869526¬¬https://www.wynyardandhartfields.co.uk¬01429 891658
44592¬Y02506¬GP¬UNKNOWN¬Visible¬True¬True¬Sheppey NHS Healthcare Centre¬Sheppey Community Hospital¬Plover Road¬¬Minster On Sea¬Kent¬ME12 3LT¬51.415409088134766¬0.7930755615234375¬91Q¬NHS Kent And Medway CCG¬01795879199¬sheppey.hc@nhs.net¬http://www.sheppeyhealthcarecentre.nhs.uk/¬
44596¬Y02510¬GP¬UNKNOWN¬Visible¬True¬True¬Marshalls Cross Medical Centre¬St Helens Hospital¬Marshalls Cross Road¬¬St Helens¬Merseyside¬WA9 3DA¬53.439533233642578¬-2.7188868522644043¬01X¬NHS St Helens CCG¬01744624806¬sthccg.marshallscrossroadsurgery@nhs.net¬http://www.marshallscrossmedicalcentre.co.uk/¬01744 624807
44602¬Y02517¬GP¬UNKNOWN¬Visible¬True¬True¬Newquay Health Centre¬St Thomas Road¬¬¬Newquay¬Cornwall¬TR7 1RU¬50.412281036376953¬-5.0772466659545898¬11N¬NHS Kernow CCG¬01637850002¬¬www.newquayhealthcentre.co.uk¬01637 878937
44603¬Y02519¬GP¬UNKNOWN¬Visible¬True¬True¬Gloucester Gp Consortium Ltd¬Eastgate House¬121-131 Eastgate Street¬¬Gloucester¬Gloucestershire¬GL1 1PX¬51.862663269042969¬-2.2399828433990479¬11M¬NHS Gloucestershire CCG¬01452 336290¬info.ghac@glos.nhs.uk¬http://www.ghac.co.uk¬01452 304187
44604¬Y02520¬GP¬UNKNOWN¬Visible¬True¬True¬Simpson Medical Practice¬361 Moston Lane¬Moston¬¬Manchester¬Lancashire¬M40 9NB¬53.514034271240234¬-2.1980240345001221¬14L¬NHS Manchester CCG¬01612035550¬¬http://www.gtdhealthcare.co.uk/¬0161 203 6222
44605¬Y02521¬GP¬UNKNOWN¬Visible¬True¬True¬Willow Bank Surgery¬Meir Primary Care Centre¬Weston Road¬Meir¬Stoke on Trent¬Staffordshire¬ST3 6AB¬52.97796630859375¬-2.1032342910766602¬05W¬NHS Stoke On Trent CCG¬03001235002¬willowbank.y02521@nhs.net¬¬0300 123 5003
44606¬Y02526¬GP¬UNKNOWN¬Visible¬True¬True¬Guildhall Walk Healthcare Centre¬27 Guildhall Walk¬¬¬Portsmouth¬Hampshire¬PO1 2RY¬50.79632568359375¬-1.0928119421005249¬10R¬NHS Portsmouth CCG¬02392 751006¬enquiries@guildhallwalkgp.nhs.net¬https://guildhallwalkgp.nhs.uk/¬02392 176867
44612¬Y02567¬GP¬UNKNOWN¬Visible¬True¬True¬Hodge Hill Family Practice¬Hodge Hill Primary Care Centre¬Hodge Hill¬¬Birmingham¬West Midlands¬B36 8GH¬52.502864837646484¬-1.8010042905807495¬15E¬NHS Birmingham And Solihull CCG¬01216616961¬¬http://www.hodgehillfamilypractice.co.uk¬
44616¬Y02571¬GP¬UNKNOWN¬Visible¬True¬True¬Poplar Primary Care Centre¬58-64 Poplar Road¬Kings Heath¬¬Birmingham¬West Midlands¬B14 7AG¬52.436313629150391¬-1.8903113603591919¬15E¬NHS Birmingham And Solihull CCG¬01214658314¬¬¬0121 465 8310
44617¬Y02572¬GP¬UNKNOWN¬Visible¬True¬True¬Park Community Practice¬Horne Street Health Centre¬Horne Street¬¬Halifax¬West Yorkshire¬HX1 5UA¬53.725090026855469¬-1.8716354370117187¬02T¬NHS Calderdale CCG¬01422399858¬¬http://www.parkandcaldercommunitypractice.co.uk¬
44619¬Y02575¬GP¬UNKNOWN¬Visible¬True¬True¬Porters Avenue Health Centre¬234 Porters Avenue¬Becontree¬¬Dagenham¬Essex¬RM8 2EQ¬51.545356750488281¬0.12262063473463058¬07L¬NHS Barking And Dagenham CCG¬02085967850¬portersavenuedoctors@nhs.net¬www.portersavenue.co.uk¬020 8596 7869
44621¬Y02578¬GP¬UNKNOWN¬Visible¬True¬True¬Broadmead Medical Centre¬59 Broadmead¬¬¬Bristol¬Avon¬BS1 3EA¬51.4573974609375¬-2.5894660949707031¬15C¬NHS Bristol, North Somerset And South Gloucestershire CCG¬01179549828¬¬www.broadmeadmedicalcentre.nhs.uk¬0117 9549829
44626¬Y02585¬GP¬UNKNOWN¬Visible¬True¬False¬Orient Practice¬Oliver Road Polyclinic¬1St Floor 75 Oliver Road¬¬London¬Greater London¬E10 5LG¬51.559894561767578¬-1.3298838399350643E-2¬08W¬NHS Waltham Forest CCG¬0203 405 6840¬wfccg.orientpractice@nhs.net¬http://www.theorientpracticeleyton.co.uk/¬020 8430 8321
44627¬Y02586¬GP¬UNKNOWN¬Visible¬True¬True¬Ashton Gp Service¬193 Old Street¬St Peterfield¬¬Ashton Under Lyne¬Lancashire¬OL6 7SR¬53.485813140869141¬-2.0999667644500732¬01Y¬NHS Tameside And Glossop CCG¬01619830530¬ashtongpservice@nhs.net¬http://www.gtdhealthcare.co.uk/practice/ashton-gp-led-health-centre¬01619830531
44628¬Y02589001¬GP¬UNKNOWN¬Visible¬True¬True¬Hammersmith & Fulham Centres For Health (Branch)¬Fulham Palace Road¬¬¬London¬Greater London¬W6 8RF¬51.487045288085938¬-0.21992097795009613¬08C¬NHS Hammersmith And Fulham CCG¬02033134100¬hammersmithandfulhamcentresforhealth@nhs.uk¬http://www.hammersmithandfulhamcentresforhealth.nhs.uk/¬020 3313 1104
44629¬Y02589¬GP¬UNKNOWN¬Visible¬True¬True¬Hammersmith & Fulham Centres For Health¬Hammersmith Hospital¬Du Cane Road¬¬Hammersmith¬¬W12 0HS¬51.517421722412109¬-0.2347068190574646¬08C¬NHS Hammersmith And Fulham CCG¬0203 313 4100¬hammersmithandfulhamcentresforhealth@nhs.net¬http://www.hammersmithandfulhamcentresforhealth.nhs.uk/¬020 3313 1106
44633¬Y02594¬GP¬UNKNOWN¬Visible¬True¬True¬Essington Medical Centre¬Hobnock Road¬Essington¬¬Wolverhampton¬West Midlands¬WV11 2RF¬52.631942749023438¬-2.0569002628326416¬04Y¬NHS Cannock Chase CCG¬01922470130¬¬https://www.cannockroadsurgery.nhs.uk¬01922 492206
44637¬Y02605¬GP¬UNKNOWN¬Visible¬True¬True¬Accrington Victoria PWE Healthcare¬Accrington Victoria Community Hospital¬Haywood Road¬¬Accrington¬Lancashire¬BB5 6AS¬53.759586334228516¬-2.3669064044952393¬01A¬NHS East Lancashire CCG¬01254733977¬¬https://www.pwehealthcare.co.uk/¬
44638¬Y02606¬GP¬UNKNOWN¬Visible¬True¬True¬Fairmore Medical Practice - Rawtenstall Branch¬Rossendale Phcc¬161 Bacup Road¬Rawtenstall¬Rossendale¬Lancashire¬BB4 7PL¬53.700813293457031¬-2.2806482315063477¬01A¬NHS East Lancashire CCG¬01706253530¬fairmoremedicalpractice@nhs.net¬http://www.pwehealthcare.co.uk/¬01706 231616
44640¬Y02606002¬GP¬UNKNOWN¬Visible¬True¬True¬Fairmore Medical Practice - Nelson Branch¬PWE Fairmore¬PHCC¬Station Road¬Nelson¬Lancashire¬BB9 9SZ¬53.836807250976563¬-2.2133281230926514¬01A¬NHS East Lancashire CCG¬01282 644600¬¬http://www.pwehealthcare.co.uk¬01282 618302
44643¬Y02611¬GP¬UNKNOWN¬Visible¬True¬True¬North Chelmsford NHS Healthcare Centre¬Sainsbury's¬2 White Hart Lane¬¬Chelmsford¬Essex¬CM2 5EF¬51.750583648681641¬0.51082897186279297¬06Q¬NHS Mid Essex CCG¬03001233366¬¬https://nchc.gpsurgery.net¬0300 123 4466
44644¬Y04947¬GP¬UNKNOWN¬Visible¬True¬True¬Stoke Aldermoor Surgery¬Aldermoor Clinic¬Aldermoor Lane¬¬Coventry¬West Midlands¬CV3 1BN¬52.402145385742187¬-1.479550838470459¬05A¬NHS Coventry And Rugby CCG¬02476233940¬¬https://www.stokealdermoorsurgery.nhs.uk/¬
44645¬Y04951¬GP¬UNKNOWN¬Visible¬True¬True¬City of Coventry Healthcare Centre (GP Practice)¬2 Stoney Stanton Road¬¬¬Coventry¬West Midlands¬CV1 4FS¬52.414653778076172¬-1.5052506923675537¬05A¬NHS Coventry And Rugby CCG¬0300 200 0060¬¬http://www.cityofcoventrynhshealthcarecentre.nhs.uk/¬02476 228 663
44647¬Y02615¬GP¬UNKNOWN¬Visible¬True¬False¬South Birmingham Gp Walk In Centre¬15 Katie Road¬Selly Oak¬Birmingham¬Birmingham¬¬B29 6JG¬52.438255310058594¬-1.9391295909881592¬15E¬NHS Birmingham And Solihull CCG¬0121 415-2095¬¬¬0121 472-8525
44649¬Y05826¬GP¬UNKNOWN¬Visible¬True¬True¬The Hill General Practice¬Sparkhill Primary Care Centre¬856 Stratford Road¬Sparkhill¬Birmingham¬West Midlands¬B11 4BW¬52.444561004638672¬-1.8586300611495972¬15E¬NHS Birmingham And Solihull CCG¬0345 111 1310¬¬http://thehillgeneralpractice.myhealthcare.co.uk/¬0121 246 9140
44652¬Y02625¬GP¬UNKNOWN¬Visible¬True¬True¬Cares Homes Medical Practice¬Ground Floor Sandringham House¬Windsor Street¬Salford¬Manchester¬Lancashire¬M5 4DG¬53.479522705078125¬-2.2798173427581787¬01G¬NHS Salford CCG¬01612062648¬carehomes@srft.nhs.uk¬¬0161 212 5841
44653¬Y02626¬GP¬UNKNOWN¬Visible¬True¬True¬THE KEYS FAMILY PRACTICE¬Willenhall Health Centre¬The Keys Family Practice¬Field Street¬Willenhall¬West Midlands¬WV13 2NY¬52.584495544433594¬-2.0592000484466553¬05Y¬NHS Walsall CCG¬01922 211272¬¬https://www.modalitypartnership.nhs.uk/keys-family-practice¬
44654¬Y02627¬GP¬UNKNOWN¬Visible¬True¬True¬Blakenall Family Practice¬Blakenall Village Centre¬79 Thames Road¬Blakenall¬Walsall¬West Midlands¬WS3 1LZ¬52.61492919921875¬-1.9876543283462524¬05Y¬NHS Walsall CCG¬01922211270¬¬https://www.modalitypartnership.nhs.uk/blakenall-family-practice¬
44657¬Y02633¬GP¬UNKNOWN¬Visible¬True¬False¬Bow Medical Practice¬Bow Medical Practice¬Iter Cross¬Junction Road¬Bow¬Devon¬EX17 6FB¬50.801624298095703¬-3.8064193725585938¬15N¬NHS Devon CCG¬0136382333¬d-ccg.bowmedicalpracticeenquiries@nhs.net¬http://www.bowmedicalpractice.co.uk/¬01363 82841
44659¬Y02636¬GP¬UNKNOWN¬Visible¬True¬True¬Pennfields Health Centre¬Upper Zoar Street¬Pennfields¬¬Wolverhampton¬West Midlands¬WV3 0JH¬52.578163146972656¬-2.13716721534729¬06A¬NHS Wolverhampton CCG¬01902446688¬wolccg.pennfieldsenquiries@nhs.net¬http://healthandbeyond.healthcare/¬
44661¬Y02639¬GP¬UNKNOWN¬Visible¬True¬True¬SPRING HOUSE MEDICAL CENTRE¬Ascots Lane¬¬¬Welwyn Garden City¬Hertfordshire¬AL7 4HL¬51.782566070556641¬-0.19171305000782013¬06K¬NHS East And North Hertfordshire CCG¬01707294354¬¬http://www.springhouse.nhs.uk/¬
44662¬Y04969¬GP¬UNKNOWN¬Visible¬True¬True¬Camp Hill Gp Led Health Centre¬Ramsden Avenue¬Camphill¬¬Nuneaton¬Warwickshire¬CV10 9EB¬52.533077239990234¬-1.5070466995239258¬05H¬NHS Warwickshire North CCG¬02476390008¬¬http://www.gpledhealthcentre.warwickshire.nhs.uk/Home¬
44663¬Y05364¬GP¬UNKNOWN¬Visible¬True¬True¬BHF Surgery, Lundwood¬Priory Campus (ground floor)¬Pontefract Road¬Lundwood¬Barnsley¬South Yorkshire¬S71 5PN¬53.557712554931641¬-1.4385228157043457¬02P¬NHS Barnsley CCG¬01226240388¬¬http://www.lundwoodpractice.co.uk¬
44664¬Y02646¬GP¬UNKNOWN¬Visible¬True¬True¬Turner Road Surgery¬Colchester Primary Care Centre¬Turner Road¬¬Colchester¬Essex¬CO4 5JR¬51.906848907470703¬0.90298193693161011¬06T¬NHS North East Essex CCG¬01206 481250¬¬https://www.northcolchesterhealthcarecentre.nhs.uk/¬
44667¬Y02653¬GP¬UNKNOWN¬Visible¬True¬True¬High Oak Surgery¬Brierley Hill Health and Social Care Centre¬Venture Way¬¬Brierley Hill¬West Midlands¬DY5 1RU¬52.481758117675781¬-2.117842435836792¬05C¬NHS Dudley CCG¬01384366155¬¬https://www.highoaksurgery.nhs.uk/¬
44668¬Y02656¬GP¬UNKNOWN¬Visible¬True¬True¬City Health Care Partnership Cic - The Wolds Primary Care Practice¬Entrance A¬Bridlington Hospital¬Bessingby Road¬Bridlington¬Yorkshire(East Riding)¬YO16 4QP¬54.086532592773438¬-0.21572500467300415¬02Y¬NHS East Riding Of Yorkshire CCG¬01262 425620¬woldsview.y02656@nhs.net¬http://www.woldsviewpcc.co.uk/¬
44669¬Y02657¬GP¬UNKNOWN¬Visible¬True¬True¬Bentham Road Health Centre¬Bentham Road¬¬¬Blackburn¬Lancashire¬BB2 4QD¬53.730587005615234¬-2.5062551498413086¬00Q¬NHS Blackburn With Darwen CCG¬01254617474¬¬http://www.cornerstonepractice.com¬01254 617475
44670¬Y02658¬GP¬UNKNOWN¬Visible¬True¬True¬Blaydon GP Led Practice¬Shibdon Road¬¬¬Blaydon On Tyne¬Tyne and Wear¬NE21 5NW¬54.958095550537109¬-1.6962389945983887¬13T¬NHS Newcastle Gateshead CCG¬01912834600¬ngccg.y02658@nhs.net¬http://www.blaydongp.nhs.uk/¬0191 283 4642
44671¬Y02755001¬GP¬UNKNOWN¬Visible¬True¬True¬Rock@Radcliffe¬Radcliffe Primary Care Centre¬69 Church Street West¬Radcliffe¬Manchester¬Lancashire¬M26 2SP¬53.560146331787109¬-2.3236918449401855¬00V¬NHS Bury CCG¬0161 447 9820¬¬http://www.rockhealthcare.co.uk¬0161 447 9810
44673¬Y02663¬GP¬UNKNOWN¬Visible¬True¬True¬Droylsden Medical Practice¬1-3 Albion Drive¬Droylsden¬¬Manchester¬Lancashire¬M43 7NP¬53.487171173095703¬-2.1456489562988281¬01Y¬NHS Tameside And Glossop CCG¬01613427777¬droylsdenmedical@nhs.net¬¬0161 342 7779
44676¬Y02669¬GP¬UNKNOWN¬Visible¬True¬True¬CASTLE HEALTH CENTRE¬3-4 York Place¬¬¬Scarborough¬North Yorkshire¬YO11 2NP¬54.280879974365234¬-0.40353292226791382¬42D¬NHS North Yorkshire CCG¬03301239278¬scrccg.admin-castlehealthcentre@nhs.net¬http://www.intrahealth.co.uk/surgeries/castle-health-centre¬01723 375157
44677¬Y02671¬GP¬UNKNOWN¬Visible¬True¬True¬HMC Health¬1st Floor¬92 Bath Road¬¬Hounslow¬Middlesex¬TW3 3LN¬51.468265533447266¬-0.37174022197723389¬07Y¬NHS Hounslow CCG¬02081040810¬¬http://hmchealthhounslow.co.uk¬0208 572 5776
44678¬Y02672¬GP¬UNKNOWN¬Visible¬True¬True¬HMC Health, Feltham¬Third Floor¬The Centre¬¬Feltham¬Middlesex¬TW13 4GU¬51.446369171142578¬-0.41107138991355896¬07Y¬NHS Hounslow CCG¬02081040840¬¬https://hmchealthfeltham.co.uk/¬020 8831 0207
44680¬Y02676¬GP¬UNKNOWN¬Visible¬True¬True¬Brighton Station Health Centre¬Aspect House¬84-87 Queens Road¬¬Brighton¬East Sussex¬BN1 3XE¬50.82794189453125¬-0.14133666455745697¬09D¬NHS Brighton And Hove CCG¬03333210946¬enquiries.brightonstationgp@nhs.net¬http://www.brightonstationhealthcentre.co.uk¬01273 203138
44681¬Y02684¬GP¬UNKNOWN¬Visible¬True¬True¬Quayside Medical Centre ¬Open Door¬Albion Street¬¬Grimsby¬South Humberside¬DN32 7DL¬53.572250366210938¬-0.06868831068277359¬03H¬NHS North East Lincolnshire CCG¬01472344608¬cpg.quayside@nhs.net¬http://www.quaysidemedicalcentre.co.uk¬01472 255 859
44682¬Y02686¬GP¬UNKNOWN¬Visible¬True¬True¬Bowling Green Street Surgery¬¬1st Floor¬29 - 31 Bowling Green Street¬Leicester¬Leicestershire¬LE1 6AS¬52.632850646972656¬-1.1327613592147827¬04C¬NHS Leicester City CCG¬0116 204 7240¬¬https://www.bowlinggreenstsurgery.co.uk¬0116 255 4966
44684¬Y02701¬GP¬UNKNOWN¬Visible¬True¬True¬Great Bridge Health Centre¬Great Bridge Health Centre¬Unit18 The Great Bridge Centre¬Great Bridge Street¬West Bromwich¬West Midlands¬B70 0BF¬52.527778625488281¬-2.0277416706085205¬05L¬NHS Sandwell And West Birmingham CCG¬0121 6123650¬¬http://www.greatbridgehealth.nhs.uk/¬
44687¬Y02701001¬GP¬UNKNOWN¬Visible¬True¬True¬Lyndon Health Centre¬Parsonage Street¬¬¬West Bromwich¬West Midlands¬B71 4DL¬52.530864715576172¬-1.9875004291534424¬05L¬NHS Sandwell And West Birmingham CCG¬01216123575¬¬http://www.lyndonhealth.nhs.uk/¬
44688¬Y02707¬GP¬UNKNOWN¬Visible¬True¬True¬St. Luke's Health Centre¬Pantile Avenue¬¬¬Southend On Sea¬Essex¬SS2 4BD¬51.550998687744141¬0.72931855916976929¬99G¬NHS Southend CCG¬03333210918¬¬http://www.stlukeshealthcentre.co.uk¬01702 617058
44689¬Y04968¬GP¬UNKNOWN¬Visible¬True¬True¬Farrier House Surgery¬Farrier House¬Farrier Street¬¬Worcester¬Worcestershire¬WR1 3BH¬52.196231842041016¬-2.2232699394226074¬18C¬NHS Herefordshire And Worcestershire CCG¬01905879100¬admin.farrierhouse@nhs.net¬https://www.farrierhousesurgery.co.uk¬01905 616255
44690¬A87029001¬GP¬UNKNOWN¬Visible¬True¬True¬Battle Hill Health Centre¬Belmont Close¬Wallsend¬¬Wallsend¬Tyne and Wear¬NE28 9DX¬55.006458282470703¬-1.5158697366714478¬99C¬NHS North Tyneside CCG¬01912958520¬¬http://parkroadpracticewallsend.nhs.uk/¬0191 295 8522
44692¬Y02713¬GP¬UNKNOWN¬Visible¬True¬True¬Guide Bridge Medical Practice¬Guide Lane¬Audenshaw¬¬Manchester¬Lancashire¬M34 5HY¬53.471591949462891¬-2.1132657527923584¬01Y¬NHS Tameside And Glossop CCG¬01613442609¬¬http://www.gtdhealthcare.co.uk/practice/4/guide-bridge-medical-practice.aspx¬0161 343 3706
44693¬Y02718¬GP¬UNKNOWN¬Visible¬True¬True¬Birtle View Medical Practice¬George Street¬¬¬Heywood¬Lancashire¬OL10 4PW¬53.595188140869141¬-2.2276849746704102¬01D¬NHS Heywood, Middleton And Rochdale CCG¬01706 664140¬birtleview.admin@nhs.net¬http://birtleviewmedicalpractice.org.uk¬01706  664141
44695¬Y02720¬GP¬UNKNOWN¬Visible¬True¬True¬The Kingsway Practice¬285a Kingsway¬¬¬Rochdale¬Lancashire¬OL16 4AT¬53.612155914306641¬-2.1355743408203125¬01D¬NHS Heywood, Middleton And Rochdale CCG¬01706 664120¬hmrccg.kingsway.admin@nhs.net¬http://thekingswaypractice.org.uk¬01706 664121
44696¬Y02721¬GP¬UNKNOWN¬Visible¬True¬True¬Kirkholt Medical Practice¬Kirkholt Medical Practice¬The Strand¬Kirkholt¬Rochdale¬Lancashire¬OL11 2JG¬53.593769073486328¬-2.1556551456451416¬01D¬NHS Heywood, Middleton And Rochdale CCG¬01706 664130¬kirkholt.admin@nhs.net¬http://kirkholtmedicalpractice.org.uk¬01706 664131
44700¬Y02736¬GP¬UNKNOWN¬Visible¬True¬True¬Showell Park Health Centre¬Fifth Avenue¬Showell Park¬Low Hill¬Wolverhampton¬West Midlands¬WV10 9ST¬52.608203887939453¬-2.1169502735137939¬06A¬NHS Wolverhampton CCG¬01902446711¬wolccg.showellparkhc@nhs.net¬http://www.showellparkhealthcentre.co.uk¬01902 446710
44702¬Y02747¬GP¬UNKNOWN¬Visible¬True¬True¬Haxby Group Kingswood Surgery¬Kingswood Healthcare Centre¬10 School Lane Kingswood¬¬Hull¬East Riding Of Yorkshire¬HU7 3JQ¬53.802021026611328¬-0.35287824273109436¬03F¬NHS Hull CCG¬01482303963¬¬¬01482 303973
44705¬Y02753¬GP¬UNKNOWN¬Visible¬True¬True¬Hill Top Surgery¬Fitton Hill Neighbourhood Centre¬Fircroft Road¬Fitton Hill¬Oldham¬Lancashire¬OL8 2QD¬53.521358489990234¬-2.1020832061767578¬00Y¬NHS Oldham CCG¬0161 312 3080¬hilltop@nhs.net¬http://www.hilltopsurgery.org.uk¬
44707¬Y02755¬GP¬UNKNOWN¬Visible¬True¬True¬Rock Healthcare Limited¬Moorgate Primary Care Centre¬22 Derby Way¬¬Bury¬Lancashire¬BL9 0NJ¬53.595535278320313¬-2.288576602935791¬00V¬NHS Bury CCG¬0161 447 9820¬¬https://www.rockhealthcare.nhs.uk/¬
44708¬Y02757¬GP¬UNKNOWN¬Visible¬True¬True¬Bilston Urban Village Medical Centre¬Bankfield Road¬¬¬Bilston¬West Midlands¬WV14 0EE¬52.563179016113281¬-2.0768144130706787¬06A¬NHS Wolverhampton CCG¬01902409905¬¬http://www.intrahealth.co.uk/surgeries/bilston-urban-village-medical-centre.html¬01902 409920
44711¬Y02767¬GP¬UNKNOWN¬Visible¬True¬True¬The Height General Practice¬355 Bolton Road¬Irlams O'Th'Height¬¬Salford¬Lancashire¬M6 7NJ¬53.500675201416016¬-2.308720588684082¬01G¬NHS Salford CCG¬01617365282¬heights.generalpractice@nhs.net¬http://www.ssphealth.com¬0161 925 0837
44712¬Y02769¬GP¬UNKNOWN¬Visible¬True¬True¬St Neots Health Centre¬24 Moore's Walk¬¬¬St Neots¬Cambridgeshire¬PE19 1AG¬52.228954315185547¬-0.26712325215339661¬06H¬NHS Cambridgeshire And Peterborough CCG¬01480219317¬capccg.stneotshc@nhs.net¬http://www.mhstneots.co.uk¬01480 216223
44714¬L85064001¬GP¬UNKNOWN¬Visible¬True¬True¬Nhs Yeovil Health Centre¬37 Middle Street¬¬¬Yeovil¬Somerset¬BA20 1LS¬50.941513061523438¬-2.6296429634094238¬11X¬NHS Somerset CCG¬01935709269¬info@yeovilhealthcentre.nhs.uk¬¬
44715¬Y04965¬GP¬UNKNOWN¬Visible¬True¬True¬Foleshill Surgery¬Station Street West¬¬¬Coventry¬West Midlands¬CV6 5ND¬52.430912017822266¬-1.5022153854370117¬05A¬NHS Coventry And Rugby CCG¬02476707030¬¬https://www.foleshillsurgery.nhs.uk/¬
44717¬Y02787¬GP¬UNKNOWN¬Visible¬True¬True¬Market Hill 8 to 8 Centre¬The Ironstone Centre¬West Street¬¬Scunthorpe¬South Humberside¬DN15 6HX¬53.592365264892578¬-0.65238481760025024¬03K¬NHS North Lincolnshire CCG¬01724292000¬¬¬01724 292001
44718¬Y02790¬GP¬UNKNOWN¬Visible¬True¬True¬Bolton Medical Centre¬21 Rupert Street¬Great Lever¬¬Bolton¬Lancashire¬BL3 6PY¬53.565433502197266¬-2.4313843250274658¬00T¬NHS Bolton CCG¬01204463900¬boltonmedical@nhs.net¬www.ssphealth.com¬01204 463901
44719¬Y02794¬GP¬UNKNOWN¬Visible¬True¬True¬Oakleaf Medical Practice¬Washwood Heath Health & Wellbeing Centre¬Clodeshall Road¬¬Birmingham¬West Midlands¬B8 3SW¬52.488014221191406¬-1.8489861488342285¬15E¬NHS Birmingham And Solihull CCG¬01212700015¬¬http://www.oakleafmedicalpractice.com¬0121 3224419
44720¬Y02795¬GP¬UNKNOWN¬Visible¬True¬True¬Middleton Health Centre¬Unit F1, Middleton Shopping Centre¬Limetrees Road¬Middleton¬Manchester¬Lancashire¬M24 4EL¬53.548572540283203¬-2.2017805576324463¬01D¬NHS Heywood, Middleton And Rochdale CCG¬01612713010¬hmrccg.mhc@nhs.net¬http://www.middletonhealthcentre.org.uk¬
44721¬Y02807¬GP¬UNKNOWN¬Visible¬True¬True¬The Thurrock Health Centre¬55-57 High Street¬¬¬Grays¬Essex¬RM17 6NB¬51.477401733398438¬0.32333111763000488¬07G¬NHS Thurrock CCG¬01375898700¬¬http://www.thurrockhealthcentre.nhs.uk¬
44722¬Y02811¬GP¬UNKNOWN¬Visible¬True¬True¬Cator Medical Centre¬Beckenham Beacon¬379 Croydon Road¬¬Beckenham¬Kent¬BR3 3FD¬51.404872894287109¬-0.03270648792386055¬72Q¬NHS South East London CCG¬02089153100¬broccg.catoradmin@nhs.net¬http://www.catormedicalcentre.nhs.uk¬020 8650 9819
44724¬Y05363001¬GP¬UNKNOWN¬Visible¬True¬True¬Shafton Surgery¬Unit 5 & 6¬¬¬Barnsley¬South Yorkshire¬S72 8WL¬53.591232299804688¬-1.4086185693740845¬02P¬NHS Barnsley CCG¬01226 712961¬¬¬
44725¬Y05363¬GP¬UNKNOWN¬Visible¬True¬True¬BHF Highgate Surgery ¬The Grimethorpe Centre¬Acorn Way¬Grimethorpe¬Barnsley¬South Yorkshire¬S72 7NZ¬53.573616027832031¬-1.3789632320404053¬02P¬NHS Barnsley CCG¬01226707414¬¬http://www.highgatesurgery.co.uk¬
44726¬Y02816¬GP¬UNKNOWN¬Visible¬True¬True¬Eastbourne Station Health Centre¬Eastbourne Station Health |Centre¬Eastbourne Station¬Terminus Road¬Eastbourne¬East Sussex¬BN21 3QJ¬50.769416809082031¬0.2810361385345459¬97R¬NHS East Sussex CCG¬01323726650¬¬¬01323 736228
44729¬Y02827¬GP¬UNKNOWN¬Visible¬True¬True¬John Street Medical Practice¬1 John Street¬¬¬Oldham¬Lancashire¬OL8 1DF¬53.540176391601563¬-2.1200885772705078¬00Y¬NHS Oldham CCG¬0161 357 2060¬johnstreet.medical@nhs.net¬http://johnstreetmedicalpractice.org.uk/¬0161 785 7031
44731¬Y02837¬GP¬UNKNOWN¬Visible¬True¬True¬Same Day Health Centre – Fleetwood¬Same Day Health Centre¬Fleetwood Health & Wellbeing Centre¬Dock Street¬Fleetwood¬Lancashire¬FY7 6HP¬53.92095947265625¬-3.0104010105133057¬02M¬NHS Fylde & Wyre CCG¬0300 1231144¬¬¬
44733¬Y02842¬GP¬UNKNOWN¬Visible¬True¬True¬Half Penny Steps Health Centre¬427-429 Harrow Road¬¬¬London¬Greater London¬W10 4RE¬51.526874542236328¬-0.20706653594970703¬08Y¬NHS West London (K&C & Qpp) CCG¬02089628700¬halfpennysteps@nhs.net¬http://www.halfpennystepshc.nhs.uk/¬020 8962 1420
44735¬Y02847¬GP¬UNKNOWN¬Visible¬True¬True¬NEMS Platform One Practice¬Station Street¬¬¬Nottingham¬Nottinghamshire¬NG2 3AJ¬52.947784423828125¬-1.1461446285247803¬52R¬NHS Nottingham And Nottinghamshire CCG¬01158831900¬ncccg.receptiony02847@nhs.net¬https://www.nemsplatformone.co.uk¬0115 8831901
44736¬Y02849¬GP¬UNKNOWN¬Visible¬True¬True¬City Health Centre¬Second Floor (Boots)¬32 Market Street¬¬Manchester¬Lancashire¬M1 1PL¬53.482929229736328¬-2.2427997589111328¬14L¬NHS Manchester CCG¬01618396227¬¬https://www.gtdhealthcare.co.uk/¬0161 839 7696
44737¬Y04809¬GP¬UNKNOWN¬Visible¬True¬True¬Lakeside Surgery¬Goldthorpe Green¬Goldthorpe¬¬Rotherham¬South Yorkshire¬S63 9EH¬53.528102874755859¬-1.3109149932861328¬02P¬NHS Barnsley CCG¬01709886360¬¬¬
44740¬Y02854¬GP¬UNKNOWN¬Visible¬True¬False¬GP Led Health Centre¬Whitegate Health Centre¬Whitegate Drive¬¬Blackpool¬Lancashire¬FY3 9ES¬53.812831878662109¬-3.0345134735107422¬00R¬NHS Blackpool CCG¬01253953953¬¬¬01253 955594
44741¬Y02867¬GP¬UNKNOWN¬Visible¬True¬True¬Middleport Medical Centre¬Newport Lane¬¬¬Stoke-On-Trent¬Staffordshire¬ST6 3NP¬53.040035247802734¬-2.2049400806427002¬05W¬NHS Stoke On Trent CCG¬03001231131¬¬¬
44744¬Y02873¬GP¬UNKNOWN¬Visible¬True¬True¬The Compass Centre¬1 Jamaica Street¬¬¬Bristol¬Avon¬BS2 8JP¬51.462623596191406¬-2.590641975402832¬15C¬NHS Bristol, North Somerset And South Gloucestershire CCG¬01179893450¬¬http://homelesshealthservice.co.uk/¬
44745¬Y02875¬GP¬UNKNOWN¬Visible¬True¬True¬Lindley House Health Centre¬Ground Floor, Integrated Care Centre (Icc)¬New Radcliffe Street¬¬Oldham¬Lancashire¬OL1 1NL¬53.543827056884766¬-2.1169297695159912¬00Y¬NHS Oldham CCG¬01617857520¬oldccg.y02875@nhs.net¬http://www.gtdhealthcare.co.uk/practice/lindley-medical-practice-¬0161 785 7521
44748¬Y02885¬GP¬UNKNOWN¬Visible¬True¬True¬Marsh Green Medical Practice¬Harrow Road¬Marsh Green¬¬Wigan¬Lancashire¬WN5 0QL¬53.549224853515625¬-2.6672859191894531¬02H¬NHS Wigan Borough CCG¬01942 483135¬¬https://www.ssphealth.com/¬01942 483149
44749¬Y02886¬GP¬UNKNOWN¬Visible¬True¬True¬Leigh Sports Village Practice¬Leigh Sports Village¬Sale Way¬¬Leigh¬Lancashire¬WN7 4JY¬53.489456176757813¬-2.5310642719268799¬02H¬NHS Wigan Borough CCG¬01942483121¬gp-y02886@nhs.net¬https://www.ssphealth.com¬01942 483133
44751¬Y02890¬GP¬UNKNOWN¬Visible¬True¬True¬Hawthorn Medical Centre¬Unit K, Fallowfield Retail Park¬Birchfields Road¬Levenshulme¬Manchester¬¬M14 6FS¬53.442295074462891¬-2.2045879364013672¬14L¬NHS Manchester CCG¬01612206080¬cmccg.hawthorn@nhs.net¬http://www.hawthornmedicalcentre.org.uk¬0161 220 6081
44752¬Y02893¬GP¬UNKNOWN¬Visible¬True¬True¬Iridium Medical Practice¬¬299 Bordesley Green East¬¬Birmingham¬West Midlands¬B33 8TA¬52.47772216796875¬-1.8153935670852661¬15E¬NHS Birmingham And Solihull CCG¬0121 203 3000¬iridium.medicalpractice@nhs.net¬https://irmp.digipractice.org/¬0121 203 3066
44755¬Y02900¬GP¬UNKNOWN¬Visible¬True¬True¬Brooklands Health Centre¬¬Montague Crescent¬¬Milton Keynes¬Buckinghamshire¬MK10 7LN¬52.045295715332031¬-0.67385828495025635¬04F¬NHS Milton Keynes CCG¬01908874444¬¬http://www.brooklandshealthcentre.nhs.uk¬01908 672 646
44759¬Y02906¬GP¬UNKNOWN¬Visible¬True¬True¬Canberra Old Oak Surgery¬Parkview Centre For Health & Wellbeing¬Cranston Court¬56 Bloemfontein Road¬London¬Greater London¬W12 7FG¬51.510845184326172¬-0.23520596325397491¬08C¬NHS Hammersmith And Fulham CCG¬02070626320¬¬http://www.canberraoldoaksurgery.co.uk¬
44760¬Y02914¬GP¬UNKNOWN¬Visible¬True¬False¬Angel Medical Services¬34 Ritchie Street¬Islington¬¬London¬Greater London¬N1 0DG¬51.534740447998047¬-0.10784372687339783¬93C¬NHS North Central London CCG¬02078371663¬¬http://www.ritchiestreethealthcentre.co.uk¬0207 837 3656
44761¬Y02928¬GP¬UNKNOWN¬Visible¬True¬True¬Albert Road Surgery¬76 Albert Road¬North Woolwich¬¬London¬Greater London¬E16 2DY¬51.501556396484375¬5.3122717887163162E-2¬08M¬NHS Newham CCG¬02081042222¬albertroad.britannia@nhs.net¬http://www.arbvsurgery.co.uk¬020 7474 2616
44762¬Y02928001¬GP¬UNKNOWN¬Visible¬True¬True¬Britannia Village Surgery¬12A Wesley Avenue¬¬¬London¬Greater London¬E16 1RZ¬51.504539489746094¬2.5835301727056503E-2¬08M¬NHS Newham CCG¬02030400100¬albertroad.britannia@nhs.net¬http://www.arbvsurgery.co.uk¬020 7476 7867
44763¬Y02933¬GP¬UNKNOWN¬Visible¬True¬True¬Hollinwood Medical Practice¬1 Clive Street¬Hollinwood¬¬Oldham¬Lancashire¬OL8 3TR¬53.522102355957031¬-2.1276390552520752¬00Y¬NHS Oldham CCG¬0161 357 2070¬¬http://www.hollinwoodpractice.org.uk¬
44764¬Y02936¬GP¬UNKNOWN¬Visible¬True¬True¬Millbrook Medical Practice¬Hollybank¬Off Grove Road¬¬Stalybridge¬Cheshire¬SK15 3BJ¬53.492267608642578¬-2.034266471862793¬01Y¬NHS Tameside And Glossop CCG¬01613042470¬millbrookmedical@nhs.net¬http://www.gtdhealthcare.co.uk/practice/millbrook-medical-practice¬0161 3042471
44766¬Y02946¬GP¬UNKNOWN¬Visible¬True¬True¬The Junction Health Centre¬Arches 5-8 Clapham Junction Station¬Grant Road¬¬Clapham Junction¬¬SW11 2NU¬51.465229034423828¬-0.17074126005172729¬36L¬NHS South West London CCG¬0300 130 3333¬thejunctionhealthcentre@practiceplus.co.uk¬http://www.practiceplusjunctionhealthcentre.nhs.uk/¬0333 200 1719
44769¬Y02960¬GP¬UNKNOWN¬Visible¬True¬True¬New Bank Health Centre¬339 Stockport Road¬Longsight¬¬Manchester¬¬M12 4JE¬53.460128784179687¬-2.2043693065643311¬14L¬NHS Manchester CCG¬0161 277 5600¬cmccg.newbank@nhs.net¬https://www.newbank.nhs.uk/¬0161 277 5601
44771¬Y02962¬GP¬UNKNOWN¬Visible¬True¬True¬Edridge Road Community Health Centre¬IMPACT HOUSE¬2 Edridge Road¬¬Croydon¬¬CR0 1FE¬51.370510101318359¬-9.8085373640060425E-2¬36L¬NHS South West London CCG¬020 3040 0800¬edridgeroad.communityhc@nhs.net¬https://www.edridgeroadchc.nhs.uk¬
44776¬Y02973¬GP¬UNKNOWN¬Visible¬True¬True¬Kings Park Surgery¬St Clements Avenue¬Off Gubbins Lane¬¬Harold Wood¬Essex¬RM3 0FE¬51.593185424804688¬0.22571356594562531¬08F¬NHS Havering CCG¬0203 416 7711¬kingspark.surgery@nhs.net¬http://www.kingsparksurgery.org.uk¬01798 574058
44777¬Y02974¬GP¬UNKNOWN¬Visible¬True¬True¬Thamesmead Health Centre¬4-5 Thames Reach¬Thamesmead¬¬London¬Greater London¬SE28 0NY¬51.498470306396484¬9.0285837650299072E-2¬72Q¬NHS South East London CCG¬02083195880¬greccg.thamesmead-nhs@nhs.net¬https://www.thamesmeadhealthcentre.co.uk¬020 8319 5898
44779¬Y02986¬GP¬UNKNOWN¬Visible¬True¬True¬Cricklewood Health Centre¬Britannia Business Centre¬2 Cricklewood Lane¬¬Barnet¬London¬NW2 1DZ¬51.557456970214844¬-0.21529783308506012¬93C¬NHS North Central London CCG¬03000334335¬¬¬
44780¬Y02987¬GP¬UNKNOWN¬Visible¬True¬True¬The Loxford Practice¬Loxford Polyclinic¬417 Ilford Lane¬¬Ilford¬Essex¬IG1 2SN¬51.546516418457031¬7.6898001134395599E-2¬08N¬NHS Redbridge CCG¬02038877900¬¬http://www.loxfordgp.co.uk¬020 8822 4280
44785¬Y03035¬GP¬UNKNOWN¬Visible¬True¬True¬Queenswood Medical Practice¬1St Floor¬Hornsey Neighbourhood Centre¬151 Park Road¬London¬Greater London¬N8 8JD¬51.583419799804688¬-0.13102442026138306¬93C¬NHS North Central London CCG¬020 3143 3500¬¬http://www.queenswoodmedicalpractice.co.uk/¬020 3143 3550
44787¬Y03052¬GP¬UNKNOWN¬Visible¬True¬True¬Great Berry Surgery¬Nightingales¬Langdon Hills¬¬Basildon¬Essex¬SS16 6SA¬51.566070556640625¬0.40776169300079346¬99E¬NHS Basildon And Brentwood CCG¬01268418200¬¬www.langdonhillsmedicalcentre.nhs.uk¬01268 417502
44789¬Y03079¬GP¬UNKNOWN¬Visible¬True¬True¬Bolton Community Practice¬Waters Meeting Health Centre¬Navigation Pk Waters Meet Road¬¬Bolton¬Lancashire¬BL1 8TU¬53.596279144287109¬-2.4306716918945313¬00T¬NHS Bolton CCG¬01204463444¬bolton.communitypractice@nhs.net¬http://www.boltoncommunitypractice.nhs.uk/¬
44791¬Y03079001¬GP¬UNKNOWN¬Visible¬True¬True¬Bolton Community Practice CIC - Ladybridge Surgery¬10-12 Broadgate¬¬¬Bolton¬Lancashire¬BL3 4PZ¬53.570396423339844¬-2.4764940738677979¬00T¬NHS Bolton CCG¬01204463444¬bolton.communitypractice@nhs.net¬http://www.boltoncommunitypractice.nhs.uk/¬
44792¬Y03079003¬GP¬UNKNOWN¬Visible¬True¬True¬Bolton Community Practice CIC - Little Lever Surgery¬Bolton Community Practice¬Little Lever Health Centre¬Mytham Road¬Bolton¬Greater Manchester¬BL3 1JF¬53.559822082519531¬-2.3706090450286865¬00T¬NHS Bolton CCG¬01204 463444¬bolton.communitypractice@nhs.net¬http://www.boltoncommunitypractice.nhs.uk¬
44793¬Y03079002¬GP¬UNKNOWN¬Visible¬True¬True¬Bolton Community Practice CIC - The Market Surgery¬103 Chorley New Road¬Horwich¬¬Bolton¬Lancashire¬BL6 5QF¬53.599071502685547¬-2.5510549545288086¬00T¬NHS Bolton CCG¬01204463444¬bolton.communitypractice@nhs.net¬http://www.boltoncommunitypractice.nhs.uk/¬
44797¬Y03124¬GP¬UNKNOWN¬Visible¬True¬True¬Grange Farm Medical Centre¬17a Tremayne Road¬Bilborough¬¬Nottingham¬Nottinghamshire¬NG8 4HQ¬52.960227966308594¬-1.2352371215820313¬52R¬NHS Nottingham And Nottinghamshire CCG¬01158965002¬ncccg.contact-gfmc@nhs.uk¬http://www.gfmc.org.uk¬0115 837 8610
44800¬Y03135¬GP¬UNKNOWN¬Visible¬True¬True¬Bridge House Medical Practice¬96 Umfreville Road¬¬¬London¬Greater London¬N4 1TL¬51.577312469482422¬-9.9119633436203003E-2¬93C¬NHS North Central London CCG¬02084829697¬bridgehouse.reception@nhs.net¬http://www.bridgehouselondon.nhs.uk¬
44804¬Y03222001¬GP¬UNKNOWN¬Visible¬True¬True¬St John's Branch Surgery¬Churchgate Way¬Terrington St John¬¬King's Lynn¬Norfolk¬PE34 4LZ¬52.759700775146484¬0.29704940319061279¬26A¬NHS Norfolk And Waveney CCG¬01553828884¬¬¬
44805¬Y03222¬GP¬UNKNOWN¬Visible¬True¬True¬St Johns Surgery¬Main Road¬Terrington St John¬¬Wisbech¬Cambridgeshire¬PE14 7RR¬52.705421447753906¬0.27504205703735352¬26A¬NHS Norfolk And Waveney CCG¬01945 880471¬¬https://tsj.org.uk/¬01945 881610
44806¬Y03296¬GP¬UNKNOWN¬Visible¬True¬True¬Clover Health Centre¬Equitable House¬10 Woolwich New Road¬Woolwich¬London¬Greater London¬SE18 6AB¬51.490360260009766¬0.06858053058385849¬72Q¬NHS South East London CCG¬02083310567¬¬¬
44809¬Y05622¬GP¬UNKNOWN¬Visible¬True¬True¬Southglade Medical Practice¬Southglade Road¬Southglade Park¬Bestwood¬Nottingham¬Nottinghamshire¬NG5 5GU¬52.998733520507813¬-1.1736148595809937¬52R¬NHS Nottingham And Nottinghamshire CCG¬01159770224¬ncccg.southglademedicalpractice@nhs.net¬http://www.nhs.uk/services/gp/overview/defaultview.aspx?id=42291¬0115 9777889
44811¬Y03366¬GP¬UNKNOWN¬Visible¬True¬True¬The Olive Family Practice Ltd¬The Pikes Lane Centre¬Deane Road¬¬Bolton¬Lancashire¬BL3 5HP¬53.572731018066406¬-2.4463331699371338¬00T¬NHS Bolton CCG¬01204462299¬olivefp@nhs.net¬www.theolivefamilypractice.nhs.uk¬01204 462268
44812¬Y03402¬GP¬UNKNOWN¬Visible¬True¬True¬Evergreen Primary Care Centre¬1 Smythe Close¬Edmonton¬¬London¬Greater London¬N9 0TW¬51.624065399169922¬-6.0124397277832031E-2¬93C¬NHS North Central London CCG¬02088878354¬¬http://www.evergreensurgery.nhs.uk/welcome,52294.htm¬0208 887 8340
44814¬Y03441¬GP¬UNKNOWN¬Visible¬True¬True¬Earls Court Health and Wellbeing Centre¬2B Hogarth Road¬¬¬Earls Court¬¬SW5 0PT¬51.492820739746094¬-0.19252724945545197¬08Y¬NHS West London (K&C & Qpp) CCG¬02070527540¬¬https://www.westlondonpractice.co.uk/¬
44816¬Y03595¬GP¬UNKNOWN¬Visible¬True¬True¬Beechcroft Surgery¬23 Beechcroft¬Three Mile Lane¬New Costessey¬Norwich¬Norfolk¬NR5 0RS¬52.645797729492187¬1.2172492742538452¬26A¬NHS Norfolk And Waveney CCG¬01603 746 683¬¬http://www.coastaldoctors.co.uk/beechcroft¬
44817¬Y03597¬GP¬UNKNOWN¬Visible¬True¬True¬Hamd Medical Practice¬Washwood Heath Health & Wellbeing Centre¬4 Clodeshall Road¬¬Birmingham¬West Midlands¬B8 3SW¬52.487785339355469¬-1.8490968942642212¬15E¬NHS Birmingham And Solihull CCG¬01212705540¬hamd.medicalpractice@nhs.net¬http://www.hamdmedicalpractice.co.uk¬0121 322 4481
44818¬Y03602¬GP¬UNKNOWN¬Visible¬True¬True¬Grey Gable Surgery¬High Street¬Inkberrow¬¬Worcester¬Worcestershire¬WR7 4BW¬52.215312957763672¬-1.9795812368392944¬18C¬NHS Herefordshire And Worcestershire CCG¬01386793007¬grey.gable@nhs.net¬http://www.greygablesurgery.com¬01386 793113
44824¬Y02321001¬GP¬UNKNOWN¬Visible¬True¬True¬Nelson St Surgery¬Ormerod House¬Nelson Street¬Atherton¬Manchester¬Greater Manchester¬M46 0LE¬53.527492523193359¬-2.5007967948913574¬02H¬NHS Wigan Borough CCG¬01942481680¬gp-y02321@nhs.net¬https://www.ssphealth.com/our-practices/nelson-street-surgery¬01942 481686
44825¬Y02321¬GP¬UNKNOWN¬Visible¬True¬True¬Poplar St Surgery¬Tyldesley Health centre¬Poplar Street¬¬Tyldesley¬Greater Manchester¬M29 8AX¬53.516719818115234¬-2.4689841270446777¬02H¬NHS Wigan Borough CCG¬01942481680¬gp-y02321@nhs.net¬https://www.ssphealth.com/our-practices/poplar-street-surgery¬01942 482589
245478¬A82044¬GP¬UNKNOWN¬Visible¬True¬True¬Beech House Surgery¬St Bridgets Lane¬¬¬Egremont¬Cumbria¬CA22 2BD¬54.482231140136719¬-3.5307741165161133¬01H¬NHS North Cumbria CCG¬01946820203¬¬http://www.fellviewhealthcare.nhs.uk¬01946 820372
245479¬A82044001¬GP¬UNKNOWN¬Visible¬True¬True¬Cleator Moor Surgery¬Cleator Moor Health Centre¬Birks Road¬¬Cleator Moor¬Cumbria¬CA25 5HP¬54.522613525390625¬-3.5161993503570557¬01H¬NHS North Cumbria CCG¬01946810427¬¬http://www.fellviewhealthcare.nhs.uk¬01946 810933
245480¬A82044003¬GP¬UNKNOWN¬Visible¬True¬True¬Griffin Close Surgery¬Griffin Close¬¬¬Frizington¬Cumbria¬CA26 3SH¬54.542373657226562¬-3.4959697723388672¬01H¬NHS North Cumbria CCG¬01946810777¬¬http://www.fellviewhealthcare.nhs.uk¬01946 814738
245490¬D81002001¬GP¬UNKNOWN¬Visible¬True¬True¬Girton Branch Surgery¬1A Pepys Way¬¬¬Cambridge¬Cambridgeshire¬CB3 0PA¬52.234310150146484¬0.08384057879447937¬06H¬NHS Cambridgeshire And Peterborough CCG¬01223364127¬¬http://www.huntingdonroadsurgery.co.uk/¬
245591¬A86023001¬GP¬UNKNOWN¬Visible¬True¬True¬Molineux Street NHS Centre¬Molineux Street Nhs Centre, Byker¬¬¬Newcastle Upon Tyne¬Tyne And Wear¬NE6 1SG¬54.977493286132813¬-1.5834622383117676¬13T¬NHS Newcastle Gateshead CCG¬01912821010¬¬http://benfieldparkmedicalgroup.co.uk/¬
245799¬B83015001¬GP¬UNKNOWN¬Visible¬True¬True¬Holmewood Health Centre¬Holmewood Road¬¬¬Bradford¬West Yorkshire¬BD4 9EJ¬53.777790069580078¬-1.712254524230957¬36J¬NHS Bradford District And Craven CCG¬01274683331¬¬http://www.tongmedicalpractice.nhs.uk¬01274 227900
352483¬L82022001¬GP¬UNKNOWN¬Visible¬True¬True¬Pelynt Surgery¬Summer Lane¬¬¬Pelynt¬Cornwall¬PL13 2LP¬50.370670318603516¬-4.5280876159667969¬11N¬NHS Kernow CCG¬01503266960¬oldbridgesurgery.looe@nhs.net¬http://www.oldbridgesurgery.co.uk¬
352484¬L82022002¬GP¬UNKNOWN¬Visible¬True¬True¬Polperro Surgery¬The Coombes¬¬¬Polperro¬Cornwall¬PL13 2RQ¬50.332866668701172¬-4.5221447944641113¬11N¬NHS Kernow CCG¬01503266960¬oldbridgesurgery.looe@nhs.net¬http://www.oldbridgesurgery.co.uk¬
352720¬L81066002¬GP¬UNKNOWN¬Visible¬True¬True¬Stafford Place Surgery¬4 Stafford Place¬¬¬Weston-Super-Mare¬Avon¬BS23 2QZ¬51.351047515869141¬-2.9719345569610596¬15C¬NHS Bristol, North Somerset And South Gloucestershire CCG¬01934524260¬¬http://www.lockingcastlemedical.co.uk/¬
461551¬M81068001¬GP¬UNKNOWN¬Visible¬True¬True¬Cookley Surgery¬1 Lea Lane¬¬¬Kidderminster¬Worcestershire¬DY10 3TA¬52.419639587402344¬-2.2325732707977295¬18C¬NHS Herefordshire And Worcestershire CCG¬01562850770¬¬http://www.aylmerlodgecookleypartnership.co.uk¬01562 852540
462278¬P86010001¬GP¬UNKNOWN¬Visible¬True¬True¬Alkrington Junction Practice¬Alkrington Health Centre¬Hardfield Road¬Middleton¬Manchester¬Greater Manchester¬M24 1PQ¬53.536144256591797¬-2.1922428607940674¬01D¬NHS Heywood, Middleton And Rochdale CCG¬0161 271 3030¬¬http://www.junctionsurgery.nhs.uk/¬
462861¬Y03663¬GP¬UNKNOWN¬Visible¬True¬True¬Hendon Way Surgery ¬215 West Hendon Broadway¬Hendon¬¬London¬Greater London¬NW9 7DG¬51.579181671142578¬-0.24188363552093506¬93C¬NHS North Central London CCG¬02081029830¬hendonwaysurgery@nhs.net¬http://www.hendonwaysurgery.nhs.uk¬02082028378
462862¬Y03664¬GP¬UNKNOWN¬Visible¬True¬True¬Dr Azim and partners¬67 Elliot Road¬Hendon¬¬London¬Greater London¬NW4 3EB¬51.579654693603516¬-0.22571486234664917¬93C¬NHS North Central London CCG¬020 8457 3950¬¬http://www.drazimandpartners.nhs.uk/¬020 8203 1682
570715¬G82038001¬GP¬UNKNOWN¬Visible¬True¬True¬Golf Road Surgery¬22 Golf Road¬¬¬Deal¬Kent¬CT14 6PY¬51.229953765869141¬1.3993278741836548¬91Q¬NHS Kent And Medway CCG¬01304369777¬¬http://www.strichardsroadsurgery.nhs.uk/¬
570725¬Y03656¬GP¬UNKNOWN¬Visible¬True¬True¬Leyland Surgery¬West Paddock¬Leyland¬¬Preston¬Lancashire¬PR25 1HR¬53.690269470214844¬-2.7028357982635498¬00X¬NHS Chorley And South Ribble CCG¬01772 529350¬¬http://www.leylandsurgery.co.uk¬01772 529340
750278¬B84612002¬GP¬UNKNOWN¬Visible¬True¬True¬Boothtown Medical Centre¬Woodside Road¬¬¬Halifax¬West Yorkshire¬HX3 6EL¬53.730209350585937¬-1.8669267892837524¬02T¬NHS Calderdale CCG¬01422433330¬¬http://www.caritashealth.org.uk¬
750742¬H81032002¬GP¬UNKNOWN¬Visible¬True¬True¬Heathcot Medical - Knaphill Surgery Branch¬Redding Way¬Redding Way¬Knaphill¬Woking¬Surrey¬GU21 2DN¬51.316078186035156¬-0.6198851466178894¬92A¬NHS Surrey Heartlands CCG¬01483473464¬¬http://www.heathcotmedicalpractice.nhs.uk/¬
750897¬H81055¬GP¬UNKNOWN¬Visible¬True¬True¬The Hawthorns Surgery¬1 Oxford Road¬¬¬Redhill¬Surrey¬RH1 1DT¬51.240772247314453¬-0.17633979022502899¬92A¬NHS Surrey Heartlands CCG¬01737762902¬admin.hawthorns@nhs.net¬http://www.hawthorns-surgery.co.uk/¬01737 780752
865001¬K83002002¬GP¬UNKNOWN¬Visible¬True¬True¬Forest Gate Medical Centre¬Forest Gate Road¬¬¬Corby¬Northamptonshire¬NN17 1TR¬52.491691589355469¬-0.69807511568069458¬78H¬NHS Northamptonshire CCG¬01536206789¬¬http://www.thelakesidesurgery.co.uk/¬
978457¬K82603002¬GP¬UNKNOWN¬Visible¬True¬True¬Cressex Health Centre - Lynton House¬43 London Road¬¬¬High Wycombe¬Buckinghamshire¬HP11 1BP¬51.62640380859375¬-0.73951667547225952¬14Y¬NHS Buckinghamshire CCG¬01494415788¬¬¬01494 447070
978725¬G82228003¬GP¬UNKNOWN¬Visible¬True¬True¬London Road Surgery¬49 London Road¬¬¬Canterbury¬Kent¬CT2 8SG¬51.282859802246094¬1.0664745569229126¬91Q¬NHS Kent And Medway CCG¬01227463128¬kmcg.cmp@nhs.net¬http://www.canterburymedicalpractice.nhs.uk/¬
979510¬C87005004¬GP¬UNKNOWN¬Visible¬True¬True¬Ridgeway Medical Centre¬14 Ridgeway¬¬¬Rotherham¬South Yorkshire¬S65 3PG¬53.435279846191406¬-1.3199242353439331¬03L¬NHS Rotherham CCG¬01709375500¬¬http://www.stannsmedicalcentre.co.uk¬
979666¬J83050001¬GP¬UNKNOWN¬Visible¬True¬True¬Sutton Benger Surgery¬Chestnut Road¬¬¬Chippenham¬Wiltshire¬SN15 4RP¬51.506290435791016¬-2.0799312591552734¬92G¬NHS Bath And North East Somerset, Swindon And Wiltshire CCG¬01249720244¬wccg.patfordhouse-surgery@nhs.net¬http://www.patfordhousepartnership.co.uk¬
1094537¬L82056003¬GP¬UNKNOWN¬Visible¬True¬True¬Constantine Surgery¬9 Bowling Green¬Constantine¬¬Falmouth¬Cornwall¬TR11 5AP¬50.116847991943359¬-5.1729168891906738¬11N¬NHS Kernow CCG¬01326 340666¬¬http://www.mullionhealthcentre.co.uk/¬
1094749¬F84740001¬GP¬UNKNOWN¬Visible¬True¬True¬Newham Transitional Practice¬Vicarage Lane Health Centre¬10 Vicarage Lane¬¬London¬Greater London¬E15 4ES¬51.541412353515625¬1.0037194937467575E-2¬08M¬NHS Newham CCG¬02085362255¬¬¬
1095027¬J83019002¬GP¬UNKNOWN¬Visible¬True¬True¬The Spring Orchard Surgery¬High Street¬¬¬Salisbury¬Wiltshire¬SP3 5JL¬51.057723999023437¬-1.9937999248504639¬92G¬NHS Bath And North East Somerset, Swindon And Wiltshire CCG¬1722714789¬¬http://www.theorchardpartnership.co.uk/¬01722714702
1095847¬G85104001¬GP¬UNKNOWN¬Visible¬True¬True¬ICO HEALTH GROUP - Chinbrook Road Surgery¬32 Chinbrook Road¬¬¬London¬Greater London¬SE12 9TH¬51.431339263916016¬0.02424984984099865¬72Q¬NHS South East London CCG¬02036402090¬¬http://www.icohealthgroup.co.uk/¬020 3640 2092
1168910¬E81612001¬GP¬UNKNOWN¬Visible¬True¬True¬Britannia House Surgery¬Unit 14¬Britannia Estate¬Leagrave Road¬Luton¬Bedfordshire¬LU3 1RJ¬51.892410278320312¬-0.43618091940879822¬06P¬NHS Luton CCG¬01582737917¬britannia.surgery@nhs.net¬http://www.drmirzaandpartners.co.uk¬01582 457816
1168922¬G82809002¬GP¬UNKNOWN¬Visible¬True¬True¬Summerhouse Surgery¬Beaconsfield Road¬¬¬Bexley¬Kent¬DA5 2AE¬51.435951232910156¬0.17152930796146393¬91Q¬NHS Kent And Medway CCG¬01322402210¬¬http://www.downswaymedicalpractice.co.uk¬
1169070¬Y03700¬GP¬UNKNOWN¬Visible¬True¬True¬Staffordshire Doctors Urgent Care¬Unit 5, Riverside 2, Campbell Road¬¬¬Stoke¬¬ST4 4RJ¬52.989398956298828¬-2.1883730888366699¬05D¬NHS East Staffordshire CCG¬0300 123 0812¬¬https://www.sduc.nhs.uk/¬
1279740¬K81047002¬GP¬UNKNOWN¬Visible¬True¬True¬Winnersh Surgery¬10 Melbourne Avenue¬Winnersh¬¬Wokingham¬Berkshire¬RG41 5EL¬51.426654815673828¬-0.87535101175308228¬15A¬NHS Berkshire West CCG¬01189669333¬¬http://www.brooksidegrouppractice.co.uk¬0118 978 9088
1349753¬C86614001¬GP¬UNKNOWN¬Visible¬True¬True¬Moorends Surgery¬The Orchard Centre¬¬¬Doncaster¬South Yorkshire¬DN8 4SB¬53.628265380859375¬-0.9510306715965271¬02X¬NHS Doncaster CCG¬01405 631271¬¬http://www.thornemoormedicalpractice.co.uk/Site/Home.html¬
1349754¬G85104003¬GP¬UNKNOWN¬Visible¬True¬True¬ICO HEALTH GROUP - Marvels Lane Surgery¬37 Marvels Lane¬¬¬London¬Greater London¬SE12 9PN¬51.436046600341797¬2.5623349472880363E-2¬72Q¬NHS South East London CCG¬02036402090¬¬http://www.icohealthgroup.co.uk/¬
1349995¬G85104002¬GP¬UNKNOWN¬Visible¬True¬True¬ICO HEALTH GROUP - Boundfield Medical Centre¬103 Boundfield Road¬¬¬London¬Greater London¬SE6 1PG¬51.435039520263672¬3.7094645667821169E-3¬72Q¬NHS South East London CCG¬2036402090¬¬http://www.icohealthgroup.co.uk/¬020 3640 2094
1350008¬C84151¬GP¬UNKNOWN¬Visible¬True¬True¬The Medical Centre (Irfan)¬2A Zulu Road¬¬¬Nottingham¬Nottinghamshire¬NG7 7DS¬52.977291107177734¬-1.1720430850982666¬52R¬NHS Nottingham And Nottinghamshire CCG¬01159792255¬¬http://www.themedicalcentrezuluroad.co.uk/¬
1350137¬J83021002¬GP¬UNKNOWN¬Visible¬True¬True¬Bishopdown Surgery¬Bishopdown Surgery¬28 St. Clements Way¬¬Salisbury¬Wiltshire¬SP1 3FF¬51.088031768798828¬-1.7814992666244507¬92G¬NHS Bath And North East Somerset, Swindon And Wiltshire CCG¬01722333034¬wccg.smp@nhs.net¬http://www.salisburymedicalpractice.co.uk/¬
1521560¬Y04273¬GP¬UNKNOWN¬Visible¬True¬True¬Liberty Bridge Road Practice¬40 Liberty Road¬East Village¬Stratford¬London¬Greater London¬E20 1AS¬51.547817230224609¬-6.3826525583863258E-3¬08M¬NHS Newham CCG¬02084967000¬lbrp@nhs.net¬http://libertybridgeroadgp.co.uk/¬
1521660¬C87002003¬GP¬UNKNOWN¬Visible¬True¬True¬Dinnington Group Practice¬15 Quarry Lane¬¬¬Sheffield¬South Yorkshire¬S25 4DB¬53.357204437255859¬-1.2235836982727051¬03L¬NHS Rotherham CCG¬01909517433¬¬http://www.dinningtongrouppractice.co.uk/¬
1521661¬C87002001¬GP¬UNKNOWN¬Visible¬True¬True¬Dinnington Group Practice¬2A Berne Square¬Dinnington Road¬Woodsetts¬Worksop¬Nottinghamshire¬S81 8RJ¬53.348171234130859¬-1.1778558492660522¬03L¬NHS Rotherham CCG¬01909567342¬¬http://www.dinningtongrouppractice.co.uk/¬
1521700¬B85606001¬GP¬UNKNOWN¬Visible¬True¬True¬Savile Road Surgery¬90 Savile Road¬¬¬Dewsbury¬West Yorkshire¬WF12 9LP¬53.683986663818359¬-1.632102370262146¬03J¬NHS North Kirklees CCG¬01924 465725¬¬http://www.thornhillleessurgery.co.uk/¬
1521701¬H81119001¬GP¬UNKNOWN¬Visible¬True¬True¬Chaldon Road Surgery¬Chaldon Road¬¬¬Caterham¬Surrey¬CR3 5PG¬51.286075592041016¬-0.09302859753370285¬92A¬NHS Surrey Heartlands CCG¬01883345466¬¬http://www.chaldonroadsurgery.nhs.uk¬
1708599¬G85014001¬GP¬UNKNOWN¬Visible¬True¬True¬Streatham Common Practice at Baldry Gardens¬293 Streatham High Road¬Streatham¬¬Lambeth¬London¬SW16 3NP¬51.418617248535156¬-0.12665161490440369¬72Q¬NHS South East London CCG¬020 3049 5470¬¬http://www.streathamcommonpractice.co.uk/¬020 3049 5471
1819368¬F84749001¬GP¬UNKNOWN¬Visible¬True¬True¬Church Road Practice¬30 Church Road¬¬¬London¬Greater London¬E12 6AQ¬51.547782897949219¬5.3847536444664001E-2¬08M¬NHS Newham CCG¬020 8478 6893¬¬https://www.newhampractice.co.uk¬
1819371¬F84749002¬GP¬UNKNOWN¬Visible¬True¬True¬St. Luke's Practice¬2 St Lukes Square¬¬¬London¬Greater London¬E16 1HT¬51.511928558349609¬1.3610215857625008E-2¬08M¬NHS Newham CCG¬020 7167 4717¬¬https://www.newhampractice.co.uk¬
1819809¬H83008001¬GP¬UNKNOWN¬Visible¬True¬True¬Northway Road Surgery¬139 Northway Road¬¬¬Croydon¬Surrey¬CR0 6JJ¬51.386562347412109¬-7.9253405332565308E-2¬36L¬NHS South West London CCG¬02086543714¬¬¬
1819837¬Y02494¬GP¬UNKNOWN¬Visible¬True¬True¬Shakespeare Medical Practice¬Burmantofts Health Centre¬Cromwell Mount¬¬Leeds¬West Yorkshire¬LS9 7TA¬53.802101135253906¬-1.5251809358596802¬15F¬NHS Leeds CCG¬01132951132¬¬http://www.onemedicalgroup.co.uk/shakespeare-medical-practice-leeds¬0113 2494489
1819968¬Y02674¬GP¬UNKNOWN¬Visible¬True¬True¬Camden Health Improvement Practice (for homeless patients)¬108 Hampstead Road¬¬¬London¬Greater London¬NW1 2LS¬51.528274536132812¬-0.13822850584983826¬93C¬NHS North Central London CCG¬02031824200¬¬https://www.camdenhomelessgp.co.uk/¬
1819990¬Y03063¬GP¬UNKNOWN¬Visible¬True¬True¬HETHERINGTON AT THE PAVILION¬Hetherington At Pavilion¬9 Brighton Terrace¬¬London¬Greater London¬SW9 8DJ¬51.461631774902344¬-0.1163826584815979¬72Q¬NHS South East London CCG¬02072749252¬¬http://www.pavilionmedicalcentre.co.uk/¬020 7787 7008
2026420¬G83004001¬GP¬UNKNOWN¬Visible¬True¬True¬Marlborough Park Avenue Branch Surgery¬82 Marlborough Park Avenue¬¬¬Sidcup¬Kent¬DA15 9DX¬51.443706512451172¬0.10286517441272736¬72Q¬NHS South East London CCG¬020 8300 1197¬¬http://www.barnardmedicalgroup.co.uk/¬020 8309 6579
2026545¬D82084001¬GP¬UNKNOWN¬Visible¬True¬False¬Harleston Medical Practice¬Paddock Road¬¬¬Harleston¬Norfolk¬IP20 9AR¬52.40386962890625¬1.297553539276123¬26A¬NHS Norfolk And Waveney CCG¬01379853217¬harleston.reception@nhs.net¬http://www.harlestonsurgery.co.uk¬
2026569¬J82134002¬GP¬UNKNOWN¬Visible¬True¬True¬Vine Medical Group - Westbrook Site ¬1 Aintree Drive¬¬¬Waterlooville¬Hampshire¬PO7 8NE¬50.888153076171875¬-1.0092679262161255¬10V¬NHS South Eastern Hampshire CCG¬023 9226 3089¬¬http://www.vinemedicalgroup.co.uk¬
2026671¬M85706002¬GP¬UNKNOWN¬Visible¬True¬True¬Belchers Lane Surgery¬197 Belchers Lane¬Bordesley Green¬¬Birmingham¬West Midlands¬B9 5RT¬52.482040405273437¬-1.8324472904205322¬15E¬NHS Birmingham And Solihull CCG¬0121 772 0383¬¬http://www.druidgroup.co.uk/¬0121 772 1747
2026768¬M85600001¬GP¬UNKNOWN¬Visible¬True¬True¬Ash Tree Medical Centre¬1536 Pershore Road¬Stirchley¬¬Birmingham¬West Midlands¬B30 2NW¬52.424247741699219¬-1.9213845729827881¬15E¬NHS Birmingham And Solihull CCG¬01214581031¬¬¬
2026882¬Y03587¬GP¬UNKNOWN¬Visible¬True¬True¬Westcotes Medical Centre¬Westcotes Health Centre¬Fosse Road South¬¬Leicester¬Leicestershire¬LE3 0LP¬52.631336212158203¬-1.1535720825195312¬04C¬NHS Leicester City CCG¬01162953180¬¬http://www.westcotesmedicalpractice.co.uk¬0116 2044878
2026890¬H81068003¬GP¬UNKNOWN¬Visible¬True¬True¬North Holmwood Surgery¬1 Bentsbrook Close North Holmwood¬¬¬Dorking¬Surrey¬RH5 4HY¬51.21466064453125¬-0.32911354303359985¬92A¬NHS Surrey Heartlands CCG¬01306885802¬¬http://www.brockwoodmedicalpractice.nhs.uk¬
2026911¬C81045003¬GP¬UNKNOWN¬Visible¬True¬True¬Royal Primary Care - Whittington¬High Street¬Old Whittington¬¬Chesterfield¬Derbyshire¬S41 9JZ¬53.270111083984375¬-1.4252626895904541¬15M¬NHS Derby And Derbyshire CCG¬01246232946¬¬http://www.chesterfieldmedicalpartnership.co.uk¬
2027118¬L83008002¬GP¬UNKNOWN¬Visible¬True¬True¬Efford Surgery¬29-31 Torridge Way¬¬¬Plymouth¬Devon¬PL3 6JG¬50.388576507568359¬-4.1101679801940918¬15N¬NHS Devon CCG¬01752 781254¬¬https://www.pathfields.co.uk/locations/¬
2027175¬C85019002¬GP¬UNKNOWN¬Visible¬True¬True¬Brampton Health Centre Practice¬Cliffe Road¬Brampton¬¬Barnsley¬South Yorkshire¬S73 0XP¬53.510299682617187¬-1.3754706382751465¬02P¬NHS Barnsley CCG¬01226752521¬¬http://www.thegrovemedicalpractice.co.uk/¬
2309514¬F81069004¬GP¬UNKNOWN¬Visible¬True¬True¬Malting Green Surgery¬64 Malting Green Road¬Layer-De-La-Haye¬¬Colchester¬Essex¬CO2 0JJ¬51.843910217285156¬0.86153984069824219¬06T¬NHS North East Essex CCG¬01206572372¬prescriptions.gp-f81069@nhs.net¬http://www.winstreemedicalpractice.co.uk/¬01206 734070
2309515¬Y04538¬GP¬UNKNOWN¬Visible¬True¬False¬Bracknell Urgent Care Centre ¬Royal Berkshire Bracknell Healthspace¬Eastern Gate¬Brants Bridge¬Bracknell¬Berkshire¬RG12 9TR¬51.412746429443359¬-0.73296219110488892¬15D¬NHS East Berkshire CCG¬01344551100¬bracknell@onemedicare.co.uk¬http://www.onemedicalgroup.co.uk/bracknell-urgent-care-centre¬
2489907¬J82155004¬GP¬UNKNOWN¬Visible¬True¬True¬Somers Town Health Centre¬Somerstown Central Community Hub¬Tyseley Road¬¬Southsea¬Hampshire¬PO5 4EZ¬50.795310974121094¬-1.0862905979156494¬10R¬NHS Portsmouth CCG¬02392009191¬¬http://www.portsdowngrouppractice.co.uk¬
2489912¬M83617004¬GP¬UNKNOWN¬Visible¬True¬True¬Darwin Medical Practice¬Chasetown Medical Practice¬29 - 31 High Street¬Chasetown¬Burntwood¬Staffordshire¬WS7 3XE¬52.671459197998047¬-1.9343118667602539¬05Q¬NHS South East Staffordshire And Seisdon Peninsula CCG¬01543 671705¬darwinmedical.practice@nhs.net¬http://www.darwinmedicalpractice.co.uk¬
2489987¬C88037002¬GP¬UNKNOWN¬Visible¬True¬True¬York Road Surgery¬2 York Road, Darnall¬¬¬Sheffield¬South Yorkshire¬S9 5DH¬53.388206481933594¬-1.4103822708129883¬03N¬NHS Sheffield CCG¬01142448357¬¬https://baslowandshoreham.gpsurgery.net/¬
2490076¬Y03600¬GP¬UNKNOWN¬Visible¬True¬False¬Urgent Treatment Centre¬Urgent Treatment Centre¬Hannover Street¬¬Morecambe¬Lancashire¬LA4 5LY¬54.072845458984375¬-2.8595499992370605¬01K¬NHS Morecambe Bay CCG¬03001231144¬¬¬
2596780¬N83608001¬GP¬UNKNOWN¬Visible¬True¬True¬Dr Maassarani & Partners (Melling Surgery)¬82 - 84 Waddicar Lane¬¬¬Liverpool¬Merseyside¬L31 1DY¬53.488834381103516¬-2.9137375354766846¬01J¬NHS Knowsley CCG¬0151 902 0010¬¬http://www.mazmedical.nhs.uk/¬
2596879¬N82646001¬GP¬UNKNOWN¬Visible¬True¬True¬Dr Jude's Practice Picton¬Picton Neighbourhood Health Centre¬Picton Neighbourhood Health Centre¬137 Earle Road¬Liverpool¬Merseyside¬L7 6HD¬53.398880004882813¬-2.9430015087127686¬99A¬NHS Liverpool CCG¬0151 295 3333¬¬¬0151 295 3334
2704099¬Y03082¬GP¬UNKNOWN¬Visible¬True¬True¬Harold Wood Walk-in Centre¬Harold Wood Polyclinic¬St Clements Avenue¬Off Gubbins Lane¬Harold Wood¬Essex¬RM3 0FE¬51.593185424804688¬0.22571356594562531¬08F¬NHS Havering CCG¬0203 416 7722¬¬http://haroldwoodgpwalkin.co.uk¬01708 574028
2810962¬N84038001¬GP¬UNKNOWN¬Visible¬True¬True¬Sefton Road Surgery¬129 Sefton Road¬¬¬Liverpool¬Merseyside¬L21 9HG¬53.476127624511719¬-2.9964849948883057¬01T¬NHS South Sefton CCG¬01519285515¬¬http://www.seftonroadsurgery.nhs.uk/¬
2917621¬M92016001¬GP¬UNKNOWN¬Visible¬True¬True¬Wellington Road Surgery¬67 Wellington Road¬¬¬Bilston¬West Midlands¬WV14 6AQ¬52.568603515625¬-2.0812501907348633¬06A¬NHS Wolverhampton CCG¬01902 494464¬admin@wellingtonroadsurgery.com¬http://www.wellingtonroadsurgery.com¬01902 576442
2917622¬Y05248¬GP¬UNKNOWN¬Visible¬True¬True¬Brierley Medical Centre¬Church Drive¬Brierley¬¬Barnsley¬South Yorkshire¬S72 9HZ¬53.594188690185547¬-1.3824690580368042¬02P¬NHS Barnsley CCG¬01226711278¬¬¬01226711625
2917715¬J83019003¬GP¬UNKNOWN¬Visible¬True¬True¬The Till Orchard Surgery, High Street¬High Street¬¬¬Salisbury¬Wiltshire¬SP3 4BZ¬51.197170257568359¬-1.9026892185211182¬92G¬NHS Bath And North East Somerset, Swindon And Wiltshire CCG¬1980620259¬tillvalley@nhs.net¬http://www.theorchardpartnership.co.uk/¬01980620060
3028067¬M92654002¬GP¬UNKNOWN¬Visible¬True¬True¬MGS Medical Practice¬Ruskin Road Surgery 30-32 Ruskin Road¬¬¬Wolverhampton¬West Midlands¬WV10 8DJ¬52.615776062011719¬-2.1040239334106445¬06A¬NHS Wolverhampton CCG¬01902731839¬¬¬
3137740¬D82037001¬GP¬UNKNOWN¬Visible¬True¬True¬Newton Flotman Surgery¬St Marys Close¬Newton Flotman¬¬Norwich¬Norfolk¬NR15 1AH¬52.538959503173828¬1.2582042217254639¬26A¬NHS Norfolk And Waveney CCG¬01508530781¬¬http://www.longstrattonsurgery.nhs.uk¬01508 471346
3137762¬C81084001¬GP¬UNKNOWN¬Visible¬True¬True¬Inspire Health - Hasland Surgery¬82 St Philips Drive¬Hasland¬¬Chesterfield¬Derbyshire¬S41 0RG¬53.222873687744141¬-1.4175972938537598¬15M¬NHS Derby And Derbyshire CCG¬01246278008¬¬http://www.avenuepartnership.co.uk/¬01246 201947
3138247¬B82005006¬GP¬UNKNOWN¬Visible¬True¬True¬Tang Hall Lane Surgery¬190 Tang Hall Lane¬¬¬York¬North Yorkshire¬YO10 3RL¬53.956195831298828¬-1.0478589534759521¬03Q¬NHS Vale Of York CCG¬01904 404100¬¬http://www.priorymedical.com¬
3138256¬B82005008¬GP¬UNKNOWN¬Visible¬True¬True¬Victoria Way Surgery¬2 Victoria Way¬Huntington¬¬York¬North Yorkshire¬YO32 9GE¬53.9793701171875¬-1.064416766166687¬03Q¬NHS Vale Of York CCG¬01904 404100¬¬http://www.priorymedical.com¬
3138257¬B82013001¬GP¬UNKNOWN¬Visible¬True¬True¬Jennyfield Health Centre¬Grantley Drive¬¬¬Harrogate¬North Yorkshire¬HG3 2XT¬54.001956939697266¬-1.5583351850509644¬42D¬NHS North Yorkshire CCG¬01423524605¬¬http://www.drmoss-harrogate.nhs.uk/¬
3138267¬B82013002¬GP¬UNKNOWN¬Visible¬True¬True¬Killinghall Medical Centre¬43 Ripon Road Killinghall¬¬¬Harrogate¬North Yorkshire¬HG3 2DG¬54.022651672363281¬-1.5649694204330444¬42D¬NHS North Yorkshire CCG¬01423505828¬¬http://www.drmoss-harrogate.nhs.uk/¬
3138277¬B82005007¬GP¬UNKNOWN¬Visible¬True¬True¬Park View Surgery¬28 Millfield Avenue¬¬¬York¬North Yorkshire¬YO10 3AB¬53.954616546630859¬-1.0557626485824585¬03Q¬NHS Vale Of York CCG¬01904 404100¬¬http://www.priorymedical.com¬
3248885¬L83100002¬GP¬UNKNOWN¬Visible¬True¬True¬Wotter Medical Practice¬Rear Of Church¬¬¬Plymouth¬Devon¬PL7 5HN¬50.439197540283203¬-4.0333967208862305¬15N¬NHS Devon CCG¬01752839312¬beaconmedicalgroup@nhs.net¬http://www.beaconmedicalgroup.nhs.uk/¬
3248889¬L83100003¬GP¬UNKNOWN¬Visible¬True¬True¬Chaddlewood Medical Practice¬128 Bellingham Crescent¬¬¬Plymouth¬Devon¬PL7 2QP¬50.384651184082031¬-4.025815486907959¬15N¬NHS Devon CCG¬01752345317¬beaconmedicalgroup@nhs.net¬http://www.beaconmedicalgroup.nhs.uk/¬
3248893¬L83100¬GP¬UNKNOWN¬Visible¬True¬True¬Beacon Medical Group¬Plympton Health Centre¬¬¬Plymouth¬Devon¬PL7 1AD¬50.386268615722656¬-4.0526127815246582¬15N¬NHS Devon CCG¬01752348884¬beaconmedicalgroup@nhs.net¬http://www.beaconmedicalgroup.nhs.uk/¬
3358856¬F85705001¬GP¬UNKNOWN¬Visible¬True¬True¬JS Medical Practice¬104-108 Park Lane¬¬¬London¬Greater London¬N17 0JP¬51.602306365966797¬-6.0199059545993805E-2¬93C¬NHS North Central London CCG¬02088081868¬¬http://www.jsmedicalpractice.com¬0208 808 0341
3359280¬L85024001¬GP¬UNKNOWN¬Visible¬True¬True¬Woolavington Surgery¬Woolavington Road¬¬¬Bridgwater¬Somerset¬TA7 8ED¬51.169029235839844¬-2.9434578418731689¬11X¬NHS Somerset CCG¬01278722077¬¬https://www.poldenmp.nhs.uk/¬
3359282¬A84045001¬GP¬UNKNOWN¬Visible¬True¬True¬The Health Centre¬Shilburn Road¬Allendale¬¬Hexham¬Northumberland¬NE47 9LG¬54.897560119628906¬-2.24904465675354¬00L¬NHS Northumberland CCG¬01434683280¬¬¬
3664685¬D82044005¬GP¬UNKNOWN¬Visible¬True¬True¬Hunstanton Surgery¬Valentine Road¬¬¬Hunstanton¬Norfolk¬PE36 5DN¬52.939746856689453¬0.49307858943939209¬26A¬NHS Norfolk And Waveney CCG¬01485532859¬¬http://www.vidahealthcare.nhs.uk/¬01485 534608
3664687¬C84094002¬GP¬UNKNOWN¬Visible¬True¬True¬Riverside Gringley¬Leys Lane¬¬¬Doncaster¬South Yorkshire¬DN10 4QU¬53.408100128173828¬-0.89776962995529175¬02Q¬NHS Bassetlaw CCG¬01427 890206¬¬http://www.riversidehealth.co.uk¬
3664822¬Y04662¬GP¬UNKNOWN¬Visible¬True¬True¬Cranbrook Medical Practice¬169 Younghayes Road¬¬¬Exeter¬Devon¬EX5 7DR¬50.746612548828125¬-3.4161715507507324¬15N¬NHS Devon CCG¬01404819207¬d-ccg.cranbrookmedicalcentre@nhs.net¬http://www.cranbrookmedicalcentre.co.uk/¬01404 819208
3664831¬M81016001¬GP¬UNKNOWN¬Visible¬True¬True¬The Bodenham Surgery¬Brockington Road¬¬¬Hereford¬Herefordshire¬HR1 3LR¬52.156112670898438¬-2.6686718463897705¬18C¬NHS Herefordshire And Worcestershire CCG¬01568 797000¬¬https://www.marchessurgery.co.uk¬
3665148¬C82061001¬GP¬UNKNOWN¬Visible¬True¬True¬Barwell & Hollycroft Medical Centre¬Hollycroft Medical Centre¬Clifton Way¬¬Hinckley¬Leicestershire¬LE10 0HD¬52.549587249755859¬-1.3902381658554077¬04V¬NHS West Leicestershire CCG¬01455 234414¬¬¬
3665149¬P86003002¬GP¬UNKNOWN¬Visible¬True¬True¬Norden Surgery¬Norden Old Library¬¬¬Rochdale¬Greater Manchester¬OL11 5XE¬53.626590728759766¬-2.2100424766540527¬01D¬NHS Heywood, Middleton And Rochdale CCG¬¬¬¬
3775037¬C82094001¬GP¬UNKNOWN¬Visible¬True¬True¬Beaumont Lodge Medical Practice¬244 Astill Lodge Road¬¬¬Leicester¬Leicestershire¬LE4 1EF¬52.675605773925781¬-1.1618424654006958¬04C¬NHS Leicester City CCG¬01162366333¬¬¬
3775041¬D81056001¬GP¬UNKNOWN¬Visible¬True¬True¬Staff Health Centre¬Duxford House Box 199 Addenbrooke's Hospital¬¬¬Cambridge¬Cambridgeshire¬CB2 2QQ¬52.175060272216797¬0.14173723757266998¬06H¬NHS Cambridgeshire And Peterborough CCG¬01223216689¬capccg.petersfieldmp@nhs.net¬¬01223 216689
3775339¬M84021001¬GP¬UNKNOWN¬Visible¬True¬True¬Rother House Branch Surgery¬Rosebird Centre¬¬¬Stratford-upon-Avon¬Warwickshire¬CV37 8LU¬52.179477691650391¬-1.6985843181610107¬05R¬NHS South Warwickshire CCG¬¬¬¬
3994666¬F81213002¬GP¬UNKNOWN¬Visible¬True¬True¬Thorpe-le-Soken Surgery (Kirby Cross Branch)¬KIRBY Branch Thorpe-Le-Soken Surgery¬88 Frinton Road¬¬Frinton-On-Sea¬Essex¬CO13 0HJ¬51.841342926025391¬1.2273455858230591¬06T¬NHS North East Essex CCG¬01255861850¬¬http://www.thorpe-le-sokensurgery.nhs.uk/¬
3994738¬G83067002¬GP¬UNKNOWN¬Visible¬True¬True¬Holburne Road Surgery¬201-203 Holburne Road¬¬¬London¬Greater London¬SE3 8HQ¬51.471405029296875¬3.7527907639741898E-2¬72Q¬NHS South East London CCG¬02083195400¬¬http://valentinehealth.org.uk¬
3994745¬J82055001¬GP¬UNKNOWN¬Visible¬True¬True¬Salisbury Road Surgery¬Salisbury Road, Southsea¬¬¬Portsmouth¬Hampshire¬PO4 9QX¬50.784107208251953¬-1.0694012641906738¬10R¬NHS Portsmouth CCG¬02392731458¬¬http://www.craneswatergp.nhs.uk¬023 92614020
3995060¬B82026005¬GP¬UNKNOWN¬Visible¬True¬True¬Haxby Group Practice, The Old Forge Surgery¬The Green¬¬¬York¬North Yorkshire¬YO26 6EQ¬53.980373382568359¬-1.1534308195114136¬03Q¬NHS Vale Of York CCG¬01904928008¬¬http://www.haxbygroup.co.uk/contact/¬
3995061¬B82026004¬GP¬UNKNOWN¬Visible¬True¬True¬Haxby Group Practice, Gale Farm Surgery¬109-119 Front Street¬Acomb¬¬York¬North Yorkshire¬YO24 3BU¬53.953601837158203¬-1.1311606168746948¬03Q¬NHS Vale Of York CCG¬01904928008¬¬http://haxbygroup.co.uk¬
3995064¬J82018001¬GP¬UNKNOWN¬Visible¬True¬True¬Old Anchor Surgery (Branch of Stokewood Surgery)¬Riverside¬Bishopstoke¬¬Eastleigh¬Hampshire¬SO50 6LQ¬50.971500396728516¬-1.3375058174133301¬11A¬NHS West Hampshire CCG¬02380692000¬¬http://www.stokewood.co.uk¬
3995171¬D82029002¬GP¬UNKNOWN¬Visible¬True¬True¬Horsford Medical Centre¬205 Holt Road¬¬¬Norwich¬Norfolk¬NR10 3DX¬52.701839447021484¬1.2407968044281006¬26A¬NHS Norfolk And Waveney CCG¬01603897766¬drayton.surgery@nhs.net¬http://www.draytonmedical.nhs.uk/¬
3995617¬B86032002¬GP¬UNKNOWN¬Visible¬True¬True¬Charles Street Surgery¬Charles Street¬¬¬Otley¬West Yorkshire¬LS21 1BJ¬53.904396057128906¬-1.6911123991012573¬15F¬NHS Leeds CCG¬01943858300¬¬¬
4105481¬Y04942¬GP¬UNKNOWN¬Visible¬True¬True¬The University of Lincoln Health Service¬3 Campus Way¬¬¬Lincoln¬Lincolnshire¬LN6 7GA¬53.229537963867187¬-0.5487334132194519¬71E¬NHS Lincolnshire CCG¬01522870010¬¬http://www.ulhsonline.co.uk¬01522 870011
4105544¬M85164002¬GP¬UNKNOWN¬Visible¬True¬True¬Newport Medical Group¬34 Grantham Road¬¬¬Birmingham¬West Midlands¬B11 1LU¬52.462596893310547¬-1.871332049369812¬05L¬NHS Sandwell And West Birmingham CCG¬0121 411 0354¬¬http://www.newportmedicalgroup.nhs.uk/¬
4317693¬E81037005¬GP¬UNKNOWN¬Visible¬True¬True¬The De Parys Group – Church Lane Branch¬147A Church Lane¬¬¬Bedford¬Bedfordshire¬MK41 0PW¬52.152641296386719¬-0.42740011215209961¬06F¬NHS Bedfordshire CCG¬01234 351341¬thedeparysgroup@nhs.net¬http://www.thedeparysgroup.co.uk¬
4317996¬K83079001¬GP¬UNKNOWN¬Visible¬True¬True¬Brookside Medical Centre¬Brookside¬¬¬Wellingborough¬Northamptonshire¬NN29 7NJ¬52.219646453857422¬-0.67183363437652588¬78H¬NHS Northamptonshire CCG¬01933663243¬¬http://www.wollastonbozeatsurgery.co.uk/¬
4318017¬M83723001¬GP¬UNKNOWN¬Visible¬True¬True¬Lymebrook Surgery¬Milehouse Primary Care Centre¬¬¬Newcastle¬Staffordshire¬ST5 9GA¬53.021701812744141¬-2.2411389350891113¬05G¬NHS North Staffordshire CCG¬03003650002¬¬http://www.loomerroadsurgery.co.uk/¬01782 663802
4318057¬M83052002¬GP¬UNKNOWN¬Visible¬True¬True¬John Amery Drive Surgery¬14 John Amery Drive¬¬¬Stafford¬Staffordshire¬ST17 9LZ¬52.787593841552734¬-2.1207594871520996¬05V¬NHS Stafford And Surrounds CCG¬01785252244¬sasccg.johnamerydrive@nhs.net¬http://www.wxhc.org.uk¬
4318184¬K83053001¬GP¬UNKNOWN¬Visible¬True¬True¬West Haddon Branch Surgery¬Muncaster Way¬¬¬Northampton¬Northamptonshire¬NN6 7DU¬52.3431396484375¬-1.0717151165008545¬78H¬NHS Northamptonshire CCG¬01788 822203¬¬http://www.crickmedicalpractice.co.uk/¬
4428075¬C84036001¬GP¬UNKNOWN¬Visible¬True¬True¬Oak Tree Lane Surgery¬Oak Tree Lane¬Jubilee Ways South¬¬Mansfield¬Nottinghamshire¬NG18 3SF¬53.134147644042969¬-1.1545178890228271¬52R¬NHS Nottingham And Nottinghamshire CCG¬01623649991¬¬http://www.forestmedicalgroup.co.uk/¬
4511501¬A82065002¬GP¬UNKNOWN¬Visible¬True¬True¬Fairfield Surgery¬Station Road¬¬¬Grange-Over-Sands¬Cumbria¬LA11 7JY¬54.174903869628906¬-2.9721629619598389¬01K¬NHS Morecambe Bay CCG¬01539715715¬¬http://www.peninsulamedicalpractice.co.uk/¬
4511530¬K81655¬GP¬UNKNOWN¬Visible¬True¬True¬Ascot Medical Centre¬Forest Lodge¬Gate 3 Heatherwood Hospital¬King’s Ride¬Ascot¬Berkshire¬SL5 8AA¬51.410167694091797¬-0.68733793497085571¬15D¬NHS East Berkshire CCG¬01344874011¬¬https://ascotmedicalcentre.nhs.uk/¬
4511816¬E84078¬GP¬UNKNOWN¬Visible¬True¬True¬Kingsbury Health and Wellbeing¬245 Stag Lane¬Kingsbury¬¬London¬Greater London¬NW9 0EF¬51.591732025146484¬-0.26549381017684937¬07P¬NHS Brent CCG¬02082040777¬¬http://www.kingsburyhealthandwellbeing.co.uk/¬020 8206 0602
4511818¬A85005001¬GP¬UNKNOWN¬Visible¬True¬True¬Oxford Terrace And Rawling Road Medical Group - Rawling Road Branch¬1 Rawling Road¬¬¬Gateshead¬Tyne And Wear¬NE8 4QR¬54.951332092285156¬-1.6150689125061035¬13T¬NHS Newcastle Gateshead CCG¬01914772169¬¬¬
4622141¬B86669¬GP¬UNKNOWN¬Visible¬True¬True¬York Street Health Practice¬68 York Street¬¬¬Leeds¬West Yorkshire¬LS9 8AA¬53.796558380126953¬-1.532545804977417¬15F¬NHS Leeds CCG¬01132954840¬¬https://bevanhealthcare.co.uk/leeds/¬0113 2954851
4622334¬Y03715¬GP¬UNKNOWN¬Visible¬True¬True¬Loughborough Urgent Care Centre¬Hospital Way¬¬¬Leicestershire¬¬LE11 5JY¬52.773292541503906¬-1.2259314060211182¬04V¬NHS West Leicestershire CCG¬¬¬¬
4622608¬C84005002¬GP¬UNKNOWN¬Visible¬True¬True¬Sutton Bonington Branch¬45 Orchard Close¬¬¬Loughborough¬Leicestershire¬LE12 5NF¬52.815078735351562¬-1.2436398267745972¬52R¬NHS Nottingham And Nottinghamshire CCG¬01509672229¬¬¬
4732675¬N81624002¬GP¬UNKNOWN¬Visible¬True¬True¬Farndon Village Surgery¬Church Lane¬Farndon¬¬Chester¬Cheshire¬CH3 6PT¬53.084861755371094¬-2.8761470317840576¬27D¬NHS Cheshire CCG¬01829771588¬¬http://www.thevillagesurgeriesgroup.co.uk¬
4732676¬N81624¬GP¬UNKNOWN¬Visible¬True¬True¬Tattenhall Village Surgery¬Ravensholme Lane¬Tattenhall¬¬Chester¬Cheshire¬CH3 9RE¬53.124248504638672¬-2.7712509632110596¬27D¬NHS Cheshire CCG¬01829771588¬¬http://www.thevillagesurgeriesgroup.co.uk¬
4732706¬C85007002¬GP¬UNKNOWN¬Visible¬True¬True¬Gold Street Surgery¬1A Gold Street¬¬¬Barnsley¬South Yorkshire¬S70 1TT¬53.547786712646484¬-1.4711930751800537¬02P¬NHS Barnsley CCG¬01226731298¬¬http://www.thedovevalleypractice.co.uk¬01226 247932
4842873¬B81118001¬GP¬UNKNOWN¬Visible¬True¬True¬Ashby Clinic And Childrens Centre¬Collum Lane, Ashby¬¬¬Scunthorpe¬Lincolnshire¬DN16 2SZ¬53.568264007568359¬-0.64721667766571045¬03K¬NHS North Lincolnshire CCG¬01724 877744¬¬http://www.westcommonlane.nhs.uk/about-us/¬
4952797¬G81099001¬GP¬UNKNOWN¬Visible¬True¬True¬Alfriston Surgery¬The Furlongs¬¬¬Polegate¬East Sussex¬BN26 5XT¬50.809226989746094¬0.15217018127441406¬97R¬NHS East Sussex CCG¬01323870244¬¬http://www.oldschoolsurgery-seaford.nhs.uk/¬
4952801¬Y01994¬GP¬UNKNOWN¬Visible¬True¬False¬Derby Urgent Treatment Centre¬Entrance C, Derby Urgent Treatment Centre¬Osmaston Road¬¬Derby¬Derbyshire¬DE1 2GD¬52.912715911865234¬-1.4689637422561646¬15M¬NHS Derby And Derbyshire CCG¬01332224700¬derby.ucc@nhs.net¬http://www.onemedicalgroup.co.uk/derby-urgent-care-centre¬
4952804¬G81099002¬GP¬UNKNOWN¬Visible¬True¬True¬East Dean Surgery¬Downlands Way¬¬¬Eastbourne¬East Sussex¬BN20 0HR¬50.761123657226563¬0.20868214964866638¬97R¬NHS East Sussex CCG¬01323422401¬¬http://www.oldschoolsurgery-seaford.nhs.uk/¬
4952828¬J82102001¬GP¬UNKNOWN¬Visible¬True¬True¬The Wootton Street Surgery¬1 Wootton Street¬¬¬Portsmouth¬Hampshire¬PO6 3AP¬50.843917846679687¬-1.0681555271148682¬10R¬NHS Portsmouth CCG¬02392381118¬¬http://www.thedraytonsurgery.co.uk/¬
4952873¬L81644001¬GP¬UNKNOWN¬Visible¬True¬True¬Weston Surgery¬36 Combe Park¬¬¬Bath¬Avon¬BA1 3NR¬51.390327453613281¬-2.3887059688568115¬92G¬NHS Bath And North East Somerset, Swindon And Wiltshire CCG¬01225446087¬¬¬
4952878¬M91021001¬GP¬UNKNOWN¬Visible¬True¬True¬Lockstown Practice (Fisher Street Branch)¬65 Fisher Street¬¬¬Willenhall¬West Midlands¬WV13 2HT¬52.584545135498047¬-2.0438506603240967¬05Y¬NHS Walsall CCG¬01902366194¬lockstownpractice@walsall.nhs.uk¬http://www.lockstownpractice.co.uk/¬
4954231¬L81086005¬GP¬UNKNOWN¬Visible¬True¬True¬Mendip Vale Medical Practice (Congresbury)¬Station Road¬¬¬Congresbury¬¬BS49 5DX¬51.371475219726563¬-2.8140807151794434¬15C¬NHS Bristol, North Somerset And South Gloucestershire CCG¬01934 839820¬mendipvale.scanners@nhs.net¬https://www.mendipvale.nhs.uk¬
4954232¬L81086004¬GP¬UNKNOWN¬Visible¬True¬True¬Mendip Vale Medical Practice (Yatton)¬155 Mendip Road¬¬¬Yatton¬¬BS49 4ER¬51.3841552734375¬-2.8230857849121094¬15C¬NHS Bristol, North Somerset And South Gloucestershire CCG¬01934 839820¬mendipvale.scanners@nhs.net¬http://www.mendipvale.nhs.uk¬
5065159¬J82217¬GP¬UNKNOWN¬Visible¬True¬True¬Homeless Healthcare Team¬30 Cranbury Avenue¬¬¬Southampton¬Hampshire¬¬¬¬10X¬NHS Southampton CCG¬0300 123 3991¬¬http://www.solent.nhs.uk/service-info.asp?id=40&utype=1¬
5065285¬F85705002¬GP¬UNKNOWN¬Visible¬True¬True¬JS Medical Practice Branch (Westbury Avenue)¬26 Westbury Avenue¬¬¬Haringey¬London¬N22 6RS¬51.593585968017578¬-9.7718499600887299E-2¬93C¬NHS North Central London CCG¬020 8888 3227¬¬http://www.jsmedicalpractice.com¬
5176961¬Y05167¬GP¬UNKNOWN¬Visible¬True¬True¬The Flying Scotsman Health Centre¬St Sepulchre Gate West¬¬¬Doncaster¬South Yorkshire¬DN1 3AP¬53.520465850830078¬-1.1371041536331177¬02X¬NHS Doncaster CCG¬01302645544¬¬http://www.theflyingscotsmanhealthcentre.nhs.uk¬01302 645578
5176993¬B81061005¬GP¬UNKNOWN¬Visible¬True¬True¬The Ridings Medical Group Bubwith Surgery¬Highfield Road¬Bubwith¬¬Selby¬North Yorkshire¬YO8 6LY¬53.817958831787109¬-0.90783941745758057¬02Y¬NHS East Riding Of Yorkshire CCG¬01757288315¬theridingsmedicalgroup@nhs.net¬http://www.theridingsmedicalgroup.nhs.uk/¬01757 289329
5176994¬B81061004¬GP¬UNKNOWN¬Visible¬True¬True¬The Ridings Medical Group Holme On Spalding Moor Surgery¬Rush View¬¬¬York¬North Yorkshire¬YO43 4BJ¬53.836902618408203¬-0.76562130451202393¬02Y¬NHS East Riding Of Yorkshire CCG¬01430860221¬theridingsmedicalgroup@nhs.net¬http://www.theridingsmedicalgroup.nhs.uk/¬01430 861389
5177143¬F84632¬GP¬UNKNOWN¬Visible¬True¬True¬The Greenhouse¬19 Tudor Road¬¬¬London¬Greater London¬E9 7SN¬51.538825988769531¬-5.5328775197267532E-2¬07T¬NHS City And Hackney CCG¬02085104490¬¬¬
5262950¬F85072002¬GP¬UNKNOWN¬Visible¬True¬True¬Grenoble Gardens Surgery¬1 Grenoble Gardens¬¬¬London¬Greater London¬N13 6JE¬51.610584259033203¬-0.10747899115085602¬93C¬NHS North Central London CCG¬02088895423¬¬http://www.gpdoctor3.co.uk/¬
5263026¬Y02584¬GP¬UNKNOWN¬Visible¬True¬True¬Boscombe & Springbourne Health Centre Walk in Service¬Boscombe & Springbourne Walk-In¬12-14 Walpole Road¬Boscombe¬Bournemouth¬Dorset¬BH1 4HA¬50.727062225341797¬-1.8451364040374756¬11J¬NHS Dorset CCG¬01202 720174¬¬http://www.nwic.org.uk/¬
5372930¬L82041001¬GP¬UNKNOWN¬Visible¬True¬True¬Carn to Coast Health Centres - St Day Surgery¬17 Scorrier Street¬¬¬Redruth¬Cornwall¬TR16 5LH¬50.239639282226563¬-5.184196949005127¬11N¬NHS Kernow CCG¬01209820518¬carntocoast@nhs.net¬http://www.carntocoast.co.uk/¬
5372931¬L82041002¬GP¬UNKNOWN¬Visible¬True¬True¬Carn To Coast Health Centres - Homecroft Surgery ¬Voguebeloth¬Illogan¬¬Redruth¬Cornwall¬TR16 4ET¬50.245334625244141¬-5.2618741989135742¬11N¬NHS Kernow CCG¬01209843843¬carntocoast@nhs.net¬http://www.carntocoast.co.uk/¬
5373092¬F81100001¬GP¬UNKNOWN¬Visible¬True¬True¬Mountbatten House Surgery¬1 Montgomery Close¬North Springfield¬¬Chelmsford¬Essex¬CM1 6FF¬51.756916046142578¬0.49213922023773193¬06Q¬NHS Mid Essex CCG¬01245221777¬¬http://www.thebeaconhealthgroup.co.uk¬01245 466192
5373157¬F81042002¬GP¬UNKNOWN¬Visible¬True¬True¬Shrub End Surgery¬122 Shrub End Road¬¬¬Colchester¬Essex¬CO3 4RY¬51.876117706298828¬0.87000763416290283¬06T¬NHS North East Essex CCG¬01206573605¬¬http://www.colchestermedicalpractice.co.uk/¬
5373158¬F81042001¬GP¬UNKNOWN¬Visible¬True¬True¬Wimpole Road Surgery¬52 Wimpole Road¬¬¬Colchester¬Essex¬CO1 2DL¬51.881595611572266¬0.91358983516693115¬06T¬NHS North East Essex CCG¬01206794794¬¬http://www.colchestermedicalpractice.co.uk¬
5478855¬M85063007¬GP¬UNKNOWN¬Visible¬True¬True¬The Old Priory Surgery¬319 Vicarage Road¬Kings Heath¬¬Birmingham¬West Midlands¬B14 7NN¬52.426555633544922¬-1.9079241752624512¬15E¬NHS Birmingham And Solihull CCG¬01214441120¬¬http://www.mmpmedical.com/¬0121 683 8485
5478856¬M85063005¬GP¬UNKNOWN¬Visible¬True¬True¬Broadmeadow Health Centre (MMP South)¬Broadmeadow Health Centre¬Keynell Covert¬Kings Norton¬Birmingham¬West Midlands¬B30 3QT¬52.408443450927734¬-1.9118427038192749¬15E¬NHS Birmingham And Solihull CCG¬01214581340¬¬http://www.mmpmedical.com/¬0121 459 4459
5478857¬M85063008¬GP¬UNKNOWN¬Visible¬True¬True¬Dudley Park Medical Centre¬28 Dudley Park Road¬Acocks Green¬¬Birmingham¬West Midlands¬B27 6QR¬52.448234558105469¬-1.8238356113433838¬15E¬NHS Birmingham And Solihull CCG¬0121 764 7800¬dudleypark.medicalcentre@nhs.net¬http://www.mmpmedical.com/¬0121 707 0418
5479967¬Y02747001¬GP¬UNKNOWN¬Visible¬True¬True¬Haxby Orchard Park Surgery¬210 Orchard Park Road¬¬¬Hull¬East Riding Of Yorkshire¬HU6 9BX¬53.787555694580078¬-0.37574422359466553¬03F¬NHS Hull CCG¬01482303963¬¬http://www.haxbygroup.co.uk/hull/¬
5480113¬D81026¬GP¬UNKNOWN¬Visible¬True¬True¬Boroughbury Medical Centre¬Craig Street¬¬¬Peterborough¬Cambridgeshire¬PE1 2EJ¬52.577857971191406¬-0.24547159671783447¬06H¬NHS Cambridgeshire And Peterborough CCG¬01733307840¬¬http://www.boroughburymedicalcentre.co.uk/¬
5480145¬F81183001¬GP¬UNKNOWN¬Visible¬True¬True¬Maylandsea Medical Centre¬Imperial Avenue¬Maylandsea¬¬Chelmsford¬Essex¬CM3 6AH¬51.686958312988281¬0.75455117225646973¬06Q¬NHS Mid Essex CCG¬01621742233¬dengie.medical@nhs.net¬http://www.dengiemedicalpartnership.nhs.uk/¬01621 742917
5480249¬C84094001¬GP¬UNKNOWN¬Visible¬True¬True¬Riverside Harworth¬Harworth Primary Care Centre¬Scrooby Road¬Harworth¬Doncaster¬South Yorkshire¬DN11 8JT¬53.4166259765625¬-1.0696789026260376¬02Q¬NHS Bassetlaw CCG¬01302 741 840¬¬http://riversidehealth.co.uk/¬01302 742 202
5904572¬H82045004¬GP¬UNKNOWN¬Visible¬True¬True¬Heene Road Surgery¬145 Heene Road¬¬¬Worthing¬West Sussex¬BN11 4NY¬50.815708160400391¬-0.38577935099601746¬70F¬NHS West Sussex CCG¬01903234844¬¬http://www.worthingmedicalgroup.co.uk/¬
5904573¬J83021004¬GP¬UNKNOWN¬Visible¬True¬True¬Wilton Health Centre Partnership¬Market Place¬¬¬Salisbury¬Wiltshire¬SP2 0HT¬51.079910278320313¬-1.8627212047576904¬92G¬NHS Bath And North East Somerset, Swindon And Wiltshire CCG¬01722 333034¬wccg.smp@nhs.net¬http://www.wiltonhealthcentre.co.uk/¬01722 744116
5904574¬J83021003¬GP¬UNKNOWN¬Visible¬True¬True¬Bemerton Heath Surgery¬Pembroke Road¬¬¬Salisbury¬Wiltshire¬SP2 9DJ¬51.080520629882812¬-1.8294146060943604¬92G¬NHS Bath And North East Somerset, Swindon And Wiltshire CCG¬01722333034¬¬http://www.salisburymedicalpractice.co.uk/¬
6010727¬C87006004¬GP¬UNKNOWN¬Visible¬True¬True¬Magna Group Practice -Thrybergh Medical Centre¬21 Park Lane¬Thrybergh¬¬Rotherham¬South Yorkshire¬S65 4BT¬53.447467803955078¬-1.3000844717025757¬03L¬NHS Rotherham CCG¬01709853873¬¬http://www.magnagrouppractice.co.uk/¬
6010732¬F81640001¬GP¬UNKNOWN¬Visible¬True¬True¬Dr Raman Chandel - Laindon¬41 Hoover Drive¬¬¬Basildon¬Essex¬SS15 6LF¬51.572536468505859¬0.40784358978271484¬99E¬NHS Basildon And Brentwood CCG¬01268543366¬¬http://www.aryanmedicalcentre.nhs.uk/¬01268 726567
6010803¬B81008002¬GP¬UNKNOWN¬Visible¬True¬True¬East Hull Family Practice - Longhill Branch Surgery¬Longhill Health Centre¬Shannon Road¬¬Hull¬¬HU8 9RW¬53.779079437255859¬-0.26860380172729492¬03F¬NHS Hull CCG¬01482320046¬¬http://www.easthullfamilypractice.nhs.uk/¬
6010805¬G82729003¬GP¬UNKNOWN¬Visible¬True¬True¬Shepherdswell Surgery¬Mill Lane¬¬¬Shepherdswell¬Kent¬CT15 7QQ¬51.187679290771484¬1.2411104440689087¬91Q¬NHS Kent And Medway CCG¬01304201705¬¬¬
6010854¬J82049001¬GP¬UNKNOWN¬Visible¬True¬True¬Oakley Health Group - Yateley Medical Centre¬Oaklands¬¬¬Yateley¬Hampshire¬GU46 7LS¬51.340633392333984¬-0.82821345329284668¬99M¬NHS North East Hampshire And Farnham CCG¬01252872333¬¬http://www.oakleyhealth.org¬
6010904¬M89003005¬GP¬UNKNOWN¬Visible¬True¬True¬GPS Healthcare - Village Surgery¬Cheswick Way¬¬¬Solihull¬West Midlands¬B90 4JA¬52.378280639648437¬-1.8153436183929443¬15E¬NHS Birmingham And Solihull CCG¬01217962777¬¬http://www.gpshealthcare.co.uk¬
6010905¬M89003¬GP¬UNKNOWN¬Visible¬True¬True¬GPS Healthcare - Tanworth Lane¬198 Tanworth Lane¬Shirley¬¬Solihull¬West Midlands¬B90 4DD¬52.395149230957031¬-1.8252077102661133¬15E¬NHS Birmingham And Solihull CCG¬01217962777¬¬http://www.gpshealthcare.co.uk/¬
6010906¬M89003002¬GP¬UNKNOWN¬Visible¬True¬True¬GPS Healthcare - Park Surgery ¬278 Stratford Road¬¬¬Solihull¬West Midlands¬B90 3AF¬52.408367156982422¬-1.8261550664901733¬15E¬NHS Birmingham And Solihull CCG¬01217962777¬¬http://www.gpshealthcare.co.uk¬
6010907¬M89003001¬GP¬UNKNOWN¬Visible¬True¬True¬GPS Healthcare - Knowle Surgery¬1500 Warwick Road¬¬¬Solihull¬West Midlands¬B93 9LE¬52.390621185302734¬-1.7384406328201294¬15E¬NHS Birmingham And Solihull CCG¬01217962777¬¬http://www.gpshealthcare.co.uk¬
6010908¬M89003004¬GP¬UNKNOWN¬Visible¬True¬True¬GPS Healthcare - Yew Tree Medical Centre¬100 Yew Tree Lane¬¬¬Solihull¬West Midlands¬B91 2RA¬52.421009063720703¬-1.7650966644287109¬15E¬NHS Birmingham And Solihull CCG¬01217962777¬¬http://www.gpshealthcare.co.uk¬
6010940¬L83096002¬GP¬UNKNOWN¬Visible¬True¬True¬Combe Coastal Practice - Combe Martin¬Castle Street¬¬¬Ilfracombe¬Devon¬EX34 0JA¬51.197700500488281¬-4.0226092338562012¬15N¬NHS Devon CCG¬01271 882406¬¬http://www.combecoastalpractice.co.uk/¬
6010941¬B84612001¬GP¬UNKNOWN¬Visible¬True¬True¬Nursery Lane Medical Centre¬Nursery Lane¬¬¬Halifax¬West Yorkshire¬HX3 5TE¬53.741783142089844¬-1.8822944164276123¬02T¬NHS Calderdale CCG¬01422355535¬¬¬
6010948¬Y05317¬GP¬UNKNOWN¬Visible¬True¬True¬Country Park Practice¬3 Enmore Road¬South Norwood¬¬London¬Greater London¬SE25 5NT¬51.392932891845703¬-6.7515857517719269E-2¬36L¬NHS South West London CCG¬02037640664¬croccgcountryparkpractice@nhs.net¬http://www.countryparkpractice.co.uk¬
6010950¬L81037002¬GP¬UNKNOWN¬Visible¬True¬True¬Pioneer Ridingleaze¬Ridingleaze¬Lawrence Weston¬¬Bristol¬Avon¬BS11 0QE¬51.501373291015625¬-2.6586530208587646¬15C¬NHS Bristol, North Somerset And South Gloucestershire CCG¬01179591919¬pioneermedicalgroup@nhs.net¬http://www.pioneermedicalgroup.co.uk¬0117 9822734
6010951¬L81037001¬GP¬UNKNOWN¬Visible¬True¬True¬Pioneer Avonmouth¬Collins Street¬Avonmouth¬¬Bristol¬Avon¬BS11 9JJ¬51.498382568359375¬-2.6953737735748291¬15C¬NHS Bristol, North Somerset And South Gloucestershire CCG¬01179591919¬pioneermedicalgroup@nhs.net¬http://www.pioneermedicalgroup.co.uk¬0117 9822734
6010953¬Y04957004¬GP¬UNKNOWN¬Visible¬True¬True¬St Austell Healthcare - Carlyon Road Health Hub¬14 Carlyon Road¬Polkyth¬¬St. Austell¬Cornwall¬PL25 4EG¬50.338844299316406¬-4.7835578918457031¬11N¬NHS Kernow CCG¬0172675555¬info.sahc@nhs.net¬http://www.staustellhealthcare.co.uk/¬01726 626848
6010954¬Y04957003¬GP¬UNKNOWN¬Visible¬True¬True¬St Austell Healthcare - Foxhole¬St Austell Healthcare - Foxhole¬Carpalla Road¬Foxhole¬St. Austell¬Cornwall¬PL26 7TZ¬50.352447509765625¬-4.8597111701965332¬11N¬NHS Kernow CCG¬0172675555¬info.sahc@nhs.net¬http://www.staustellhealthcare.co.uk/¬01726 626848
6010973¬B82045001¬GP¬UNKNOWN¬Visible¬True¬True¬Aysgarth Surgery¬Aysgarth¬¬¬Leyburn¬North Yorkshire¬DL8 3AA¬54.289295196533203¬-1.9890589714050293¬42D¬NHS North Yorkshire CCG¬01969 663222¬¬http://www.centraldalespractice.nhs.uk¬
6010974¬Y05349¬GP¬UNKNOWN¬Visible¬True¬True¬Clover City Practice¬1 Mulberry Street¬¬¬Sheffield¬South Yorkshire¬S1 2PJ¬53.381874084472656¬-1.466575026512146¬03N¬NHS Sheffield CCG¬0114 305 4600¬¬http://citypracticemulberry.co.uk¬0114 305 4053
6117763¬Y05318¬GP¬UNKNOWN¬Visible¬True¬True¬DENMARK ROAD SURGERY¬Woodside Health Centre¬3 Enmore Road¬South Norwood¬London¬Greater London¬SE25 5NT¬51.392932891845703¬-6.7515857517719269E-2¬36L¬NHS South West London CCG¬02086548760¬crocc.drs@nhs.net¬http://www.denmarkroadsurgery.co.uk¬02086567091
6117818¬K81063¬GP¬UNKNOWN¬Visible¬True¬True¬Strawberry Hill Medical Centre¬Old Bath Road¬¬¬Newbury¬Berkshire¬RG14 1JU¬51.405796051025391¬-1.3277584314346313¬15A¬NHS Berkshire West CCG¬01635917917¬¬http://www.strawberryhillmedicalcentre.co.uk¬
6117932¬J82155005¬GP¬UNKNOWN¬Visible¬True¬True¬Heyward Road Surgery & Practice¬3 Heyward Road¬¬¬Southsea¬Hampshire¬PO4 0DY¬50.791332244873047¬-1.0754294395446777¬10R¬NHS Portsmouth CCG¬02392009191¬¬http://www.portsdowngrouppractice.co.uk¬
6224180¬P91006¬GP¬UNKNOWN¬Visible¬True¬True¬Urmston Group Practice¬6 Woodsend Crescent Road¬Urmston¬¬Manchester¬Lancashire¬M41 8AA¬53.452480316162109¬-2.3940527439117432¬02A¬NHS Trafford CCG¬01617559870¬¬http://www.urmstongrouppractice.co.uk¬0161 755 9476
6224198¬C88087002¬GP¬UNKNOWN¬Visible¬True¬True¬Manor Top Medical Centre¬Rosehearty¬¬¬Sheffield¬South Yorkshire¬S12 2SS¬53.359245300292969¬-1.4289929866790771¬03N¬NHS Sheffield CCG¬01142700997¬¬http://www.dovercourtsurgery.co.uk/¬
6224282¬Y04957001¬GP¬UNKNOWN¬Visible¬True¬True¬St Austell Healthcare - Park¬St Austell Health Care - Park¬19 Bridge Road¬¬St. Austell¬Cornwall¬PL26 7TZ¬50.352447509765625¬-4.8597111701965332¬11N¬NHS Kernow CCG¬0172675555¬info.sahc@nhs.net¬http://www.staustellhealthcare.co.uk/¬01726 626848
6224283¬E83046002¬GP¬UNKNOWN¬Visible¬True¬True¬Mulberry Medical Practice - Woodcroft¬Gervase Road¬¬¬Edgware¬Middlesex¬HA8 0EN¬51.602779388427734¬-0.26201164722442627¬93C¬NHS North Central London CCG¬02089591868¬sefton.surgery@nhs.net¬http://www.mulberrymedical.nhs.uk/¬02089590718
6224286¬E83046001¬GP¬UNKNOWN¬Visible¬True¬True¬Mulberry Medical Practice - Willow¬2 Willow Court¬¬¬Edgware¬Middlesex¬HA8 8AG¬51.621219635009766¬-0.29143244028091431¬93C¬NHS North Central London CCG¬02089586438¬sefton.surgery@nhs.net¬http://www.mulberrymedical.nhs.uk/¬02089582801
6224642¬D82007002¬GP¬UNKNOWN¬Visible¬True¬True¬The Lighthouse Medical Centre (a branch of East Norfolk Medical Practice)¬Howard Street South¬¬¬Great Yarmouth¬Norfolk¬NR30 2PT¬52.605953216552734¬1.7264173030853271¬26A¬NHS Norfolk And Waveney CCG¬01493 745050¬gywccg.enmpreception@nhs.net¬http://www.enmp.co.uk¬
6224751¬B83012002¬GP¬UNKNOWN¬Visible¬True¬True¬Manor Medical Practice¬Allerton Health Centre¬Bell Dean Road¬Allerton¬Bradford¬West Yorkshire¬BD15 7WA¬53.798877716064453¬-1.8262799978256226¬36J¬NHS Bradford District And Craven CCG¬01274484111¬manor@bradford.nhs.uk¬http://www.manor-bradford.co.uk/contact1.aspx¬
6331317¬Y05023¬GP¬UNKNOWN¬Visible¬True¬True¬Silver End Surgery ¬Broadway¬Silver End¬¬Braintree¬Essex¬CM8 3RQ¬51.8465576171875¬0.62245422601699829¬06Q¬NHS Mid Essex CCG¬01376583387¬¬http://silverendsurgery.co.uk¬
6331473¬M85136002¬GP¬UNKNOWN¬Visible¬True¬True¬Maypole Health Centre A¬10 Sladepool Farm Road¬Kings Heath¬¬Birmingham¬West Midlands¬B14 5DJ¬52.409744262695313¬-1.8847026824951172¬15E¬NHS Birmingham And Solihull CCG¬01214305551¬¬https://druidsheath.gpsurgery.net/¬
6331479¬L81643003¬GP¬UNKNOWN¬Visible¬True¬True¬Worle Medical Practice¬125 High Street, Worle¬¬¬Weston-Super-Mare¬Avon¬BS22 6HB¬51.359733581542969¬-2.9298207759857178¬15C¬NHS Bristol, North Somerset And South Gloucestershire CCG¬01934516789¬¬https://www.cedarssurgerywsm.com¬
6331496¬B81039003¬GP¬UNKNOWN¬Visible¬True¬True¬The Roxton Practice Weelsby View branch¬Weelsby View Health Centre¬Ladysmith Road¬¬Grimsby¬South Humberside¬DN32 9SW¬53.557266235351563¬-6.6170044243335724E-2¬03H¬NHS North East Lincolnshire CCG¬01472 255200¬nel.b81603@nhs.net¬http://www.theroxtonpractice.nhs.uk/¬01472 255125
6412505¬Y05346¬GP¬UNKNOWN¬Visible¬True¬True¬Westwood Surgery¬Pelham Street¬¬¬Worksop¬Nottinghamshire¬S80 2TR¬53.296470642089844¬-1.1107912063598633¬02Q¬NHS Bassetlaw CCG¬01909509010¬basccg.larwoodsurgery@nhs.net¬http://www.larwoodhealthpartnership.co.uk/¬01909 513540
6412854¬P81730001¬GP¬UNKNOWN¬Visible¬True¬True¬High Street Surgery¬¬87 - 89 High Street¬Rishton¬Rishton¬Lancashire¬BB1 4LD¬53.767925262451172¬-2.417377233505249¬01A¬NHS East Lancashire CCG¬01254 617570¬ghmg@nhs.net¬http://www.ghmg.org.uk/¬01254 617573
6518258¬N81011003¬GP¬UNKNOWN¬Visible¬True¬True¬West Bank Medical Centre¬2 Lower Church Street Widnes¬¬¬Widnes¬Cheshire¬WA8 0NG¬53.352760314941406¬-2.7354836463928223¬01F¬NHS Halton CCG¬01514243986¬¬http://www.beaconsfield-surgery.co.uk/¬
6701497¬J82214001¬GP¬UNKNOWN¬Visible¬True¬True¬Two Rivers Medical Partnership - Derrydown Clinic¬Derry Down St Mary Bourne¬¬¬Andover¬Hampshire¬SP11 6BS¬51.245395660400391¬-1.3961731195449829¬11A¬NHS West Hampshire CCG¬01264738368¬whccg.tworiversmedicalpartnership@nhs.net¬http://www.tworiversmedicalpartnership.co.uk¬01264 738003
6701500¬D81043002¬GP¬UNKNOWN¬Visible¬True¬True¬Granta Medical Practices, Linton Health Centre¬Coles Lane¬Linton¬¬Cambridge¬Cambridgeshire¬CB21 4JS¬52.098224639892578¬0.27925783395767212¬06H¬NHS Cambridgeshire And Peterborough CCG¬0300 2345555 (ext. 3)¬¬http://www.grantamedicalpractices.co.uk/index.php¬
6701936¬K82016001¬GP¬UNKNOWN¬Visible¬True¬True¬NPMC@Willen¬Beaufort Drive, Willen¬¬¬Milton Keynes¬Buckinghamshire¬MK15 9EY¬52.061664581298828¬-0.73059862852096558¬04F¬NHS Milton Keynes CCG¬01908611767¬¬¬
6702069¬A88015002¬GP¬UNKNOWN¬Visible¬True¬True¬St George And Riverside Medical Practice¬Flagg Court Health Centre, Dale Street¬¬¬South Shields¬Tyne And Wear¬NE33 2LX¬54.999114990234375¬-1.4263705015182495¬00N¬NHS South Tyneside CCG¬01912832050¬¬http://www.intrahealth.co.uk/surgeries/riverside-medical-practice¬
6795197¬A91020¬GP¬UNKNOWN¬Visible¬True¬False¬Larkhill Medical Centre¬Willoughby road¬Larkhill, Salisbury¬¬Durrington¬Wiltshire¬SP4 8QY¬51.197711944580078¬-1.8212258815765381¬13Q¬National Commissioning Hub 1¬¬¬¬
6795558¬J81620003¬GP¬UNKNOWN¬Visible¬True¬True¬The Blackmore Vale Partnership¬Fontmell Magna Surgery, West Street, Fontmell Magna,¬¬¬Shaftesbury¬Dorset¬SP7 0PF¬50.951370239257813¬-2.1983687877655029¬11J¬NHS Dorset CCG¬01747 856700¬¬http://www.blackmorevalesurgery.co.uk/¬01747 812085
6795559¬J81620002¬GP¬UNKNOWN¬Visible¬True¬True¬The Blackmore Vale Partnership¬Abbey View Medical Centre¬¬¬Shaftesbury¬Dorset¬SP7 8DH¬51.002841949462891¬-2.1912634372711182¬11J¬NHS Dorset CCG¬01747 856700¬¬http://www.blackmorevalesurgery.co.uk/¬01747 856701
6795594¬P81065002¬GP¬UNKNOWN¬Visible¬True¬True¬The Pendle Medical Partnership¬Colne Corner Surgery¬Colne Health Centre¬Craddock Lane¬Colne¬Lancashire¬BB8 0JZ¬53.856575012207031¬-2.1644749641418457¬01A¬NHS East Lancashire CCG¬01282 731250¬¬http://www.colnecornersurgery.co.uk/¬01282 731252
6795600¬K84613002¬GP¬UNKNOWN¬Visible¬True¬True¬Alchester Medical Group - Victoria House Surgery¬¬119 Buckingham Road¬¬Bicester¬Oxfordshire¬OX26 3EU¬51.907844543457031¬-1.1505774259567261¬10Q¬NHS Oxfordshire CCG¬01869248585¬alchester.medicalgroup@nhs.net¬http://www.alchestermedicalgroup.co.uk/¬
6893264¬E82124003¬GP¬UNKNOWN¬Visible¬True¬True¬Attenborough Surgery-Holywell Branch¬83B Tolpits Lane¬¬¬Watford¬Hertfordshire¬WD18 6NT¬51.645832061767578¬-0.41635030508041382¬06N¬NHS Herts Valleys CCG¬01923243130¬¬https://www.attenboroughsurgery.co.uk/¬
6893318¬K82007003¬GP¬UNKNOWN¬Visible¬True¬True¬Verney Close Practice¬Verney Close¬¬¬Buckingham¬Buckinghamshire¬MK18 1JP¬52.000221252441406¬-0.98615032434463501¬14Y¬NHS Buckinghamshire CCG¬01280822777¬¬http://www.theswanpractice.co.uk/¬
6893336¬Y05330¬GP¬UNKNOWN¬Visible¬True¬True¬Tottenham Hale Medical Practice¬10 Lebus Street¬¬¬London¬Greater London¬N17 9FZ¬51.590255737304687¬-5.7608477771282196E-2¬93C¬NHS North Central London CCG¬020 8885 3567¬thm.practice@nhs.net¬http://www.lawrencehousegroup.co.uk/¬
6893830¬L81086003¬GP¬UNKNOWN¬Visible¬True¬True¬Mendip Vale Medical Practice (St Georges)¬St Georges Health Centre¬135 Pastures Avenue,¬St Georges¬Worle¬¬BS22 7SB¬51.362136840820312¬-2.900597095489502¬15C¬NHS Bristol, North Somerset And South Gloucestershire CCG¬01934 839820¬mendipvale.scanners@nhs.net¬http://www.mendipvale.nhs.uk¬
6995636¬A81044002¬GP¬UNKNOWN¬Visible¬True¬True¬Victoria Medical Practice¬The Health Centre, Victoria Road¬¬¬Hartlepool¬Cleveland¬TS26 8DF¬54.685203552246094¬-1.2185614109039307¬16C¬NHS Tees Valley CCG¬01429272945¬¬http://www.mckenziegrouppractice.co.uk/¬01429 867797
7071607¬M82057002¬GP¬UNKNOWN¬Visible¬True¬True¬Holliwell Practice¬Deercote¬Hollinswood¬¬Telford¬Shropshire¬TF3 2BH¬52.67376708984375¬-2.4383387565612793¬05X¬NHS Telford And Wrekin CCG¬01952293949¬¬http://www.hollinswoodpriorsleesurgery.co.uk/¬
7071806¬B82083006¬GP¬UNKNOWN¬Visible¬True¬True¬York Medical Group, Water Lane¬Water Lane¬¬¬York¬North Yorkshire¬YO30 6PS¬53.971073150634766¬-1.0944375991821289¬03Q¬NHS Vale Of York CCG¬01904439100¬¬http://www.yorkmedicalgroup.nhs.uk/¬
7071823¬P92630001¬GP¬UNKNOWN¬Visible¬True¬True¬Morden Avenue Surgery¬Dr Pals Surgery¬Morden Avenue¬Ashton in Makerfield¬Wigan¬Greater Manchester¬WN4 9PT¬53.489944458007813¬-2.6407778263092041¬02H¬NHS Wigan Borough CCG¬01942481620¬¬http://www.drpalashton-golborne.co.uk/¬
7173348¬B82083004¬GP¬UNKNOWN¬Visible¬True¬True¬York Medical Group, 32 Clifton¬32 Clifton,¬¬¬York,¬North Yorkshire¬YO30 6AE¬53.966571807861328¬-1.0915472507476807¬03Q¬NHS Vale Of York CCG¬01904439100¬¬http://www.yorkmedicalgroup.nhs.uk/¬
7173357¬E82005002¬GP¬UNKNOWN¬Visible¬True¬True¬Canterbury Way Surgery¬91A Canterbury Way¬Herts¬¬Stevenage¬Hertfordshire¬SG1 4LQ¬51.924674987792969¬-0.18177507817745209¬06K¬NHS East And North Hertfordshire CCG¬01438316646¬¬http://www.canterburywaysurgery.co.uk/¬01438 357678
7173688¬J81033002¬GP¬UNKNOWN¬Visible¬True¬True¬Northbourne Surgery¬1368 Wimborne Road¬Kinson¬¬Bournemouth¬Dorset¬BH10 7AR¬50.767574310302734¬-1.8953421115875244¬11J¬NHS Dorset CCG¬01202574100¬¬http://www.talbotmedicalcentre.co.uk/¬01202 590030
7173712¬L85014001¬GP¬UNKNOWN¬Visible¬True¬True¬Taunton Vale Healthcare: Victoria Gate Site¬Taunton Vale Healthcare¬Victoria Gate Site¬East Reach¬Taunton¬Somerset¬TA1 3EX¬51.016147613525391¬-3.0911672115325928¬11X¬NHS Somerset CCG¬01823 259444¬¬http://www.tauntonvalehealthcare.co.uk/¬
7276157¬Y00969002¬GP¬UNKNOWN¬Visible¬True¬True¬Millbrook Surgery¬Greenland¬Millbrook¬¬Torpoint¬Cornwall¬PL10 1DE¬50.348514556884766¬-4.2150959968566895¬11N¬NHS Kernow CCG¬01752829003¬¬http://www.theramegrouppractice.co.uk/index.aspx?p=y00969¬
7353067¬B82083007¬GP¬UNKNOWN¬Visible¬True¬True¬York Medical Group, Tower Court¬Oakdale Road, Clifton Moor¬¬¬York¬North Yorkshire¬YO30 4RZ¬53.985366821289063¬-1.0998921394348145¬03Q¬NHS Vale Of York CCG¬01904439100¬¬http://www.yorkmedicalgroup.nhs.uk/¬
7353212¬A89025002¬GP¬UNKNOWN¬Visible¬True¬True¬Barmston Medical Centre¬Westerhope Rd¬¬¬Washington¬¬NE38 8JF¬54.901786804199219¬-1.5094219446182251¬00P¬NHS Sunderland CCG¬0191 543 8807¬¬http://www.sunderlandgpalliance.co.uk/medical-practice/¬
7353213¬A89025001¬GP¬UNKNOWN¬Visible¬True¬True¬Pennywell Medical Centre¬Portsmouth Road¬¬¬Sunderland¬¬SR4 9AS¬54.896755218505859¬-1.4393795728683472¬00P¬NHS Sunderland CCG¬0191 543 8807¬¬http://www.sunderlandgpalliance.co.uk/medical-practice/¬
7353505¬N81628001¬GP¬UNKNOWN¬Visible¬True¬True¬Eric Moore Partnership¬Medi Centre¬Tanners Lane¬¬Warrington¬Cheshire¬WA2 7NJ¬53.393409729003906¬-2.5971457958221436¬02E¬NHS Warrington CCG¬01925 303199¬emp.admin@nhs.net¬https://ericmoorepartnership.co.uk¬
7560687¬Y03571¬GP¬UNKNOWN¬Visible¬True¬True¬Corby Urgent Care Centre¬Cottingham Road¬¬¬Corby¬Northamptonshire¬NN17 2UR¬52.490478515625¬-0.71307510137557983¬78H¬NHS Northamptonshire CCG¬01536 202121¬¬¬
7560689¬Y00694¬GP¬UNKNOWN¬Visible¬True¬False¬Badger Out Of Hours Service¬Solihull Treatment Centre¬Solihull Hospital¬Lode Lane¬Solihull¬West Midlands¬B91 2JL¬52.417125701904297¬-1.7743508815765381¬15E¬NHS Birmingham And Solihull CCG¬0121 424 2000¬¬¬
7658335¬M91623¬GP¬UNKNOWN¬Visible¬True¬True¬Lower Farm Health Centre¬109 Buxton Road¬¬¬Walsall¬West Midlands¬WS3 3RT¬52.627983093261719¬-1.9980661869049072¬05Y¬NHS Walsall CCG¬01922476640¬¬http://lowerfarmhc.co.uk¬01922 491836
7658337¬C82009001¬GP¬UNKNOWN¬Visible¬True¬True¬St Luke’s Branch Surgery ¬¬33 Leicester Road¬¬Harborough¬Leicestershire¬LE16 7BN¬52.487213134765625¬-0.9310758113861084¬03W¬NHS East Leicestershire And Rutland CCG¬01858 464242¬¬¬
7658390¬J82024002¬GP¬UNKNOWN¬Visible¬True¬True¬Solent GP- Portswood¬7 Belmont Road¬¬¬Southampton¬Hampshire¬SO17 2GD¬50.923713684082031¬-1.3898308277130127¬10X¬NHS Southampton CCG¬0300 300 2020¬¬http://www.solentgp.nhs.uk¬
7658391¬J82024¬GP¬UNKNOWN¬Visible¬True¬True¬Solent GP- Adelaide¬Adelaide Health Centre¬William Macleod Way¬¬Southampton¬Hampshire¬SO16 4XE¬50.924667358398438¬-1.4477827548980713¬10X¬NHS Southampton CCG¬0300 123 6066¬¬http://www.solentgp.nhs.uk¬
7658543¬L83067002¬GP¬UNKNOWN¬Visible¬True¬True¬Beacon Medical Centre¬Sedemuda Road¬¬¬Sidmouth¬Devon¬EX10 9YA¬50.699508666992188¬-3.2477173805236816¬15N¬NHS Devon CCG¬¬¬¬
7658621¬A84009¬GP¬UNKNOWN¬Visible¬True¬True¬Railway Medical Group¬¬Gatacre Street¬¬Blyth¬¬NE24 1HD¬55.128814697265625¬-1.5142186880111694¬00L¬NHS Northumberland CCG¬01670 542630¬norccg.railway-a84009@nhs.net¬http://railwaymedicalgroup.co.uk/¬01670 396517
7658783¬E87711¬GP¬UNKNOWN¬Visible¬True¬True¬Royal Hospital Chelsea¬Royal Hospital Road¬¬¬Chelsea¬Greater London¬SW3 4SR¬51.487174987792969¬-0.1578071266412735¬08Y¬NHS West London (K&C & Qpp) CCG¬020 7881 5267¬wlccg.royalhospitalchelsea@nhs.net¬¬020 7881 5315
7658786¬N84010¬GP¬UNKNOWN¬Visible¬True¬True¬Maghull Family Surgery ¬Maghull Health Centre ( Dr Sapre)¬Westway¬Maghull¬Liverpool¬Merseyside¬L31 0DJ¬53.515602111816406¬-2.9439177513122559¬01T¬NHS South Sefton CCG¬0151 520 2487¬¬¬
7658787¬E87694¬GP¬UNKNOWN¬Visible¬True¬True¬The Royal Mews Surgery¬Buckingham Palace¬¬¬London¬Greater London¬SW1W 0QH¬51.498764038085938¬-0.14520873129367828¬09A¬NHS Central London (Westminster) CCG¬02079304832¬¬¬
7658792¬Y01262¬GP¬UNKNOWN¬Visible¬True¬True¬Pallion Primary Care Services¬Pallion Health Centre¬Hylton Road¬¬Sunderland¬Tyne and Wear¬SR4 7XF¬54.9041748046875¬-1.4103158712387085¬00P¬NHS Sunderland CCG¬0191 502 6424¬¬¬
7658794¬Y05733¬GP¬UNKNOWN¬Visible¬True¬True¬Parkfields Surgery¬1217 London Road¬Alvaston¬¬Derby¬Derbyshire¬DE24 8QJ¬52.898281097412109¬-1.4323773384094238¬15M¬NHS Derby And Derbyshire CCG¬01332 784684¬parkfieldssurgery@nhs.net¬https://www.parkfieldssurgery.co.uk/¬
7757912¬J82098001¬GP¬UNKNOWN¬Visible¬True¬True¬Swan Medical Group - Liphook Village Surgery¬The Square¬¬¬Liphook¬¬GU30 7AQ¬51.076080322265625¬-0.80263197422027588¬10V¬NHS South Eastern Hampshire CCG¬01428 728270¬¬http://www.liphookvillagesurgery.co.uk/¬
7758260¬D81043003¬GP¬UNKNOWN¬Visible¬True¬True¬Granta Medical Practices, Barley Surgery¬High Street¬¬¬Barley¬Hertfordshire¬SG8 8HY¬52.029232025146484¬3.8080349564552307E-2¬06H¬NHS Cambridgeshire And Peterborough CCG¬0300 2345555 (ext. 4)¬¬http://www.grantamedicalpractices.co.uk¬
7758262¬L85020001¬GP¬UNKNOWN¬Visible¬True¬True¬F¬Dar¬¬¬F¬Somerset¬BA2 7TT¬51.339828491210937¬-2.304884672164917¬11X¬NHS Somerset CCG¬¬¬¬
7758267¬D81043004¬GP¬UNKNOWN¬Visible¬True¬True¬Granta Medical Practices, Market Hill Surgery¬Market Hill¬¬¬Royston¬Hertfordshire¬SG8 9JN¬52.046794891357422¬-2.2167026996612549E-2¬06H¬NHS Cambridgeshire And Peterborough CCG¬0300 2345555 (ext. 5)¬¬http://www.grantamedicalpractices.co.uk¬
7828687¬B85054001¬GP¬UNKNOWN¬Visible¬True¬True¬Marsden Health Centre¬Marsden¬¬Slaithwaite¬Huddersfield¬Yorkshire¬HD7 6DF¬53.602100372314453¬-1.928197979927063¬03A¬NHS Greater Huddersfield CCG¬01484 842652¬¬http://www.colnevalleygrouppractice.co.uk¬
7828742¬K84025003¬GP¬UNKNOWN¬Visible¬True¬True¬Kennington Health Centre¬200 Kennington Road¬¬¬Kennington¬Oxfordshire¬OX1 5PY¬51.717658996582031¬-1.2446311712265015¬10Q¬NHS Oxfordshire CCG¬¬¬¬
7828914¬L83118002¬GP¬UNKNOWN¬Visible¬True¬True¬Chelston Hall Surgery (Barton)¬Lymington House¬Barton Hill Way¬¬Torbay¬Devon¬TQ2 8JG¬50.487163543701172¬-3.5428409576416016¬15N¬NHS Devon CCG¬01803 605117¬chelston.hall@nhs.net¬https://www.chelstonhall.co.uk¬
7928246¬F83674001¬GP¬UNKNOWN¬Visible¬True¬True¬Junction Medical Practice (Site 2)¬18 Dartmouth Park Hill¬¬¬Islington¬London¬NW5 1HL¬51.557918548583984¬-0.13899463415145874¬93C¬NHS North Central London CCG¬0207 272 1337¬junction.medicalpractice@nhs.net¬https://www.junctionmedicalpractice.uk¬
8027299¬M85706¬GP¬UNKNOWN¬Visible¬True¬True¬Ejaz Medical Centre¬276 Dudley Road¬Winson Green¬¬Birmingham¬West Midlands¬B18 4HL¬52.486282348632813¬-1.9419941902160645¬15E¬NHS Birmingham And Solihull CCG¬0121 455 6170¬¬http://www.druidgroup.co.uk/¬0121 454 8862
8027381¬J82083¬GP¬UNKNOWN¬Visible¬True¬True¬The Willow Group - Forton Medical Centre¬Whites Place¬¬¬Gosport¬Hampshire¬PO12 3JP¬50.800579071044922¬-1.1430202722549438¬10K¬NHS Fareham And Gosport CCG¬023 8231 1034¬¬http://www.thewillowgroup.nhs.uk¬
8027382¬J82083001¬GP¬UNKNOWN¬Visible¬True¬True¬The Willow Group - Waterside Medical Centre¬Mumby Road¬¬¬Gosport¬Hampshire¬PO12 1BA¬50.798206329345703¬-1.1236238479614258¬10K¬NHS Fareham And Gosport CCG¬023 8231 1034¬¬http://www.thewillowgroup.nhs.uk¬
8027385¬J82083002¬GP¬UNKNOWN¬Visible¬True¬True¬The Willow Group - Brune Medical Centre¬10 Rowner Road¬¬¬Gosport¬Hampshire¬PO13 0EW¬50.812774658203125¬-1.1592906713485718¬10K¬NHS Fareham And Gosport CCG¬023 8231 1034¬¬http://www.thewillowgroup.nhs.uk¬
8028103¬J82121001¬GP¬UNKNOWN¬Visible¬True¬True¬The Knightwood Surgery¬Pilgrims Close¬¬¬Eastleigh¬Hampshire¬SO53 4SD¬50.979061126708984¬-1.402438759803772¬11A¬NHS West Hampshire CCG¬023 80743400¬¬http://www.northbaddesleysurgery.co.uk¬
8127794¬F85007001¬GP¬UNKNOWN¬Visible¬True¬True¬Broadwater Farm Medical Prcatice¬2a Willan Road¬¬¬Haringey¬London¬N17 6BF¬51.594409942626953¬-8.0546267330646515E-2¬93C¬NHS North Central London CCG¬020 8885 2723¬¬http://www.lawrencehousegroup.co.uk/¬
8127980¬M83016001¬GP¬UNKNOWN¬Visible¬True¬True¬High Street Surgery - Landywood Lane Branch¬Great Wyrley Health Centre¬¬¬Great Wyrley¬Staffordshire¬WS6 6EW¬52.657127380371094¬-2.0174758434295654¬04Y¬NHS Cannock Chase CCG¬01922 701280¬¬http://www.highstreetsurgery-cheslynhay.co.uk¬
8228201¬P81208001¬GP¬UNKNOWN¬Visible¬True¬True¬Excel Primary Care¬Sandy Lane Health Centre¬¬¬Skelmersdale¬Lancashire¬WN8 8LA¬53.5501708984375¬-2.8067328929901123¬02G¬NHS West Lancashire CCG¬01695 736150¬¬http://www.excelprimarycare.co.uk¬01695 736215
8228202¬A88002001¬GP¬UNKNOWN¬Visible¬True¬True¬Farnham Medical Centre: Stanhope Parade Site¬Stanhope Parade Health Centre¬Gordon Street¬¬South Tyneside¬Tyne and Wear¬NE33 4JP¬54.985347747802734¬-1.4313682317733765¬00N¬NHS South Tyneside CCG¬1914554748¬¬http://www.nhs.uk/Services/GP/Overview/DefaultView.aspx?id=42891¬
8228354¬L84026001¬GP¬UNKNOWN¬Visible¬True¬True¬Aspen Medical Practice - Tuffley ¬38 Warwick Avenue¬¬¬Grange¬¬GL4 0SL¬51.826377868652344¬-2.2564764022827148¬11M¬NHS Gloucestershire CCG¬01452 337733¬¬https://www.aspenmedicalpractice.nhs.uk/¬
8329402¬F86691001¬GP¬UNKNOWN¬Visible¬True¬True¬Roding Lane North Branch Surgery¬2 Roding Lane North¬Woodford Green¬¬Redbridge¬Greater London¬IG8 8NR¬51.604747772216797¬5.4164424538612366E-2¬08N¬NHS Redbridge CCG¬02085590280¬¬http://www.clayhallgrouppractice.co.uk/¬
8430681¬Y05861¬GP¬UNKNOWN¬Visible¬True¬True¬ESP Hub¬Botley Health Centre¬Mortimer Road¬Botley¬Southampton¬Hampshire¬SO32 2UG¬50.914360046386719¬-1.2751162052154541¬11A¬NHS West Hampshire CCG¬07384 253080¬esp.hub@nhs.net¬http://www.espnltd.co.uk¬
8431140¬Y05231¬GP¬UNKNOWN¬Visible¬True¬True¬Bromley GP Alliance¬Kelsey Park Farmhouse¬Beckenahm Beacon¬379 Croydon Road¬Beckenham¬¬BR3 3QL¬51.405231475830078¬-3.3194322139024734E-2¬72Q¬NHS South East London CCG¬0203 930 0242¬¬¬
8532602¬Y05750¬GP¬UNKNOWN¬Visible¬True¬False¬David Lewis Medical Practice¬David Lewis, Mill Lane, Warford, Alderley Edge¬¬¬Cheshire¬¬SK9 7UD¬53.287540435791016¬-2.2861654758453369¬27D¬NHS Cheshire CCG¬01565 640000¬¬http://www.chelfordsurgery.co.uk/david-lewis-medical-practice/¬
8532744¬K82047005¬GP¬UNKNOWN¬Visible¬True¬True¬Unity Health Chinnor ¬5 Station Road¬¬¬Chinnor¬Oxfordshire¬OX39 4PX¬51.703147888183594¬-0.91059213876724243¬14Y¬NHS Buckinghamshire CCG¬01844 351230¬¬https://www.unity-health.co.uk¬
8532745¬Y01008¬GP¬UNKNOWN¬Visible¬True¬True¬Bay Medical Group (Heysham Primary Care Centre)¬Heysham Primary Care Centre¬Middleton Way¬¬Heysham¬Lancashire¬LA3 2LE¬54.041713714599609¬-2.8940458297729492¬01K¬NHS Morecambe Bay CCG¬01524 511999¬¬http://www.baymedicalgroup.co.uk¬
8532769¬Y05788¬GP¬UNKNOWN¬Visible¬True¬True¬PDS Medical Ltd¬Newfield House¬¬¬Vicarage Lane¬¬FY4 4EW¬53.797164916992187¬-3.0233480930328369¬00R¬NHS Blackpool CCG¬¬¬¬
8532771¬Y01297¬GP¬UNKNOWN¬Visible¬True¬False¬Beacon House Ministries¬Beacon House¬¬¬90-91 East Hill¬¬CO1 2QN¬51.890121459960938¬0.90768814086914063¬06T¬NHS North East Essex CCG¬¬¬¬
8532773¬E82005003¬GP¬UNKNOWN¬Visible¬True¬True¬St Nicholas Health Centre¬Canterbury Way¬¬¬Stevenage¬¬SG1 4LH¬51.924701690673828¬-0.18506093323230743¬06K¬NHS East And North Hertfordshire CCG¬¬¬¬
9549154¬Y00054¬GP¬UNKNOWN¬Visible¬False¬True¬The Homeless Healthcare Team¬The George Whitefield Centre¬107 Great Western Road¬¬Gloucester¬Gloucestershire¬GL1 3NF¬51.866794586181641¬-2.2383055686950684¬11M¬NHS Gloucestershire CCG¬01452 521898¬¬¬
9549157¬P81196002¬GP¬UNKNOWN¬Visible¬True¬True¬Moor Park Surgery¬49 Garstang Road¬¬¬Preston¬Lancashire¬PR1 1LB¬53.771022796630859¬-2.7058784961700439¬01E¬NHS Greater Preston CCG¬01772 252077¬¬https://www.issamedicalgroup.co.uk¬
9549159¬F84750¬GP¬UNKNOWN¬Visible¬False¬False¬Community Dermatology Clinic¬63 Appleby Road¬Canning Town¬¬London¬Greater London¬E16 1LQ¬51.510990142822266¬1.6263920813798904E-2¬08M¬NHS Newham CCG¬020 74457000¬¬¬
9549164¬E87691¬GP¬UNKNOWN¬Visible¬False¬True¬Westminster School¬17 Deans Yard¬¬¬London¬Greater London¬SW1P 3PB¬51.498195648193359¬-0.12810154259204865¬09A¬NHS Central London (Westminster) CCG¬020 75892478¬¬¬
9549172¬A88002002¬GP¬UNKNOWN¬Visible¬False¬True¬Chichester Practice¬Gordon Street¬¬¬South Shields¬Tyne and Wear¬NE33 4JP¬54.984981536865234¬-1.4311505556106567¬00N¬NHS South Tyneside CCG¬0191 2834800¬¬¬
9549191¬Y03303¬GP¬UNKNOWN¬Visible¬False¬False¬The Ridgeway Health Centre¬Marton Road¬¬¬Middlesbrough¬Cleveland¬TS4 3AF¬54.555721282958984¬-1.2176517248153687¬16C¬NHS Tees Valley CCG¬01642 837422¬¬¬
9549201¬Y03101¬GP¬UNKNOWN¬Visible¬False¬False¬Deysbrook Lane M.C¬Deysbrook Medical Centre¬127 Deysbrook Lane¬¬Liverpool¬Merseyside¬L12 8RQ¬53.431808471679687¬-2.896242618560791¬99A¬NHS Liverpool CCG¬0151 2287900¬¬¬
9549202¬Y03103¬GP¬UNKNOWN¬Visible¬True¬True¬Special Allocation Scheme¬Gnd Flr, Margarete Ctre¬108 Hampstead Road¬¬London¬Greater London¬NW1 2LS¬51.528274536132812¬-0.13822850584983826¬93C¬NHS North Central London CCG¬02038130611¬¬¬
9549209¬Y04225¬GP¬UNKNOWN¬Visible¬False¬True¬Nursing Home Services¬128 Argyle Road¬Ealing¬¬London¬Greater London¬W13 8ER¬51.520336151123047¬-0.32257726788520813¬07W¬NHS Ealing CCG¬020 80901153¬¬¬
9549211¬Y03584¬GP¬UNKNOWN¬Visible¬False¬True¬The Limes Medical Centre¬65 Leicester Road¬Narborough¬¬Leicester¬Leicestershire¬LE19 2DU¬52.573966979980469¬-1.1999776363372803¬03W¬NHS East Leicestershire And Rutland CCG¬0845 0450428¬¬¬
9549212¬Y05088¬GP¬UNKNOWN¬Visible¬False¬False¬Wigan GP Alliance¬Houghton Lane¬Shevington¬¬Wigan¬Lancashire¬WN6 8ET¬53.574047088623047¬-2.6994056701660156¬02H¬NHS Wigan Borough CCG¬01942 482848¬¬¬
9549213¬Y05162¬GP¬UNKNOWN¬Visible¬False¬False¬South West Hub 1¬2-8 Gracefield Gardens¬Streatham¬¬London¬Greater London¬SW16 2ST¬51.432464599609375¬-0.12658873200416565¬72Q¬NHS South East London CCG¬020 30494850¬¬¬
9549214¬Y05163¬GP¬UNKNOWN¬Visible¬False¬False¬South West Hub 2¬89 Clapham High Street¬¬¬London¬Greater London¬SW4 7DB¬51.463165283203125¬-0.13350868225097656¬72Q¬NHS South East London CCG¬020 30496600¬¬¬
9549215¬Y05161¬GP¬UNKNOWN¬Visible¬False¬True¬North Hub¬1 Selway House¬272 South Lambeth Road¬¬London¬Greater London¬SW8 1UL¬51.476570129394531¬-0.12365887314081192¬72Q¬NHS South East London CCG¬020 76221923¬¬¬
9549216¬Y05125¬GP¬UNKNOWN¬Visible¬False¬True¬Cannock Practices Network Surgery¬c/o GP Suite Level 2¬Cannock Chase Hospital¬Brunswick Road¬Cannock¬Staffordshire¬WS11 5XY¬52.693244934082031¬-2.0305995941162109¬04Y¬NHS Cannock Chase CCG¬01543 576660¬¬¬
9549217¬Y05187¬GP¬UNKNOWN¬Visible¬False¬False¬South East Hub 1¬Vassall Medical Centre¬89 Vassall Road¬¬London¬Greater London¬SW9 6NA¬51.477558135986328¬-0.10849744826555252¬72Q¬NHS South East London CCG¬020 77933100¬¬¬
9549222¬Y05250¬GP¬UNKNOWN¬Visible¬False¬False¬Winter Pressures¬The Kingsway Practice¬285A Kingsway¬¬Rochdale¬Lancashire¬OL16 4AT¬53.612155914306641¬-2.1355743408203125¬01D¬NHS Heywood, Middleton And Rochdale CCG¬01706 261866¬¬¬
9549223¬Y05252¬GP¬UNKNOWN¬Visible¬False¬False¬7 Day Access Littleborough Hub¬Littleborough HC¬Featherstall Road¬Rochdale¬Littleborough¬Lancashire¬OL15 8HF¬53.642997741699219¬-2.1033339500427246¬01D¬NHS Heywood, Middleton And Rochdale CCG¬0161 7638292¬¬¬
9549224¬Y05251¬GP¬UNKNOWN¬Visible¬False¬False¬7 Day Access Rochdale Infirmary Hub¬Rochdale Infirmary¬Whitehall Street¬¬Rochdale¬Lancashire¬OL12 0NB¬53.624286651611328¬-2.1601369380950928¬01D¬NHS Heywood, Middleton And Rochdale CCG¬01706 261882¬¬¬
9549225¬Y05253¬GP¬UNKNOWN¬Visible¬False¬False¬7 Day Access Middleton HC¬Middleton HC, Unit 1¬Middleton Shopping Centre¬Middleton¬Manchester¬Greater Manchester¬M24 2EL¬53.548938751220703¬-2.1725749969482422¬01D¬NHS Heywood, Middleton And Rochdale CCG¬0161 7638292¬¬¬
9549227¬Y05279¬GP¬UNKNOWN¬Visible¬True¬False¬7 Day Access Phoenix Hub¬Phoenix Centre¬Church Street¬¬Heywood¬Lancashire¬OL10 1LR¬53.592193603515625¬-2.2186493873596191¬01D¬NHS Heywood, Middleton And Rochdale CCG¬0161 763 8292¬¬http://www.longfordstreetmedicalcentre.co.uk/¬
9549228¬Y05412¬GP¬UNKNOWN¬Visible¬True¬True¬South Wigston Asylum Service¬The Assist Practice¬Charles Berry House¬45 East Bond Street¬Leicester¬Leicestershire¬LE1 4SX¬52.637321472167969¬-1.1361080408096313¬03W¬NHS East Leicestershire And Rutland CCG¬0116 2946305¬¬¬
9549231¬Y05257¬GP¬UNKNOWN¬Visible¬False¬True¬Camden Extended Access Service¬South Camden Centre¬154 Drummond Street¬¬London¬Greater London¬NW1 3HP¬51.526458740234375¬-0.13983079791069031¬93C¬NHS North Central London CCG¬020 31821754¬¬¬
9549232¬Y05502¬GP¬UNKNOWN¬Visible¬False¬False¬South East Hub 2¬Herne Hill Group Practice¬74 Herne Hill¬¬London¬Greater London¬SE24 9QP¬51.45562744140625¬-9.9241994321346283E-2¬72Q¬NHS South East London CCG¬020 72743314¬¬¬
9549233¬Y05857¬GP¬UNKNOWN¬Visible¬False¬True¬Rhnd¬West Hill¬¬¬London¬Greater London¬SW15 3SW¬51.452205657958984¬-0.21372035145759583¬36L¬NHS South West London CCG¬020 87804500¬¬¬
9549234¬Y06007¬GP¬UNKNOWN¬Visible¬True¬True¬Wellsbourne Healthcare CIC¬179 Whitehawk Road¬¬¬Brighton¬East Sussex¬BN2 5FL¬50.825447082519531¬-0.1073722317814827¬09D¬NHS Brighton And Hove CCG¬01273 005444¬¬https://www.wellsbournehealthcare.org.uk¬
9549239¬E83666¬GP¬UNKNOWN¬Visible¬False¬False¬Homeless Action in Barnet¬36B Woodhouse Road¬North Finchley¬¬London¬Greater London¬N12 0RG¬51.612152099609375¬-0.17445999383926392¬93C¬NHS North Central London CCG¬020 84468400¬¬¬
9549241¬M86035001¬GP¬UNKNOWN¬Visible¬True¬True¬The Crossley Practice¬16-18 Henley Road¬Bell Green¬¬Coventry¬West Midlands¬CV2 1LP¬52.435199737548828¬-1.4729838371276855¬05A¬NHS Coventry And Rugby CCG¬02476 614255¬¬¬
9549246¬N81066001¬GP¬UNKNOWN¬Visible¬False¬True¬Heath Road Medical Centre¬78 Heath Road¬¬¬Runcorn¬Cheshire¬WA7 5TJ¬53.331871032714844¬-2.7270305156707764¬01F¬NHS Halton CCG¬01928 565881¬¬¬
9549250¬B81675002¬GP¬UNKNOWN¬Visible¬False¬True¬The Calvert Practice¬110 Calvert Lane¬¬¬Hull¬North Humberside¬HU4 6BH¬53.749229431152344¬-0.39525541663169861¬03F¬NHS Hull CCG¬01482 303882¬¬¬
9549251¬Y01253¬GP¬UNKNOWN¬Visible¬False¬False¬Slough Treatment, Advice & Recovery Team¬Elliman Resource Centre¬27 Pursers Close¬¬Slough¬Berkshire¬SL2 5DL¬51.519645690917969¬-0.59803074598312378¬15D¬NHS East Berkshire CCG¬01753 692548¬¬¬
9549252¬Y02045¬GP¬UNKNOWN¬Visible¬False¬False¬Vernova Healthcare CIC¬Sunderland Street¬¬¬Macclesfield¬Cheshire¬SK11 6JL¬53.257949829101562¬-2.1226077079772949¬27D¬NHS Cheshire CCG¬01625 264078¬¬¬
9549255¬Y02868¬GP¬UNKNOWN¬Visible¬False¬False¬Hanley Health & Well Being Centre¬69-71 Stafford Street¬¬¬Stoke on Trent¬Staffordshire¬ST1 1LW¬53.026336669921875¬-2.1767854690551758¬05W¬NHS Stoke On Trent CCG¬0300 1236759¬¬¬
9549259¬Y03433¬GP¬UNKNOWN¬Visible¬False¬False¬Gynaecology Services¬50C Romford Road¬¬¬London¬Greater London¬E15 4BZ¬51.542095184326172¬6.4474656246602535E-3¬08M¬NHS Newham CCG¬020 85344133¬¬¬
9549260¬Y03434¬GP¬UNKNOWN¬Visible¬True¬False¬Patient First Social Enterprise¬50C Romford Road¬¬¬London¬Greater London¬E15 4BZ¬51.542095184326172¬6.4474656246602535E-3¬08M¬NHS Newham CCG¬0208 5193606¬¬¬
9549263¬J82622005¬GP¬UNKNOWN¬Visible¬True¬True¬Weston Lane Surgery¬Weston Lane¬¬¬Southampton¬Hampshire¬SO19 9GH¬50.888225555419922¬-1.3706892728805542¬10X¬NHS Southampton CCG¬023 80449913¬¬¬
9549264¬Y00344¬GP¬UNKNOWN¬Visible¬True¬True¬Leicester City Assist Practice¬Charles Berry House¬45 East Bond Street¬¬Leicester¬Leicestershire¬LE1 4SX¬52.637321472167969¬-1.1361080408096313¬04C¬NHS Leicester City CCG¬0116 294 6305¬¬¬0116 2946308
9549434¬Y06095¬GP¬UNKNOWN¬Visible¬False¬True¬Hertfordshire Zts Provider¬The Treatment Centre¬Portmill House¬Portmill Lane¬Hitchin¬Hertfordshire¬SG5 1DJ¬51.948692321777344¬-0.27548810839653015¬06K¬NHS East And North Hertfordshire CCG¬0333 2001220¬¬¬
9653738¬Y06113¬GP¬UNKNOWN¬Visible¬True¬True¬Southwark Care Homes-GP Practice¬Spa Medical¬50 Old Jamaica Road¬¬London¬Greater London¬SE16 4BL¬51.496910095214844¬-6.9215431809425354E-2¬72Q¬NHS South East London CCG¬020 30497249¬souccg.nursinghomeservice@nhs.net¬¬
10075272¬Y06275¬GP¬UNKNOWN¬Visible¬True¬True¬Nelson Medical Centre¬Pasteur Road¬¬¬Great Yarmouth¬Norfolk¬NR31 0DW¬52.604755401611328¬1.7185441255569458¬26A¬NHS Norfolk And Waveney CCG¬01493 745050¬¬http://www.enmp.co.uk¬
10183086¬Y06218¬GP¬UNKNOWN¬Visible¬True¬True¬Brownsover Medical Centre¬Brownsover Medical Centre¬Bow Fell¬¬Rugby¬Warwickshire¬CV21 1JF¬52.390525817871094¬-1.2414300441741943¬05A¬NHS Coventry And Rugby CCG¬01788 435214¬brownsover.medicalcentre@nhs.net¬https://www.brownsovermedicalcentre.nhs.uk/¬
10183174¬Y06320¬GP¬UNKNOWN¬Visible¬False¬False¬Federated4health Ltd (APMS)¬Hornsey Central HC¬151 Park Road¬¬London¬¬N8 8JD¬51.583419799804688¬-0.13102442026138306¬93C¬NHS North Central London CCG¬020 30742707¬¬¬
10183175¬Y06125¬GP¬UNKNOWN¬Visible¬False¬True¬Nsc Bosworth Hub¬Bosworth Medical Centre¬16 Crabtree Drive¬¬Birmingham¬West Midlands¬B37 5BU¬52.480571746826172¬-1.7536188364028931¬15E¬NHS Birmingham And Solihull CCG¬0121 3290031¬¬¬
10565254¬Y06345¬GP¬UNKNOWN¬Visible¬True¬True¬Bromleag Care Practice¬Kelsey Park Farm House¬379 Croydon Road¬¬Beckenham¬Kent¬BR3 3QL¬51.405231475830078¬-3.3194322139024734E-2¬72Q¬NHS South East London CCG¬0203 930 0270¬broccg.bromleagcarepractice@nhs.net¬https://www.bromleagcarepractice.co.uk/¬
10565256¬Y06389¬GP¬UNKNOWN¬Visible¬False¬True¬Sas Mid and South Essex Stp¬Suite 7¬Skyline Plaza¬Victoria Avenue¬Southend-on-Sea¬¬SS2 6BB¬51.543834686279297¬0.70819175243377686¬06Q¬NHS Mid Essex CCG¬01702 742102¬¬¬
10617695¬Y06378¬GP¬UNKNOWN¬Visible¬True¬True¬Heath Street Health Centre¬Summerfield Primary Care Centre¬134 Heath Street¬Winson Green¬Birmingham¬¬B18 7AL¬52.487689971923828¬-1.9373387098312378¬05L¬NHS Sandwell And West Birmingham CCG¬0121 389 1100¬swbh.heathstreethc@nhs.net¬http://heathstreethealth.nhs.uk/¬
10644161¬Y06443¬GP¬UNKNOWN¬Visible¬True¬True¬Whyburn Medical Practice¬Curtis Street¬Hucknall¬¬Nottingham¬¬NG15 7JE¬53.035377502441406¬-1.2061257362365723¬52R¬NHS Nottingham And Nottinghamshire CCG¬0115 8832150¬¬¬
10644163¬N82037001¬GP¬UNKNOWN¬Visible¬False¬True¬Taron House¬Taron House¬94 Longmoor Lane¬Aintree¬Liverpool¬Merseyside¬L9 7AL¬53.466327667236328¬-2.9310894012451172¬99A¬NHS Liverpool CCG¬01515216788¬¬¬
10644164¬E83039001¬GP¬UNKNOWN¬Visible¬False¬True¬Middlesex University Medical Centre¬Middlesex University¬The Burroughs¬¬London¬Greater London¬NW4 4BT¬51.589828491210938¬-0.22895638644695282¬93C¬NHS North Central London CCG¬02082015818¬¬¬
10644166¬M91009001¬GP¬UNKNOWN¬Visible¬True¬True¬Stonnall Surgery¬Main Street¬Main Street¬Stonnall¬Walsall¬West Midlands¬WS9 9EE¬52.632762908935547¬-1.8917427062988281¬05Y¬NHS Walsall CCG¬01543 371 412¬¬http://www.streetscornersurgery.nhs.uk/¬
10644167¬N81031001¬GP¬UNKNOWN¬Visible¬True¬True¬Drs Adey & Dancy¬Womens Institute Hall¬Lane End Farm¬Ashton¬Chester¬Cheshire¬CH3 8BH¬53.216506958007813¬-2.7413835525512695¬27D¬NHS Cheshire CCG¬¬¬¬
10644168¬N81031002¬GP¬UNKNOWN¬Visible¬True¬True¬Drs Adey & Dancy¬Old Bank Surgery¬Chester Road¬Kelsall¬Tarporley¬Cheshire¬CW6 0RY¬53.2076416015625¬-2.7135908603668213¬27D¬NHS Cheshire CCG¬¬¬¬
10644169¬N81645002¬GP¬UNKNOWN¬Visible¬False¬True¬Lexden Street Surgery¬4 Lexden Street¬¬¬Warrington¬Cheshire¬WA5 1PT¬53.393440246582031¬-2.6135222911834717¬02E¬NHS Warrington CCG¬01925 633435¬¬¬
10644172¬P92002001¬GP¬UNKNOWN¬Visible¬False¬True¬Kadiyala V¬The Surgery¬208C Newton Road¬Lowton¬Warrington¬Cheshire¬WA3 2BZ¬53.470455169677734¬-2.5605347156524658¬02H¬NHS Wigan Borough CCG¬01942 673962¬¬¬
10644173¬Y00054001¬GP¬UNKNOWN¬Visible¬False¬True¬Family Haven¬31 Spa Road¬¬¬Gloucester¬Gloucestershire¬GL1 1UY¬51.860378265380859¬-2.2491333484649658¬11M¬NHS Gloucestershire CCG¬¬¬¬
10644174¬L83081001¬GP¬UNKNOWN¬Visible¬False¬False¬Newton Ferrers Branch Surgery¬Bishops Court¬Newton Hill¬Newton Ferrers¬Plymouth¬Devon¬PL8 1AA¬50.314105987548828¬-4.0393614768981934¬15N¬NHS Devon CCG¬¬¬¬
10644175¬G85006001¬GP¬UNKNOWN¬Visible¬False¬True¬Salau - Gaumont House Branch¬153 Peckham High Street¬¬¬London¬Greater London¬SE15 5SL¬51.474155426025391¬-6.6461123526096344E-2¬72Q¬NHS South East London CCG¬¬¬¬
10644176¬H82017001¬GP¬UNKNOWN¬Visible¬False¬True¬The Health Centre, Christ's Hospital¬Christ's Hospital School¬Christ's Hospital¬¬Horsham¬West Sussex¬RH13 0YP¬51.044357299804688¬-0.36253818869590759¬70F¬NHS West Sussex CCG¬01403 247500¬¬¬
10644177¬M83094001¬GP¬UNKNOWN¬Visible¬False¬True¬Smallthorne Health Centre¬2 Baden Road¬¬¬Stoke-on-Trent¬Staffordshire¬ST6 1SA¬53.0501708984375¬-2.1736311912536621¬05W¬NHS Stoke On Trent CCG¬¬¬¬
10644178¬F84039001¬GP¬UNKNOWN¬Visible¬True¬True¬Whitechapel Health Centre Branch¬Portsoken Health Centre¬14-16 Little Somerset Street¬Tower Hamlets¬London¬Greater London¬E1 8AH¬51.513919830322266¬-7.4462950229644775E-2¬08V¬NHS Tower Hamlets CCG¬¬¬¬
10644179¬B86068001¬GP¬UNKNOWN¬Visible¬False¬True¬Holt Park Medical Centre¬Holt Road¬¬¬Leeds¬West Yorkshire¬LS16 7QD¬53.857021331787109¬-1.5997400283813477¬15F¬NHS Leeds CCG¬0113 2951855¬¬¬
10644180¬H81019001¬GP¬UNKNOWN¬Visible¬False¬True¬Goldsworth Park HC¬Denton Way¬¬¬Woking¬Surrey¬GU21 3LQ¬51.318824768066406¬-0.59150397777557373¬92A¬NHS Surrey Heartlands CCG¬¬¬¬
10644181¬H81061001¬GP¬UNKNOWN¬Visible¬False¬True¬Goldsworth Park Branch Surgery¬Denton Way¬¬¬Woking¬Surrey¬GU21 3QL¬51.318767547607422¬-0.59944146871566772¬92A¬NHS Surrey Heartlands CCG¬¬¬¬
10644182¬J81077002¬GP¬UNKNOWN¬Visible¬False¬True¬Sturminster Marshall Branch Surgery¬Memorial Hall¬Christchurch Close¬Sturminster Marshall¬Wimborne¬Dorset¬BH21 4DH¬50.795078277587891¬-2.0787789821624756¬11J¬NHS Dorset CCG¬¬¬¬
10644184¬J82077001¬GP¬UNKNOWN¬Visible¬False¬True¬Winklebury Medical Centre¬Winklebury Way¬¬¬Basingstoke¬Hampshire¬RG23 8BU¬51.268424987792969¬-1.1241439580917358¬10J¬NHS North Hampshire CCG¬01256 468188¬¬¬
10644185¬F81076001¬GP¬UNKNOWN¬Visible¬True¬True¬No longer available¬13 Church Street¬Tolleshunt D'Arcy¬¬Maldon¬Essex¬CM9 8TS¬51.771022796630859¬0.79328572750091553¬06Q¬NHS Mid Essex CCG¬¬¬¬
10644186¬F81155001¬GP¬UNKNOWN¬Visible¬False¬True¬Dr A Bansal & Partner¬58 Heath Road¬Chadwell St Mary¬¬Grays¬Essex¬RM16 4UT¬51.48858642578125¬0.36627992987632751¬07G¬NHS Thurrock CCG¬01375 842875¬¬¬
10644187¬F81221002¬GP¬UNKNOWN¬Visible¬False¬True¬Bessbrook¬Bessbrook¬Harwich Road¬¬GT Oakley¬Essex¬CO12 5JR¬51.907573699951172¬1.2015573978424072¬06T¬NHS North East Essex CCG¬¬¬¬
10644188¬D82034001¬GP¬UNKNOWN¬Visible¬False¬True¬Dr Oxley & Partners¬The Surgery¬Queens Square¬Attleborough¬Norwich¬Norfolk¬NR17 2AF¬52.518428802490234¬1.0160981416702271¬26A¬NHS Norfolk And Waveney CCG¬01953 453166¬¬¬
10644192¬F84123001¬GP¬UNKNOWN¬Visible¬True¬True¬Queen Mary University of London Student Health Service¬Geography Building¬Queen Mary College¬Bancroft Road¬London¬Greater London¬E1 4DG¬51.525047302246094¬-4.2191959917545319E-2¬08V¬NHS Tower Hamlets CCG¬02078828710¬¬https://www.studenthealth.qmul.ac.uk/¬
10644193¬G81014001¬GP¬UNKNOWN¬Visible¬False¬True¬Craigie¬The Surgery¬16 Beatty Avenue¬Coldean¬Brighton¬East Sussex¬BN1 9ED¬50.863910675048828¬-0.11303406208753586¬09D¬NHS Brighton And Hove CCG¬01273 682682¬¬¬
10644194¬G81022001¬GP¬UNKNOWN¬Visible¬False¬True¬Stockton¬Apollo Centre For Health¬Wartling Road¬¬Eastbourne¬East Sussex¬BN22 7PF¬50.781059265136719¬0.30268380045890808¬97R¬NHS East Sussex CCG¬01323 434100¬¬¬
10644195¬E85121001¬GP¬UNKNOWN¬Visible¬False¬True¬Singh G¬238 Botwell Lane¬¬¬Hayes¬Middlesex¬UB3 2AP¬51.516422271728516¬-0.42614620923995972¬07W¬NHS Ealing CCG¬¬¬¬
10644196¬M82013001¬GP¬UNKNOWN¬Visible¬False¬False¬Ford¬The Village¬Ford¬¬Shrewsbury¬Shropshire¬SY5 9LG¬52.713241577148438¬-2.8687994480133057¬05N¬NHS Shropshire CCG¬¬¬¬
10644197¬N82117003¬GP¬UNKNOWN¬Visible¬True¬True¬Ropewalks General Practice - Brownlow Health¬26 Argyle Street¬¬¬Liverpool¬Merseyside¬L1 5BE¬53.401264190673828¬-2.9850180149078369¬99A¬NHS Liverpool CCG¬01512854578¬¬http://central.brownlowhealth.co.uk/¬0151 285 4519
10644198¬B82018003¬GP¬UNKNOWN¬Visible¬False¬False¬North Duffield¬Main Street¬North Duffield¬¬Selby¬North Yorkshire¬YO8 5RG¬53.825065612792969¬-0.9609190821647644¬03Q¬NHS Vale Of York CCG¬¬¬¬
10644201¬C81049001¬GP¬UNKNOWN¬Visible¬False¬True¬The Surgery ( Ripley)¬7 Market Place¬Codnor¬¬Ripley¬Derbyshire¬DE5 9RE¬53.041664123535156¬-1.3753410577774048¬15M¬NHS Derby And Derbyshire CCG¬01773 746006¬¬¬
10644202¬L84030001¬GP¬UNKNOWN¬Visible¬False¬True¬Cheltenham College¬Bath Road¬¬¬Cheltenham¬Gloucestershire¬GL53 7LD¬51.892173767089844¬-2.0759954452514648¬11M¬NHS Gloucestershire CCG¬¬¬¬
10644203¬L84616001¬GP¬UNKNOWN¬Visible¬False¬True¬Health Centre¬Hesters Way Healthy Living Centre¬Cassin Way¬¬Cheltenham¬Gloucestershire¬GL51 7SU¬51.902725219726563¬-2.1168556213378906¬11M¬NHS Gloucestershire CCG¬¬¬¬
10644204¬L85020002¬GP¬UNKNOWN¬Visible¬True¬True¬Fromefield Surgery¬Frome Health Park Enos Way¬8 Bath Road¬¬Frome¬Somerset¬BA11 2HD¬51.237152099609375¬-2.3142175674438477¬11X¬NHS Somerset CCG¬¬¬¬
10644205¬L85023002¬GP¬UNKNOWN¬Visible¬False¬True¬Kings College Sanatorium¬South Road¬¬¬Taunton¬Somerset¬TA1 3LA¬51.009456634521484¬-3.0914092063903809¬11X¬NHS Somerset CCG¬¬¬¬
10644206¬K81024001¬GP¬UNKNOWN¬Visible¬False¬True¬Dr. McCarthy¬12 Wheelwrights Place¬Colnbrook¬¬Slough)¬Berkshire¬SL3 0JX¬51.483871459960938¬-0.52567744255065918¬15D¬NHS East Berkshire CCG¬01753 689993¬¬¬
10644207¬K81045001¬GP¬UNKNOWN¬Visible¬False¬True¬Dr. Brock¬Woodley Park Surgery¬7 Headley Road¬Woodley¬Reading¬Berkshire¬RG5 4EJ¬51.4490966796875¬-0.89334940910339355¬15A¬NHS Berkshire West CCG¬0118 9351653¬¬¬
10644208¬K81048001¬GP¬UNKNOWN¬Visible¬False¬True¬Dr. S. E. Williams¬Southcote Clinic¬Coronation Square¬Southcote¬Reading¬Berkshire¬RG30 3QP¬51.442138671875¬-1.0123664140701294¬15A¬NHS Berkshire West CCG¬0118 9508640¬¬¬
10644209¬K81055001¬GP¬UNKNOWN¬Visible¬True¬False¬Waltham St Lawrence Outreach Surgery¬Neville Hall¬Waltham St. Lawrence¬¬Reading¬Berkshire¬RG10 0JP¬51.486087799072266¬-0.81574708223342896¬15A¬NHS Berkshire West CCG¬0118 9403939¬¬¬
10644210¬K81055002¬GP¬UNKNOWN¬Visible¬True¬False¬Knowl Hill Outreach Surgery¬14 The Terrace¬Knowl Hill¬¬Reading¬Berkshire¬RG10 9XB¬51.508968353271484¬-0.81456327438354492¬15A¬NHS Berkshire West CCG¬0118 9403939¬¬¬
10644211¬K81056003¬GP¬UNKNOWN¬Visible¬False¬True¬Dr Gargav¬Overdown Road Surgery¬6 Overdown Road,¬Tilehurst¬Reading¬Berkshire¬RG31 6PR¬51.469669342041016¬-1.0445543527603149¬15A¬NHS Berkshire West CCG¬¬¬¬
10644212¬G81036001¬GP¬UNKNOWN¬Visible¬False¬True¬The Deneway Surgery¬Lionsdene¬11 The Deneway¬¬Brighton¬East Sussex¬BN1 8QR¬50.856647491455078¬-0.15485887229442596¬09D¬NHS Brighton And Hove CCG¬01273 540490¬¬¬
10644213¬A81004001¬GP¬UNKNOWN¬Visible¬True¬True¬No Branch Surgery¬...¬¬¬...¬Cleveland¬TS5 8SB¬54.538188934326172¬-1.2621129751205444¬16C¬NHS Tees Valley CCG¬01642 818952¬¬¬
10644214¬A81016001¬GP¬UNKNOWN¬Visible¬False¬True¬Dr Basson¬131 Kings Road¬North Ormesby¬¬Middlesbrough¬Cleveland¬TS3 6EY¬54.567729949951172¬-1.2097194194793701¬16C¬NHS Tees Valley CCG¬0300 1112300¬¬¬
10644215¬A81067001¬GP¬UNKNOWN¬Visible¬False¬True¬University of Durham¬Queens Campus Stockton¬University Boulevard¬Thornaby¬Stockton-on-Tees¬Cleveland¬TS17 6BH¬54.56317138671875¬-1.2967523336410522¬16C¬NHS Tees Valley CCG¬¬¬¬
10644216¬A84026001¬GP¬UNKNOWN¬Visible¬False¬True¬Tweedmouth Clinic¬Shielfield Terrace¬Tweedmouth¬¬Berwick-upon-Tweed¬Northumberland¬TD15 2EQ¬55.760250091552734¬-2.0116229057312012¬00L¬NHS Northumberland CCG¬¬¬¬
10644217¬A82071001¬GP¬UNKNOWN¬Visible¬False¬True¬Jeelani¬42 Middlefield¬¬¬Ormsgill¬Cumbria¬LA14 4BX¬54.137863159179688¬-3.2310404777526855¬01K¬NHS Morecambe Bay CCG¬¬¬¬
10644218¬L82025001¬GP¬UNKNOWN¬Visible¬False¬True¬Gorran Haven¬Old Lime Kiln¬¬¬Gorran Haven¬Cornwall¬PL26 6JG¬50.240348815917969¬-4.789482593536377¬11N¬NHS Kernow CCG¬¬¬¬
10644219¬L83011001¬GP¬UNKNOWN¬Visible¬False¬True¬Bicton College of Agriculture¬Bicton College of Agriculture¬¬¬East Budleigh¬Devon¬EX9 7BY¬50.670276641845703¬-3.3166944980621338¬15N¬NHS Devon CCG¬¬¬¬
10644220¬A83001001¬GP¬UNKNOWN¬Visible¬False¬True¬Byers Green¬The Surgery¬24 Greenrise¬Byers Green¬Spennymoor¬County Durham¬DL16 7PL¬54.701831817626953¬-1.6571424007415771¬84H¬NHS County Durham CCG¬¬¬¬
10644221¬C81658001¬GP¬UNKNOWN¬Visible¬False¬True¬St Lawrence Court Surgery¬St. Lawrence Road¬North Wingfield¬¬Chesterfield¬Derbyshire¬S42 5LH¬53.180133819580078¬-1.3878161907196045¬15M¬NHS Derby And Derbyshire CCG¬¬¬¬
10644222¬C82077004¬GP¬UNKNOWN¬Visible¬False¬False¬Uppingham School¬19 High Street West¬Uppingham¬¬Oakham¬Rutland¬LE15 9QE¬52.588047027587891¬-0.72502470016479492¬03W¬NHS East Leicestershire And Rutland CCG¬¬¬¬
10644223¬B83602001¬GP¬UNKNOWN¬Visible¬False¬True¬Dr Alim and Partners¬8 Vale Street¬¬¬Keighley¬West Yorkshire¬BD21 4DA¬53.874580383300781¬-1.8917632102966309¬36J¬NHS Bradford District And Craven CCG¬01535 691201¬¬¬
10644225¬D83070001¬GP¬UNKNOWN¬Visible¬False¬True¬The Chase, Stanton¬10 The Chase¬Stanton¬¬Bury St. Edmunds¬Suffolk¬IP31 2XA¬52.325263977050781¬0.88282829523086548¬07K¬NHS West Suffolk CCG¬01359 251192¬¬¬
10644226¬B86658001¬GP¬UNKNOWN¬Visible¬True¬True¬New Cross Surgery¬Rothwell Health Centre¬Stone Brig Lane¬Rothwell¬Leeds¬West Yorkshire¬LS26 0UE¬53.7470703125¬-1.4849960803985596¬15F¬NHS Leeds CCG¬0113 4677511¬¬https://www.moorfield-newcross.nhs.uk¬0113 2829195
10644227¬E81040001¬GP¬UNKNOWN¬Visible¬False¬True¬Dr Swan¬The Surgery¬Westoning Road¬Harlington¬Dunstable¬Bedfordshire¬LU5 6PB¬51.965797424316406¬-0.49456050992012024¬06P¬NHS Luton CCG¬¬¬¬
10644229¬E82021001¬GP¬UNKNOWN¬Visible¬False¬True¬Hunsdon Village Hall¬Hunsdon Village Hall¬41 High Street¬Hunsdon¬Ware¬Hertfordshire¬SG12 8NJ¬51.808216094970703¬5.5018160492181778E-2¬06K¬NHS East And North Hertfordshire CCG¬¬¬¬
10644230¬E82060001¬GP¬UNKNOWN¬Visible¬False¬True¬Parkbury Surgery¬18 Hopkins Crescent¬Sandridge¬¬St. Albans¬Hertfordshire¬AL4 9DB¬51.779369354248047¬-0.307320237159729¬06N¬NHS Herts Valleys CCG¬01727 847968¬¬¬
10644231¬C86002001¬GP¬UNKNOWN¬Visible¬False¬True¬Scawthorpe Clinic¬Amersall Road¬Scawthorpe¬¬Doncaster¬South Yorkshire¬DN5 9PQ¬53.544414520263672¬-1.1652003526687622¬02X¬NHS Doncaster CCG¬01302 781132¬¬¬
10644232¬C81039002¬GP¬UNKNOWN¬Visible¬False¬False¬Litton Village Hall¬Institute Row¬Litton¬¬Buxton¬Derbyshire¬SK17 8QP¬53.272815704345703¬-1.754430890083313¬15M¬NHS Derby And Derbyshire CCG¬¬¬¬
10644233¬C81039003¬GP¬UNKNOWN¬Visible¬False¬False¬Dr Goodwin & Partners¬Main Road¬Grindleford¬¬Hope Valley¬Derbyshire¬S32 2HG¬53.292186737060547¬-1.6383250951766968¬15M¬NHS Derby And Derbyshire CCG¬¬¬¬
10644234¬C84059001¬GP¬UNKNOWN¬Visible¬False¬True¬Pollard & Partners Forest Town¬Forest Town Clinic¬Clipstone Road West¬Forest Town¬Nottingham¬Nottinghamshire¬NG19 0AA¬53.150722503662109¬-1.1660201549530029¬52R¬NHS Nottingham And Nottinghamshire CCG¬01623 627209¬¬¬
10644235¬K81083003¬GP¬UNKNOWN¬Visible¬True¬True¬Bharani Medical Centre - Burlington Avenue¬32 Burlington Avenue¬¬¬Slough¬Berkshire¬SL1 2LD¬51.509368896484375¬-0.60023397207260132¬15D¬NHS East Berkshire CCG¬01753 552376¬¬¬
10644236¬K82027001¬GP¬UNKNOWN¬Visible¬False¬True¬Purbeck HC (Branch)¬31 Permayne¬New Bradwell¬¬Milton Keynes¬Buckinghamshire¬MK13 0DH¬52.06402587890625¬-0.79025393724441528¬04F¬NHS Milton Keynes CCG¬¬¬¬
10644237¬K84026001¬GP¬UNKNOWN¬Visible¬False¬True¬Dr Williamson¬West Oxford Health Centre¬Botley Park¬Botley Road¬Oxford¬Oxfordshire¬OX2 0BT¬51.752536773681641¬-1.2763547897338867¬10Q¬NHS Oxfordshire CCG¬¬¬¬
10644238¬B81005002¬GP¬UNKNOWN¬Visible¬False¬False¬Thornleigh¬Chapel Street¬Goxhill¬¬Barrow-upon-Humber¬South Humberside¬DN19 7JQ¬53.678180694580078¬-0.33091521263122559¬03K¬NHS North Lincolnshire CCG¬¬¬¬
10644241¬C82102003¬GP¬UNKNOWN¬Visible¬False¬True¬Country House¬Stoney Lane¬Coleorton¬¬Coalville¬Leicestershire¬LE67 8JJ¬52.754627227783203¬-1.4006264209747314¬04V¬NHS West Leicestershire CCG¬¬¬¬
10644242¬K83052002¬GP¬UNKNOWN¬Visible¬False¬True¬Roade Surgery¬16 London Road¬Roade¬¬Northampton¬Northamptonshire¬NN7 2NN¬52.159297943115234¬-0.89786922931671143¬78H¬NHS Northamptonshire CCG¬01604 862218¬¬¬
10644243¬J82066001¬GP¬UNKNOWN¬Visible¬False¬True¬Southlea Surgery (Aldershot Health Centre)¬Wellington Avenue¬¬¬Aldershot¬Hampshire¬GU11 1PA¬51.250110626220703¬-0.76961874961853027¬99M¬NHS North East Hampshire And Farnham CCG¬¬¬¬
10644244¬H82040002¬GP¬UNKNOWN¬Visible¬False¬True¬St Dunstan's Chapel, West Hoathley¬North Lane¬West Hoathley¬¬East Grinstead¬West Sussex¬RH19 4QF¬51.077911376953125¬-5.5030584335327148E-2¬70F¬NHS West Sussex CCG¬¬¬¬
10644245¬G82604003¬GP¬UNKNOWN¬Visible¬False¬True¬The Spires¬Chiltern Close¬Downswood¬¬Maidstone¬Kent¬ME15 8XG¬51.260627746582031¬0.56375753879547119¬91Q¬NHS Kent And Medway CCG¬01622 862759¬¬¬
10644246¬H82040003¬GP¬UNKNOWN¬Visible¬False¬True¬Turner's Hill¬The Ark¬Mount Lane¬Turners Hill¬Crawley¬West Sussex¬RH10 4RA¬51.105056762695313¬-8.2546532154083252E-2¬70F¬NHS West Sussex CCG¬¬¬¬
10644248¬B81655001¬GP¬UNKNOWN¬Visible¬True¬True¬New Waltham Surgery¬Greenlands Park¬New Waltham¬¬Grimsby¬South Humberside¬DN36 4YF¬53.525161743164063¬-6.4842008054256439E-2¬03H¬NHS North East Lincolnshire CCG¬¬¬¬
10644249¬F81152001¬GP¬UNKNOWN¬Visible¬True¬True¬Forest Practice (Station Road)¬11 Station Road¬¬¬Loughton¬Essex¬IG10 4NZ¬51.644275665283203¬5.3797066211700439E-2¬07H¬NHS West Essex CCG¬¬¬¬
10644250¬L83004001¬GP¬UNKNOWN¬Visible¬False¬True¬Ilford Park Polish Home¬Ilford Park¬Stover¬¬Newton Abbot¬Devon¬TQ12 6QH¬50.559146881103516¬-3.6573901176452637¬15N¬NHS Devon CCG¬¬¬¬
10644251¬G85119001¬GP¬UNKNOWN¬Visible¬False¬True¬Dr. Edlin¬Barry Road Hostel¬261 Barry Road¬Dulwich¬London¬Greater London¬SE22 0JT¬51.449611663818359¬-7.3255173861980438E-2¬72Q¬NHS South East London CCG¬02082993333¬¬¬
10644252¬H84012001¬GP¬UNKNOWN¬Visible¬False¬True¬York Medical Practice, St Mary's College¬Medical Centre, St Mary's College¬Waldegrave Road¬Strawberry Hill¬Twickenham¬Middlesex¬TW1 4SX¬51.436153411865234¬-0.33589228987693787¬36L¬NHS South West London CCG¬02082404100¬¬¬
10644253¬G81056002¬GP¬UNKNOWN¬Visible¬False¬True¬Trevin Towers¬Gaudick Road¬¬¬Eastbourne¬East Sussex¬BN20 7SP¬50.762027740478516¬0.26798504590988159¬97R¬NHS East Sussex CCG¬¬¬¬
10644254¬L82038002¬GP¬UNKNOWN¬Visible¬False¬True¬Sennen Community Centre¬Sennen¬¬¬Penzance¬Cornwall¬TR19 7AP¬50.075839996337891¬-5.6829581260681152¬11N¬NHS Kernow CCG¬¬¬¬
10644255¬L82038003¬GP¬UNKNOWN¬Visible¬False¬True¬St. Buryan¬Playing Fields Association¬The Pavillion, Rectory Road¬St. Buryan¬Penzance¬Cornwall¬TR19 6BB¬50.074062347412109¬-5.6208786964416504¬11N¬NHS Kernow CCG¬¬¬¬
10644256¬J82061001¬GP¬UNKNOWN¬Visible¬False¬True¬Old Basing Surgery¬2 Linden Court¬Linden Avenue¬Old Basing¬Basingstoke¬Hampshire¬RG24 7HS¬51.266056060791016¬-1.0412851572036743¬10J¬NHS North Hampshire CCG¬¬¬¬
10644257¬G82161003¬GP¬UNKNOWN¬Visible¬False¬True¬Balmoral Road Surgery¬12 Balmoral Road¬¬¬Gillingham¬Kent¬ME7 4PG¬51.385608673095703¬0.54912132024765015¬91Q¬NHS Kent And Medway CCG¬¬¬¬
10644258¬G82679001¬GP¬UNKNOWN¬Visible¬False¬True¬Gun Lane Medical Centre Surgery St¬Gun Lane¬Strood¬¬Rochester¬Kent¬ME2 4UW¬51.397396087646484¬0.49320346117019653¬91Q¬NHS Kent And Medway CCG¬¬¬¬
10644259¬G82113001¬GP¬UNKNOWN¬Visible¬False¬True¬West Drive Surgery¬West Drive¬¬¬Chatham¬Kent¬ME5 9XG¬51.351600646972656¬0.51088100671768188¬91Q¬NHS Kent And Medway CCG¬¬¬¬
10644260¬L83067001¬GP¬UNKNOWN¬Visible¬False¬True¬The Surgery Sidford¬Church Street¬¬¬Sidford¬Devon¬EX10 9RH¬50.703472137451172¬-3.2265806198120117¬15N¬NHS Devon CCG¬01395 512601¬¬¬
10644261¬J81035006¬GP¬UNKNOWN¬Visible¬False¬True¬Winterbourne Stickland¬Pamela Hambro Hall¬Winterborne Strickland¬¬Blandford¬Dorset¬DT11 0NN¬50.839500427246094¬-2.2368495464324951¬11J¬NHS Dorset CCG¬01258 880210¬¬¬
10644262¬J81035009¬GP¬UNKNOWN¬Visible¬False¬True¬Winterbourne Whitechurch¬Village Hall¬Dolway Lane¬Winterbourne Whitechurch¬Dorchester¬Dorset¬DT11 0AW¬50.803718566894531¬-2.2372500896453857¬11J¬NHS Dorset CCG¬01258 880210¬¬¬
10644263¬J81053001¬GP¬UNKNOWN¬Visible¬False¬True¬Hazlebury Bryan Village Hall¬Village Hall¬Churchfoot Lane¬Hazlebury Bryan¬Dorchester¬Dorset¬DT10 2DR¬50.878780364990234¬-2.363239049911499¬11J¬NHS Dorset CCG¬01300 341666¬¬¬
10644264¬P81100001¬GP¬UNKNOWN¬Visible¬False¬True¬The Annex¬6 Railway View Road¬¬¬Clitheroe¬Lancashire¬BB7 2JG¬53.873958587646484¬-2.3931853771209717¬01A¬NHS East Lancashire CCG¬01200 444255¬¬¬
10644265¬L82038001¬GP¬UNKNOWN¬Visible¬False¬True¬Polgigga¬The Surgery¬Polgigga¬¬St Levan¬Cornwall¬TR19 6LP¬50.056781768798828¬-5.6609683036804199¬11N¬NHS Kernow CCG¬¬¬¬
10644266¬L82052001¬GP¬UNKNOWN¬Visible¬False¬True¬Flushing¬The Hall¬Coventry Road¬Flushing¬Falmouth¬Cornwall¬TR11 5TX¬50.164585113525391¬-5.0690426826477051¬11N¬NHS Kernow CCG¬¬¬¬
10644267¬A82650001¬GP¬UNKNOWN¬Visible¬False¬False¬Haverthwaite Branch Surgery¬Greenodd Village Hall¬Greenodd¬¬Ulverston¬Cumbria¬LA12 7QZ¬54.233791351318359¬-3.0541296005249023¬01K¬NHS Morecambe Bay CCG¬¬¬¬
10644268¬C82010001¬GP¬UNKNOWN¬Visible¬False¬True¬Oakham School Sanatorium¬25 Station Road¬¬¬Oakham¬Rutland¬LE15 6QT¬52.672603607177734¬-0.73098021745681763¬03W¬NHS East Leicestershire And Rutland CCG¬¬¬¬
10644269¬E85715001¬GP¬UNKNOWN¬Visible¬False¬True¬Leighton Road Surgery¬1 Leighton Road¬¬¬Leighton Buzzard¬Bedfordshire¬LU7 1LB¬51.915779113769531¬-0.66793543100357056¬07W¬NHS Ealing CCG¬¬¬¬
10644270¬K83031001¬GP¬UNKNOWN¬Visible¬False¬True¬Woodford Halse¬Memorial Hall¬Station Road¬Woodford Halse¬Daventry¬Northamptonshire¬NN11 3RB¬52.169315338134766¬-1.2094613313674927¬78H¬NHS Northamptonshire CCG¬¬¬¬
10644272¬A85003001¬GP¬UNKNOWN¬Visible¬False¬True¬Liddle Abg¬The Surgery¬Bute Road South¬High Spen, Rowlands Gill¬Gateshead¬Tyne and Wear¬NE39 2AP¬54.928501129150391¬-1.7844713926315308¬13T¬NHS Newcastle Gateshead CCG¬01207 544422¬¬¬
10644273¬A87017001¬GP¬UNKNOWN¬Visible¬False¬True¬The Clinic¬Main Road¬Dinnington¬¬Newcastle Upon Tyne¬Tyne and Wear¬NE13 7JW¬55.051284790039063¬-1.6733083724975586¬99C¬NHS North Tyneside CCG¬¬¬¬
10644274¬A88001001¬GP¬UNKNOWN¬Visible¬False¬True¬Dr Vinayak¬158 Calf Close Lane¬¬¬Jarrow¬Tyne and Wear¬NE32 4DU¬54.959136962890625¬-1.4788494110107422¬00N¬NHS South Tyneside CCG¬0191 4280448¬¬¬
10644275¬A89030002¬GP¬UNKNOWN¬Visible¬False¬True¬Dr Hubbard¬Church Street¬¬¬Houghton LE Spring¬Tyne and Wear¬DH4 4DN¬54.842323303222656¬-1.4691591262817383¬00P¬NHS Sunderland CCG¬0191 5844597¬¬¬
10644276¬L81075001¬GP¬UNKNOWN¬Visible¬False¬True¬The Surgery (Carrol Court)¬23 Carroll Court¬University of The West of England¬Coldharbour Lane¬Bristol¬Avon¬BS16 1QY¬51.501083374023438¬-2.5474436283111572¬15C¬NHS Bristol, North Somerset And South Gloucestershire CCG¬¬¬¬
10644277¬L83036002¬GP¬UNKNOWN¬Visible¬False¬True¬Topsham Surgery at Sclns¬The West of England School¬Countess Wear¬Topsham Road¬Exeter¬Devon¬EX2 6HA¬50.702602386474609¬-3.4950973987579346¬15N¬NHS Devon CCG¬¬¬¬
10644279¬A82651001¬GP¬UNKNOWN¬Visible¬False¬False¬Dr NL Hall & Dr LA Wilson¬Broughton Surgery¬c/o The Victory Hall¬¬Broughton-in-Furness¬Cumbria¬LA20 6HN¬54.276535034179688¬-3.2113356590270996¬01K¬NHS Morecambe Bay CCG¬¬¬¬
10644280¬G83067001¬GP¬UNKNOWN¬Visible¬False¬True¬Frances Street Surgery¬184 Frances Street¬¬¬London¬Greater London¬SE18 5JS¬51.492321014404297¬5.3543325513601303E-2¬72Q¬NHS South East London CCG¬¬¬¬
10644281¬K81028001¬GP¬UNKNOWN¬Visible¬False¬True¬The Surgery¬St Mary's School¬St Mary's Road¬¬Ascot¬Berkshire¬SL5 9JF¬51.393592834472656¬-0.67043465375900269¬15D¬NHS East Berkshire CCG¬¬¬¬
10644282¬P82018001¬GP¬UNKNOWN¬Visible¬False¬True¬Ariff & Partner¬398 Tonge Moor Road¬Tonge Moor¬¬Bolton¬Lancashire¬BL2 2LA¬53.593761444091797¬-2.4116842746734619¬00T¬NHS Bolton CCG¬01204 385231¬¬¬
10644283¬Y00206001¬GP¬UNKNOWN¬Visible¬False¬True¬Burnley Practice Branch¬c/o CHC¬60 Ashford Road¬¬London¬Greater London¬NW2 6TU¬51.556461334228516¬-0.21891440451145172¬07P¬NHS Brent CCG¬¬¬¬
10644284¬A82016002¬GP¬UNKNOWN¬Visible¬False¬True¬Arnside House¬Sycamore Lane¬¬¬Carlisle¬Cumbria¬CA1 3SR¬54.875949859619141¬-2.8881392478942871¬01H¬NHS North Cumbria CCG¬¬¬¬
10644285¬D83020001¬GP¬UNKNOWN¬Visible¬False¬True¬The Infirmary¬Royal Hospital School¬Holbrook¬¬Ipswich¬Suffolk¬IP9 2RU¬51.972244262695313¬1.1481080055236816¬06L¬NHS Ipswich And East Suffolk CCG¬¬¬¬
10644286¬L83020001¬GP¬UNKNOWN¬Visible¬False¬True¬Restharrow¬Church Street¬¬¬Axminster¬Devon¬EX13 5AQ¬50.781219482421875¬-2.9992899894714355¬15N¬NHS Devon CCG¬¬¬¬
10644287¬E87061001¬GP¬UNKNOWN¬Visible¬False¬True¬GT Chapel Street Medical Centre For The Homeless¬13 Great Chapel Street¬¬¬London¬Greater London¬W1F 8FL¬51.515079498291016¬-0.13408248126506805¬08Y¬NHS West London (K&C & Qpp) CCG¬¬¬¬
10644288¬E82092002¬GP¬UNKNOWN¬Visible¬False¬True¬Westgate House¬Tower Road¬¬¬Ware¬Hertfordshire¬SG12 7LP¬51.816658020019531¬-0.02372979000210762¬06K¬NHS East And North Hertfordshire CCG¬¬¬¬
10644289¬N83028004¬GP¬UNKNOWN¬Visible¬True¬True¬Leathers Lane Surgery¬The Halewood Centre¬Roseheath Drive¬Halewood¬Liverpool¬Merseyside¬L26 9UH¬53.359012603759766¬-2.8255653381347656¬01J¬NHS Knowsley CCG¬0151 281 4041¬¬https://www.astonhealth.nhs.uk/¬
10644290¬K83023001¬GP¬UNKNOWN¬Visible¬False¬True¬The Sanatorium¬Oundle School¬Pavillion Drive¬Oundle¬Peterborough¬Cambridgeshire¬PE8 4JJ¬52.485733032226563¬-0.47535538673400879¬06H¬NHS Cambridgeshire And Peterborough CCG¬¬¬¬
10644291¬C88023001¬GP¬UNKNOWN¬Visible¬False¬True¬Beighton Health Centre (Branch)¬Queens Road¬Beighton¬¬Sheffield¬South Yorkshire¬S20 1BJ¬53.348934173583984¬-1.3448271751403809¬03N¬NHS Sheffield CCG¬¬¬¬
10644292¬J82217001¬GP¬UNKNOWN¬Visible¬False¬True¬Patrick House¬361 Millbrook Road West¬¬¬Southampton¬Hampshire¬SO15 0HW¬50.913326263427734¬-1.4387421607971191¬10X¬NHS Southampton CCG¬¬¬¬
10644293¬G82729002¬GP¬UNKNOWN¬Visible¬True¬True¬Elvington Surgery¬Community Centre¬St. Johns Road¬Elvington¬Elvington¬Kent¬CT15 7QQ¬51.187679290771484¬1.2411104440689087¬91Q¬NHS Kent And Medway CCG¬01304 830708¬¬¬
10644295¬L83085001¬GP¬UNKNOWN¬Visible¬False¬True¬Blundells School¬Blundells Road¬¬¬Tiverton¬Devon¬EX16 4DT¬50.906459808349609¬-3.4659342765808105¬15N¬NHS Devon CCG¬¬¬¬
10644298¬E86001001¬GP¬UNKNOWN¬Visible¬False¬True¬Dr Goodman & Partners¬Northwood Health Centre¬Neal Close¬¬Northwood¬Middlesex¬HA6 1TQ¬51.604465484619141¬-0.41153714060783386¬08G¬NHS Hillingdon CCG¬01923 820626¬¬¬
10644299¬B81092002¬GP¬UNKNOWN¬Visible¬False¬False¬Carlton House¬20B Mill Street¬¬¬Driffield¬North Humberside¬YO25 6TN¬54.005516052246094¬-0.44077146053314209¬02Y¬NHS East Riding Of Yorkshire CCG¬¬¬¬
10644301¬M88008001¬GP¬UNKNOWN¬Visible¬False¬True¬Dr Manivasagam Branch¬295 Walsall Road¬¬¬West Bromwich¬West Midlands¬B71 3LN¬52.545448303222656¬-1.9826744794845581¬05L¬NHS Sandwell And West Birmingham CCG¬¬¬¬
10644302¬G83027002¬GP¬UNKNOWN¬Visible¬False¬True¬Sherard Road Medical Centre (Branch)¬444-446 Rochester Way¬¬¬London¬Greater London¬SE9 6LJ¬51.460117340087891¬4.5460894703865051E-2¬72Q¬NHS South East London CCG¬¬¬¬
10644303¬L81086001¬GP¬UNKNOWN¬Visible¬True¬True¬Wrington Surgery¬2 Richards Stores¬Broad Street¬Wrington¬Bristol¬Avon¬BS40 5LA¬51.361965179443359¬-2.7640144824981689¬15C¬NHS Bristol, North Somerset And South Gloucestershire CCG¬0193 4862532¬¬¬
10644305¬E84658001¬GP¬UNKNOWN¬Visible¬False¬True¬Dr Karia¬123 Uxbridge Road¬Harrow¬¬Harrow¬Middlesex¬HA3 6DJ¬51.612495422363281¬-0.33232557773590088¬08E¬NHS Harrow CCG¬02089540173¬¬¬
10644306¬H85051002¬GP¬UNKNOWN¬Visible¬False¬True¬Dr Freeman & Partners (Upper Tooting)¬219 Upper Tooting Road¬Tooting¬¬London¬Greater London¬SW17 7TG¬51.430545806884766¬-0.16512086987495422¬36L¬NHS South West London CCG¬02086722255¬¬¬
10644307¬H85051003¬GP¬UNKNOWN¬Visible¬False¬True¬Dr Freeman & Partners (Trevelyan Rd)¬27 Trevelyan Road¬Tooting¬¬London¬Greater London¬SW17 9LR¬51.423076629638672¬-0.16869956254959106¬36L¬NHS South West London CCG¬02087673746¬¬¬
10644308¬H85051004¬GP¬UNKNOWN¬Visible¬False¬True¬Tooting Bec Medical Centre¬103 Macmillan Way¬Tooting¬¬London¬Greater London¬SW17 6AT¬51.43157958984375¬-0.15126869082450867¬36L¬NHS South West London CCG¬02086825245¬¬¬
10644309¬C84069001¬GP¬UNKNOWN¬Visible¬False¬True¬Forest Town Branch¬47 Ellesmere Road¬Forest Town¬¬Mansfield¬Nottinghamshire¬NG19 0EG¬53.151134490966797¬-1.1681505441665649¬52R¬NHS Nottingham And Nottinghamshire CCG¬¬¬¬
10644310¬L83020002¬GP¬UNKNOWN¬Visible¬False¬True¬Scott Rowe¬Axminster Hospital¬Chard Street¬¬Axminster¬Devon¬EX13 5DU¬50.783897399902344¬-2.9962546825408936¬15N¬NHS Devon CCG¬¬¬¬
10644312¬K81633001¬GP¬UNKNOWN¬Visible¬False¬True¬Shinfield Surgery¬School Green¬Shinfield¬¬Reading¬Berkshire¬RG2 9EH¬51.404888153076172¬-0.9463457465171814¬15A¬NHS Berkshire West CCG¬¬¬¬
10644313¬E84057003¬GP¬UNKNOWN¬Visible¬False¬True¬Stanmore Medical School (Hsmc Branch Site)¬Harrow School Medical Centre¬34A High Street¬¬Harrow¬Middlesex¬HA1 3LH¬51.572433471679687¬-0.3381066620349884¬08E¬NHS Harrow CCG¬¬¬¬
10644314¬K82019001¬GP¬UNKNOWN¬Visible¬False¬True¬Elmhurst Surgery¬Elmhurst Road¬¬¬Aylesbury¬Buckinghamshire¬HP20 2AH¬51.826583862304687¬-0.80430066585540771¬14Y¬NHS Buckinghamshire CCG¬¬¬¬
10644316¬K82006001¬GP¬UNKNOWN¬Visible¬True¬True¬The Iver Heath Health Centre¬Trewarden Avenue¬Trewarden Avenue¬¬Iver Heath¬Buckinghamshire¬SL0 0SB¬51.539161682128906¬-0.52057504653930664¬14Y¬NHS Buckinghamshire CCG¬01753651632¬¬¬
10644317¬M85172002¬GP¬UNKNOWN¬Visible¬False¬True¬Ridgacre Annex¬127 White Road¬¬Quinton¬Birmingham¬West Midlands¬B32 2SX¬52.459476470947266¬-1.9879323244094849¬15E¬NHS Birmingham And Solihull CCG¬¬¬¬
10644318¬B81010002¬GP¬UNKNOWN¬Visible¬False¬True¬North Ferriby Surgery¬50 Church Road¬¬¬North Ferriby¬North Humberside¬HU14 3AA¬53.717945098876953¬-0.50343799591064453¬02Y¬NHS East Riding Of Yorkshire CCG¬¬¬¬
10644319¬L82045004¬GP¬UNKNOWN¬Visible¬False¬True¬Roseland Parc Surgery¬Roseland Parc¬Fore Street¬Tregony¬Truro¬Cornwall¬TR2 5PD¬50.267913818359375¬-4.9095993041992187¬11N¬NHS Kernow CCG¬¬¬¬
10644321¬D82079001¬GP¬UNKNOWN¬Visible¬False¬False¬St George's Hall (Feltwell Surgery)¬High Street¬Methwold¬¬Thetford¬Norfolk¬IP26 4NT¬52.522998809814453¬0.55436587333679199¬26A¬NHS Norfolk And Waveney CCG¬¬¬¬
10644322¬C82034001¬GP¬UNKNOWN¬Visible¬False¬True¬Welbeck The Defence Sixth Form College¬Forest Road¬Woodhouse¬¬Loughborough¬Leicestershire¬LE12 8TZ¬52.733348846435547¬-1.2021881341934204¬04V¬NHS West Leicestershire CCG¬¬¬¬
10644323¬E82021002¬GP¬UNKNOWN¬Visible¬False¬True¬Little Hadham Village Hall¬The Ford¬Little Hadham¬¬Ware¬Hertfordshire¬SG11 2BP¬51.877853393554688¬8.4416992962360382E-2¬06K¬NHS East And North Hertfordshire CCG¬¬¬¬
10644324¬K81630002¬GP¬UNKNOWN¬Visible¬False¬True¬Henry Vii Tower Surgery¬Windsor Castle¬¬¬Windsor¬Berkshire¬SL4 1NJ¬51.483875274658203¬-0.60640084743499756¬15D¬NHS East Berkshire CCG¬¬¬¬
10644325¬A89030001¬GP¬UNKNOWN¬Visible¬False¬True¬Westbourne Medical Group¬Gill Crescent North¬¬¬Houghton LE Spring¬Tyne and Wear¬DH4 6AW¬54.848312377929687¬-1.5124067068099976¬00P¬NHS Sunderland CCG¬0191 3852508¬¬¬
10644327¬M91019001¬GP¬UNKNOWN¬Visible¬False¬True¬Rushall Medical Centre - Pelsall Branch¬Pelsall Health Centre¬High Street¬Pelsall¬Walsall¬West Midlands¬WS3 4LX¬52.629741668701172¬-1.9682810306549072¬05Y¬NHS Walsall CCG¬¬¬¬
10644328¬D82044003¬GP¬UNKNOWN¬Visible¬False¬True¬The Hollies Surgery¬Downham Market Health Centre¬Paradise Road¬¬Downham Market¬Norfolk¬PE38 9JE¬52.603923797607422¬0.37434059381484985¬26A¬NHS Norfolk And Waveney CCG¬¬¬¬
10644329¬G81059001¬GP¬UNKNOWN¬Visible¬False¬True¬Vicarage Field Surgery¬Vicarage Field¬¬¬Hailsham¬East Sussex¬BN27 1BE¬50.864082336425781¬0.26005896925926208¬97R¬NHS East Sussex CCG¬¬¬¬
10644330¬K81020001¬GP¬UNKNOWN¬Visible¬False¬True¬Holyport Surgery¬Stroud Farm Road¬Holyport¬¬Maidenhead¬Berkshire¬SL6 2LP¬51.492889404296875¬-0.70952373743057251¬15D¬NHS East Berkshire CCG¬¬¬¬
10644331¬E81044001¬GP¬UNKNOWN¬Visible¬False¬True¬Lrs at Ridgeway Court¬Unit 6 Ridgeway Court¬Grovebury Road¬¬Leighton Buzzard¬Bedfordshire¬LU7 4SF¬51.909778594970703¬-0.66039341688156128¬06F¬NHS Bedfordshire CCG¬¬¬¬
10644332¬G81003002¬GP¬UNKNOWN¬Visible¬False¬True¬Eastbourne College¬Old Wish Road¬¬¬Eastbourne¬East Sussex¬BN21 4JY¬50.762569427490234¬0.27972468733787537¬97R¬NHS East Sussex CCG¬¬¬¬
10644333¬G85119002¬GP¬UNKNOWN¬Visible¬False¬True¬Camberwell Green Care Centre¬54 Camberwell Green¬¬¬London¬Greater London¬SE5 7AS¬51.475860595703125¬-9.3044154345989227E-2¬72Q¬NHS South East London CCG¬¬¬¬
10644334¬G85119003¬GP¬UNKNOWN¬Visible¬False¬True¬Burgess Park Care Centre¬81 Picton Street¬¬¬London¬Greater London¬SE5 7QH¬51.477581024169922¬-9.0409077703952789E-2¬72Q¬NHS South East London CCG¬¬¬¬
10644335¬G85119004¬GP¬UNKNOWN¬Visible¬False¬True¬Queens Oak Care Centre¬64-72 Queens Road¬¬¬London¬Greater London¬SE15 2QL¬51.473526000976562¬-6.0310408473014832E-2¬72Q¬NHS South East London CCG¬¬¬¬
10644336¬E83035001¬GP¬UNKNOWN¬Visible¬False¬True¬Dr S.A Patel¬86 Audley Road¬Hendon¬¬London¬Greater London¬NW4 3HB¬51.579315185546875¬-0.23304548859596252¬93C¬NHS North Central London CCG¬¬¬¬
10644337¬L85039001¬GP¬UNKNOWN¬Visible¬False¬True¬Millfield Prep School¬Edgarley Hall¬¬¬Glastonbury¬Somerset¬BA6 8LD¬51.139133453369141¬-2.6891176700592041¬11X¬NHS Somerset CCG¬¬¬¬
10644338¬L85039002¬GP¬UNKNOWN¬Visible¬False¬True¬Millfield Senior School¬Butleigh Road¬¬¬Street¬Somerset¬BA16 0YD¬51.123016357421875¬-2.728071928024292¬11X¬NHS Somerset CCG¬¬¬¬
10644339¬N81079002¬GP¬UNKNOWN¬Visible¬False¬True¬Holy Trinity Church Hall¬Norris Road¬Blacon¬¬Chester¬Cheshire¬CH1 5DZ¬53.2093505859375¬-2.9273788928985596¬27D¬NHS Cheshire CCG¬¬¬¬
10644340¬C82066001¬GP¬UNKNOWN¬Visible¬True¬True¬Warren Lane Surgery¬Warren Lane¬¬¬Leicester¬Leicestershire¬LE3 3LW¬52.618782043457031¬-1.2267533540725708¬03W¬NHS East Leicestershire And Rutland CCG¬¬¬¬
10644341¬L83014001¬GP¬UNKNOWN¬Visible¬False¬True¬Cherrybrook Medical Centre¬Hookhills Road¬¬¬Paignton¬Devon¬TQ4 7SH¬50.410984039306641¬-3.5659096240997314¬15N¬NHS Devon CCG¬01803 844566¬¬¬
10644342¬B81024001¬GP¬UNKNOWN¬Visible¬False¬True¬Swanland Surgery¬The Old Pump House¬West End¬Swanland¬North Ferriby¬North Humberside¬HU14 3PE¬53.738143920898437¬-0.4940783679485321¬02Y¬NHS East Riding Of Yorkshire CCG¬¬¬¬
10644343¬J82145001¬GP¬UNKNOWN¬Visible¬False¬True¬Nightingale Surgery¬Great Well Drive¬Cupernham Lane¬¬Romsey¬Hampshire¬SO51 7QN¬50.991825103759766¬-1.485970139503479¬11A¬NHS West Hampshire CCG¬¬¬¬
10644345¬B86062003¬GP¬UNKNOWN¬Visible¬False¬True¬Dr S M Laybourn & Partners¬846 York Road¬¬¬Leeds¬West Yorkshire¬LS14 6DX¬53.813713073730469¬-1.4552474021911621¬15F¬NHS Leeds CCG¬0113 2493011¬¬¬
10644346¬D82041001¬GP¬UNKNOWN¬Visible¬False¬True¬Thetford Healthy Living Centre¬Croxton Road¬¬¬Thetford¬Norfolk¬IP24 1JD¬52.420623779296875¬0.74978470802307129¬26A¬NHS Norfolk And Waveney CCG¬¬¬¬
10644347¬M81629001¬GP¬UNKNOWN¬Visible¬False¬True¬New Court Road Surgery Branch 1¬College Road¬¬¬Malvern¬Worcestershire¬WR14 3DF¬52.104198455810547¬-2.3261196613311768¬18C¬NHS Herefordshire And Worcestershire CCG¬¬¬¬
10644348¬M85778001¬GP¬UNKNOWN¬Visible¬False¬True¬Aston University Student Health Centre¬Vision Sciences Building¬Aston University¬The Aston Triangle¬Birmingham¬West Midlands¬B4 7ET¬52.486640930175781¬-1.8909375667572021¬05L¬NHS Sandwell And West Birmingham CCG¬¬¬¬
10644349¬E81026002¬GP¬UNKNOWN¬Visible¬False¬True¬Cardiff Road Surgery¬The Surgery¬12 Cardiff Road¬¬Luton¬Bedfordshire¬LU1 1QG¬51.879192352294922¬-0.42322999238967896¬06P¬NHS Luton CCG¬01582 722143¬¬¬
10644350¬F81076002¬GP¬UNKNOWN¬Visible¬True¬True¬No longer available¬Village Hall¬Head Street¬Goldhanger¬Maldon¬Essex¬CM9 8AY¬51.746082305908203¬0.75571388006210327¬06Q¬NHS Mid Essex CCG¬01621 869204¬¬¬
10644351¬F81043003¬GP¬UNKNOWN¬Visible¬True¬True¬Waltham Abbey Health Centre¬Sewardstone Road¬¬¬Waltham Abbey¬Essex¬EN9 1NP¬51.685321807861328¬1.9962482620030642E-3¬07H¬NHS West Essex CCG¬01992 714088¬¬¬
10644352¬J81017001¬GP¬UNKNOWN¬Visible¬False¬False¬Sherborne School Health Centre¬26 Acreman Street¬¬¬Sherborne¬Dorset¬DT9 3NX¬50.948593139648438¬-2.5208678245544434¬11J¬NHS Dorset CCG¬¬¬¬
10644353¬F82038001¬GP¬UNKNOWN¬Visible¬False¬True¬Valence Medical Centre - Branch Site¬1 Grosvenor Road¬¬¬Dagenham¬Essex¬RM8 1NR¬51.563095092773437¬0.14744113385677338¬07L¬NHS Barking And Dagenham CCG¬¬¬¬
10644354¬Y00159001¬GP¬UNKNOWN¬Visible¬False¬True¬Shirley Road Health Centre¬189 Shirley Road¬Acocks Green¬¬Birmingham¬West Midlands¬B27 7NP¬52.438899993896484¬-1.8270061016082764¬15E¬NHS Birmingham And Solihull CCG¬¬¬¬
10644355¬C84005003¬GP¬UNKNOWN¬Visible¬False¬True¬East Leake¬39 Main Street¬East Leake¬¬Loughborough¬Leicestershire¬LE12 6PF¬52.831474304199219¬-1.1762572526931763¬52R¬NHS Nottingham And Nottinghamshire CCG¬¬¬¬
10644356¬L82006003¬GP¬UNKNOWN¬Visible¬False¬True¬Hendra¬44 Lower Market Street¬¬¬Penryn¬Cornwall¬TR10 8BH¬50.168632507324219¬-5.1045122146606445¬11N¬NHS Kernow CCG¬¬¬¬
10644358¬J83007001¬GP¬UNKNOWN¬Visible¬False¬True¬Hathaway Surgery¬32 New Road¬¬¬Chippenham¬Wiltshire¬SN15 1HP¬51.463035583496094¬-2.1180729866027832¬92G¬NHS Bath And North East Somerset, Swindon And Wiltshire CCG¬¬¬¬
10644359¬F81205001¬GP¬UNKNOWN¬Visible¬False¬True¬The Long Road Surgery¬409 Long Road¬¬¬Canvey Island¬Essex¬SS8 0JH¬51.519496917724609¬0.56591969728469849¬99F¬NHS Castle Point And Rochford CCG¬¬¬¬
10644360¬F81732001¬GP¬UNKNOWN¬Visible¬False¬True¬Swan Lane Surgery¬66 Swan Lane¬¬¬Wickford¬Essex¬SS11 7DD¬51.617206573486328¬0.52176189422607422¬99E¬NHS Basildon And Brentwood CCG¬¬¬¬
10644361¬B82609004¬GP¬UNKNOWN¬Visible¬False¬True¬Ampleforth College Surgery¬Ampleforth College¬Ampleforth¬Malton¬York¬North Yorkshire¬YO62 4ER¬54.202136993408203¬-1.0822497606277466¬42D¬NHS North Yorkshire CCG¬¬¬¬
10644362¬B82609005¬GP¬UNKNOWN¬Visible¬False¬True¬Ampleforth College Jnr School¬St. Martins Ampleforth¬Gilling Castle¬Gilling East¬York¬North Yorkshire¬YO62 4HP¬54.183258056640625¬-1.0648930072784424¬42D¬NHS North Yorkshire CCG¬¬¬¬
10644363¬D83021001¬GP¬UNKNOWN¬Visible¬False¬True¬Stourview Medical Centre¬Crown Passage¬High Street¬¬Haverhill¬Suffolk¬CB9 8AG¬52.082996368408203¬0.43984177708625793¬07K¬NHS West Suffolk CCG¬01440 761177¬¬¬
10644364¬G81006001¬GP¬UNKNOWN¬Visible¬False¬True¬Ardingly Court Branch Surgery¬Wellsbourne Health Centre¬179 Whitehawk Road¬¬Brighton¬East Sussex¬BN2 5FL¬50.825447082519531¬-0.1073722317814827¬09D¬NHS Brighton And Hove CCG¬¬¬¬
10644365¬L84047001¬GP¬UNKNOWN¬Visible¬False¬True¬Churchdown Surgery Admin Branch¬56 Albemarle Road¬Churchdown¬¬Gloucester¬Gloucestershire¬GL3 2HE¬51.880104064941406¬-2.1675698757171631¬11M¬NHS Gloucestershire CCG¬¬¬¬
10644366¬B86066001¬GP¬UNKNOWN¬Visible¬False¬True¬Priory View Medical Centre¬2A Green Lane¬¬¬Leeds¬West Yorkshire¬LS12 1HU¬53.791637420654297¬-1.5751338005065918¬15F¬NHS Leeds CCG¬¬¬¬
10644368¬F81136001¬GP¬UNKNOWN¬Visible¬False¬True¬Traps Hill Surgery¬25 Traps Hill¬¬¬Loughton¬Essex¬IG10 1SZ¬51.648838043212891¬0.06039249524474144¬07H¬NHS West Essex CCG¬¬¬¬
10644370¬L82045005¬GP¬UNKNOWN¬Visible¬False¬True¬Summercourt¬Memorial Hall¬Summercourt¬¬Newquay¬Cornwall¬TR8 5DY¬50.368251800537109¬-4.969475269317627¬11N¬NHS Kernow CCG¬¬¬¬
10644371¬J81634002¬GP¬UNKNOWN¬Visible¬False¬True¬St Paul's Hostel¬10 St. Pauls Lane¬¬¬Bournemouth¬Dorset¬BH8 8AJ¬50.725399017333984¬-1.8660669326782227¬11J¬NHS Dorset CCG¬¬¬¬
10644372¬L84041001¬GP¬UNKNOWN¬Visible¬False¬True¬Dean Court School¬Shelburne Road¬¬¬Cheltenham¬Gloucestershire¬GL51 6HE¬51.892845153808594¬-2.1057424545288086¬11M¬NHS Gloucestershire CCG¬¬¬¬
10644373¬E85120001¬GP¬UNKNOWN¬Visible¬False¬True¬Argyle Hanwell¬14 Cuckoo Lane¬Ealing¬¬London¬Greater London¬W7 3EY¬51.514881134033203¬-0.33903476595878601¬07W¬NHS Ealing CCG¬¬¬¬
10644374¬K82021001¬GP¬UNKNOWN¬Visible¬False¬True¬Lincoln House¬New Road¬¬¬Princes Risborough¬Buckinghamshire¬HP27 0JN¬51.724624633789063¬-0.83060586452484131¬14Y¬NHS Buckinghamshire CCG¬¬¬¬
10644375¬P87027001¬GP¬UNKNOWN¬Visible¬False¬True¬University Health Centre¬Maxwell Building¬¬¬Salford¬Greater Manchester¬M5 4WT¬53.483489990234375¬-2.2706360816955566¬01G¬NHS Salford CCG¬¬¬¬
10644376¬H83043003¬GP¬UNKNOWN¬Visible¬False¬True¬Southway Practice¬334 Wickham Road¬Shirley¬¬Croydon¬Surrey¬CR0 8BH¬51.375137329101563¬-4.4844292104244232E-2¬36L¬NHS South West London CCG¬¬¬¬
10644377¬H82023002¬GP¬UNKNOWN¬Visible¬False¬True¬Lancing College Sanatorium¬Lancing College¬¬¬Lancing¬West Sussex¬BN15 0RW¬50.845527648925781¬-0.30507546663284302¬70F¬NHS West Sussex CCG¬¬¬¬
10644378¬C82046001¬GP¬UNKNOWN¬Visible¬False¬True¬Saffron Health¬612 Saffron Lane¬¬¬Leicester¬Leicestershire¬LE2 6TD¬52.595005035400391¬-1.1407639980316162¬04C¬NHS Leicester City CCG¬¬¬¬
10644379¬D82051002¬GP¬UNKNOWN¬Visible¬False¬True¬St Nicholas Endoscopy Unit¬St. Nicholas Court¬Church Lane¬Dersingham¬King's Lynn¬Norfolk¬PE31 6GZ¬52.844230651855469¬0.51339733600616455¬26A¬NHS Norfolk And Waveney CCG¬¬¬¬
10644380¬A82016004¬GP¬UNKNOWN¬Visible¬False¬True¬North Carlisle Medical Practice¬Eden Street¬¬¬Carlisle¬Cumbria¬CA3 9JZ¬54.910152435302734¬-2.9430489540100098¬01H¬NHS North Cumbria CCG¬¬¬¬
10644381¬B82083008¬GP¬UNKNOWN¬Visible¬True¬True¬York Medical Group, Skelton¬The Surgery¬SY Giles Road¬Skelton¬York¬North Yorkshire¬YO30 1XX¬54.001071929931641¬-1.1345052719116211¬03Q¬NHS Vale Of York CCG¬¬¬¬
10644382¬D82042002¬GP¬UNKNOWN¬Visible¬False¬False¬Kenninghall Practice¬Quidenham Road¬Kenninghall¬¬Norwich¬Norfolk¬NR16 2EF¬52.436038970947266¬0.99600094556808472¬26A¬NHS Norfolk And Waveney CCG¬¬¬¬
10644383¬P89021001¬GP¬UNKNOWN¬Visible¬False¬True¬The Hollies Surgery¬83 Birch Lane¬¬¬Dukinfield¬Cheshire¬SK16 4AJ¬53.475276947021484¬-2.079768180847168¬01Y¬NHS Tameside And Glossop CCG¬¬¬¬
10644386¬B86014002¬GP¬UNKNOWN¬Visible¬False¬True¬The Avenue Surgery¬24 The Avenue¬Alwoodley¬¬Leeds¬West Yorkshire¬LS17 7BE¬53.857009887695313¬-1.5609718561172485¬15F¬NHS Leeds CCG¬¬¬¬
10644387¬B86014003¬GP¬UNKNOWN¬Visible¬False¬True¬Garforth Medical Centre¬Church Lane¬Garforth¬¬Leeds¬West Yorkshire¬LS25 1HB¬53.792301177978516¬-1.3874274492263794¬15F¬NHS Leeds CCG¬¬¬¬
10644388¬B86014004¬GP¬UNKNOWN¬Visible¬False¬True¬This IS MY¬93 Water Lane¬¬¬Leeds¬West Yorkshire¬LS11 5QN¬53.791694641113281¬-1.5513467788696289¬15F¬NHS Leeds CCG¬¬¬¬
10644389¬L84010001¬GP¬UNKNOWN¬Visible¬False¬True¬Lechlade Medical Centre¬Oak Street¬¬¬Lechlade¬Gloucestershire¬GL7 3RY¬51.696868896484375¬-1.6910915374755859¬11M¬NHS Gloucestershire CCG¬¬¬¬
10644390¬L83038002¬GP¬UNKNOWN¬Visible¬True¬True¬Lifton Surgery¬North Road¬¬¬Lifton¬Devon¬PL16 0EH¬50.645126342773438¬-4.2790088653564453¬15N¬NHS Devon CCG¬¬¬¬
10644391¬C83063005¬GP¬UNKNOWN¬Visible¬False¬False¬Long Sutton Health Centre¬Trafalgar Square¬Long Sutton¬¬Spalding¬Lincolnshire¬PE12 9HB¬52.785243988037109¬0.11831576377153397¬71E¬NHS Lincolnshire CCG¬¬¬¬
10644392¬C83063006¬GP¬UNKNOWN¬Visible¬False¬False¬Sutton Bridge Health Centre¬Railway Lane¬Sutton Bridge¬¬Spalding¬Lincolnshire¬PE12 9LP¬52.769893646240234¬0.18242757022380829¬71E¬NHS Lincolnshire CCG¬¬¬¬
10644393¬P81633001¬GP¬UNKNOWN¬Visible¬False¬True¬Feniscowles Surgery¬696 Preston Old Road¬¬¬Blackburn¬Lancashire¬BB2 5EP¬53.727161407470703¬-2.5375120639801025¬00Q¬NHS Blackburn With Darwen CCG¬¬¬¬
10644394¬M84015002¬GP¬UNKNOWN¬Visible¬False¬True¬Lisle Court Medical Centre¬Brunswick Street¬¬¬Leamington Spa¬Warwickshire¬CV31 2ES¬52.280845642089844¬-1.530927300453186¬05R¬NHS South Warwickshire CCG¬¬¬¬
10644396¬Y05167001¬GP¬UNKNOWN¬Visible¬False¬True¬The Phoenix Medical Practice¬1A Cavendish Court¬South Parade¬¬Doncaster¬South Yorkshire¬DN1 2DJ¬53.52215576171875¬-1.1244148015975952¬02X¬NHS Doncaster CCG¬¬¬¬
10644397¬P88026004¬GP¬UNKNOWN¬Visible¬False¬True¬Little Moor Surgery¬10 Offerton Lane¬¬¬Stockport¬Cheshire¬SK2 5AR¬53.403469085693359¬-2.1366987228393555¬01W¬NHS Stockport CCG¬¬¬¬
10644398¬M83082001¬GP¬UNKNOWN¬Visible¬False¬True¬Longton Health Centre¬Drayton Road¬¬¬Stoke-on-Trent¬Staffordshire¬ST3 1EQ¬52.99169921875¬-2.1354968547821045¬05W¬NHS Stoke On Trent CCG¬¬¬¬
10644399¬G81084001¬GP¬UNKNOWN¬Visible¬True¬True¬Little Ridge Surgery¬38 Little Ridge Avenue¬¬¬St. Leonards-on-Sea¬East Sussex¬TN37 7LS¬50.883995056152344¬0.55718165636062622¬97R¬NHS East Sussex CCG¬01424 755355¬¬¬
10644400¬C87009001¬GP¬UNKNOWN¬Visible¬False¬True¬Surgery of Light¬Hunger Hill Lane¬Whiston¬¬Rotherham¬South Yorkshire¬S60 4BD¬53.407787322998047¬-1.32274329662323¬03L¬NHS Rotherham CCG¬¬¬¬
10644401¬M83006002¬GP¬UNKNOWN¬Visible¬True¬True¬The Westgate Practice¬Greenhill Health Centre¬Church Street¬¬Lichfield¬Staffordshire¬WS13 6JL¬52.683540344238281¬-1.8211609125137329¬05Q¬NHS South East Staffordshire And Seisdon Peninsula CCG¬¬¬¬
10644402¬A82654001¬GP¬UNKNOWN¬Visible¬False¬True¬Morton Surgery¬Langrigg Road¬¬¬Carlisle¬Cumbria¬CA2 6DT¬54.883289337158203¬-2.9605653285980225¬01H¬NHS North Cumbria CCG¬¬¬¬
10644403¬E85739001¬GP¬UNKNOWN¬Visible¬False¬True¬Greenbrook Chinchilla¬The Chinchilla Centre For Health¬Chinchilla Drive¬¬Hounslow¬Middlesex¬TW4 7NN¬51.471027374267578¬-0.39732846617698669¬07Y¬NHS Hounslow CCG¬¬¬¬
10644404¬A84006004¬GP¬UNKNOWN¬Visible¬False¬True¬Infirmary Drive Medical Group¬The Consulting Rooms¬Infirmary Drive¬¬Alnwick¬Northumberland¬NE66 2NR¬55.410385131835938¬-1.6976937055587769¬00L¬NHS Northumberland CCG¬¬¬¬
10644405¬G82119003¬GP¬UNKNOWN¬Visible¬False¬True¬The Coach House Surgery¬27 Canterbury Road¬¬¬Herne Bay¬Kent¬CT6 5DQ¬51.370643615722656¬1.1342031955718994¬91Q¬NHS Kent And Medway CCG¬¬¬¬
10644406¬Y02906001¬GP¬UNKNOWN¬Visible¬False¬True¬The Old Oak Surgery¬118 Old Oak Road¬Acton¬¬London¬Greater London¬W3 7HG¬51.510940551757813¬-0.24621246755123138¬08C¬NHS Hammersmith And Fulham CCG¬¬¬¬
10644407¬B83052002¬GP¬UNKNOWN¬Visible¬True¬True¬Kensington Partnership - Mughal Medical Centre¬55 Ivanhoe Road¬¬¬Bradford¬West Yorkshire¬BD7 3JQ¬53.785400390625¬-1.7781174182891846¬36J¬NHS Bradford District And Craven CCG¬01274 504425¬¬http://www.kensingtonpartnership.org¬
10644408¬E82107002¬GP¬UNKNOWN¬Visible¬False¬True¬The Hertfordshire Business Centre¬Alexander Road¬¬¬St. Albans¬Hertfordshire¬AL2 1JG¬51.725986480712891¬-0.29551613330841064¬06N¬NHS Herts Valleys CCG¬¬¬¬
10644409¬B81017003¬GP¬UNKNOWN¬Visible¬True¬True¬City Health Practice - Riverside Medical Centre¬The Octagon¬Walker Street¬¬Hull¬North Humberside¬HU3 2RA¬53.738826751708984¬-0.35480448603630066¬03F¬NHS Hull CCG¬01482 344060¬¬http://www.riversidemedicalhull.co.uk¬
10644410¬G81084002¬GP¬UNKNOWN¬Visible¬True¬True¬Beaconsfield Ore Surgery site (BOSS)¬21 Fairlight Road¬¬¬Hastings¬East Sussex¬TN35 5ED¬50.873313903808594¬0.61129641532897949¬97R¬NHS East Sussex CCG¬¬¬¬
10644411¬F82660001¬GP¬UNKNOWN¬Visible¬False¬True¬Parsloes Avenue¬370 Parsloes Avenue¬¬¬Dagenham¬Essex¬RM9 5QP¬51.55120849609375¬0.13107188045978546¬07L¬NHS Barking And Dagenham CCG¬¬¬¬
10644412¬F82660002¬GP¬UNKNOWN¬Visible¬False¬True¬Ripple Road¬188 Ripple Road¬¬¬Barking¬Essex¬IG11 7PR¬51.534038543701172¬8.5671529173851013E-2¬07L¬NHS Barking And Dagenham CCG¬¬¬¬
10644413¬G82052001¬GP¬UNKNOWN¬Visible¬True¬True¬Garlinge Branch Surgery¬150 Canterbury Road¬150 Canterbury Road¬¬Margate¬Kent¬CT9 5DB¬51.380706787109375¬1.3564914464950562¬91Q¬NHS Kent And Medway CCG¬¬¬¬
10644414¬G82122003¬GP¬UNKNOWN¬Visible¬False¬True¬Lamorna Surgery¬Thomas Drive¬¬¬Gravesend¬Kent¬DA12 5PY¬51.427608489990234¬0.3832395076751709¬91Q¬NHS Kent And Medway CCG¬¬¬¬
10644415¬M85056001¬GP¬UNKNOWN¬Visible¬False¬True¬Grange Hill Surgery¬41 Grange Hill Road¬Kings Norton¬¬Birmingham¬West Midlands¬B38 8RF¬52.400180816650391¬-1.9385350942611694¬15E¬NHS Birmingham And Solihull CCG¬¬¬¬
10644416¬E81013001¬GP¬UNKNOWN¬Visible¬False¬True¬Churchfield Medical Centre¬322 Crawley Green Road¬¬¬Luton¬Bedfordshire¬LU2 9SB¬51.892490386962891¬-0.36924070119857788¬06P¬NHS Luton CCG¬¬¬¬
10644417¬P81020001¬GP¬UNKNOWN¬Visible¬True¬True¬Burnley Group Practice (formerly Rosehill Surgery)¬2Nd Floor¬St. Peters Centre¬Church Street¬Burnley¬Lancashire¬BB11 2DL¬53.791252136230469¬-2.2389318943023682¬01A¬NHS East Lancashire CCG¬¬¬¬
10644418¬M85046004¬GP¬UNKNOWN¬Visible¬False¬True¬Four Oaks Medical Centre¬Carlton House¬18 Mere Green Road¬¬Sutton Coldfield¬West Midlands¬B75 5BS¬52.587261199951172¬-1.8278993368148804¬15E¬NHS Birmingham And Solihull CCG¬¬¬¬
10644419¬J81073003¬GP¬UNKNOWN¬Visible¬False¬True¬Urgent Care Centre¬Weymouth Community Hospital¬3 Melcombe Avenue¬¬Weymouth¬Dorset¬DT4 7TB¬50.621040344238281¬-2.4509978294372559¬11J¬NHS Dorset CCG¬¬¬¬
10644420¬Y04995001¬GP¬UNKNOWN¬Visible¬True¬True¬Royal Primary Care - Rectory Road¬1 Rectory Road¬Staveley¬¬Chesterfield¬Derbyshire¬S43 3UZ¬53.268077850341797¬-1.3510563373565674¬15M¬NHS Derby And Derbyshire CCG¬¬¬¬
10644421¬K81605001¬GP¬UNKNOWN¬Visible¬False¬True¬Whitley Villa Surgery¬1 Christchurch Road¬¬¬Reading¬Berkshire¬RG2 7AB¬51.4444580078125¬-0.96414148807525635¬15A¬NHS Berkshire West CCG¬¬¬¬
10644422¬C88090001¬GP¬UNKNOWN¬Visible¬False¬True¬Park Health Centre¬190 Duke Street¬¬¬Sheffield¬South Yorkshire¬S2 5QQ¬53.377773284912109¬-1.4542098045349121¬03N¬NHS Sheffield CCG¬¬¬¬
10644423¬L85004001¬GP¬UNKNOWN¬Visible¬False¬True¬West One Surgery¬West Street¬¬¬Crewkerne¬Somerset¬TA18 8AY¬50.883251190185547¬-2.7972662448883057¬11X¬NHS Somerset CCG¬¬¬¬
10644424¬P86006001¬GP¬UNKNOWN¬Visible¬False¬True¬Norden Branch Surgery¬Norden Old Library¬Edenfield Road¬Norden¬Rochdale¬Lancashire¬OL11 5XE¬53.626590728759766¬-2.2100424766540527¬01D¬NHS Heywood, Middleton And Rochdale CCG¬¬¬¬
10644425¬Y01690001¬GP¬UNKNOWN¬Visible¬False¬True¬Thetford Health Living Centre¬Croxton Road¬¬¬Thetford¬Norfolk¬IP24 1JD¬52.420623779296875¬0.74978470802307129¬26A¬NHS Norfolk And Waveney CCG¬¬¬¬
10644426¬Y04995002¬GP¬UNKNOWN¬Visible¬True¬True¬Royal Primary Care - Inkersall¬Attlee Road¬Inkersall¬¬Chesterfield¬Derbyshire¬S43 3ST¬53.255958557128906¬-1.3728693723678589¬15M¬NHS Derby And Derbyshire CCG¬¬¬¬
10644427¬G85011001¬GP¬UNKNOWN¬Visible¬False¬True¬Clapham Family Practice¬The Manor Health Centre¬86 Clapham Manor Street¬¬London¬Greater London¬SW4 6EB¬51.46514892578125¬-0.13601924479007721¬72Q¬NHS South East London CCG¬¬¬¬
10644428¬A81018001¬GP¬UNKNOWN¬Visible¬False¬True¬Park Avenue Surgery¬13 Park Avenue¬¬¬Redcar¬Cleveland¬TS10 3LA¬54.614814758300781¬-1.0555697679519653¬16C¬NHS Tees Valley CCG¬¬¬¬
10644429¬A83012002¬GP¬UNKNOWN¬Visible¬False¬True¬Healthworks Medical Centre¬Paradise Lane¬Easington Colliery¬¬Peterlee¬County Durham¬SR8 3EX¬54.787586212158203¬-1.337494969367981¬84H¬NHS County Durham CCG¬¬¬¬
10644430¬B81011002¬GP¬UNKNOWN¬Visible¬False¬True¬Park Health Centre¬700 Holderness Road¬¬¬Hull¬North Humberside¬HU9 3JA¬53.7642822265625¬-0.29281988739967346¬03F¬NHS Hull CCG¬¬¬¬
10644431¬B81027001¬GP¬UNKNOWN¬Visible¬True¬True¬Newington Health Centre¬Plane Street¬¬¬Hull¬North Humberside¬HU3 6BX¬53.741950988769531¬-0.37809485197067261¬03F¬NHS Hull CCG¬¬¬¬
10644432¬B83014002¬GP¬UNKNOWN¬Visible¬False¬True¬Crossflatts Surgery¬Thompson Court¬Morton Lane¬Crossflatts¬Bingley¬West Yorkshire¬BD16 2EP¬53.864898681640625¬-1.8481165170669556¬36J¬NHS Bradford District And Craven CCG¬¬¬¬
10644433¬B86019003¬GP¬UNKNOWN¬Visible¬False¬True¬Carlton Gardens Surgery¬27 Carlton Gardens¬¬¬Leeds¬West Yorkshire¬LS7 1JL¬53.807498931884766¬-1.5408520698547363¬15F¬NHS Leeds CCG¬¬¬¬
10644434¬C88048002¬GP¬UNKNOWN¬Visible¬False¬True¬Cornerstone Building¬1-3 Burngreave Road¬¬¬Sheffield¬South Yorkshire¬S3 9DA¬53.393329620361328¬-1.4598003625869751¬03N¬NHS Sheffield CCG¬¬¬¬
10644435¬Y03049001¬GP¬UNKNOWN¬Visible¬False¬True¬Spring Hill Practice - Oldhill Street¬19-21 Oldhill Street¬¬¬London¬Greater London¬N16 6LD¬51.567638397216797¬-6.7692138254642487E-2¬07T¬NHS City And Hackney CCG¬¬¬¬
10644436¬D82025001¬GP¬UNKNOWN¬Visible¬False¬True¬Salhouse Village Hall¬Lower Street¬Salhouse¬¬Norwich¬Norfolk¬NR13 6RH¬52.678558349609375¬1.414908766746521¬26A¬NHS Norfolk And Waveney CCG¬¬¬¬
10644437¬E84039001¬GP¬UNKNOWN¬Visible¬False¬True¬Charlton Medical Centre¬223 Charlton Road¬Kenton¬¬Harrow¬Middlesex¬HA3 9HT¬51.593353271484375¬-0.29612553119659424¬08E¬NHS Harrow CCG¬¬¬¬
10644438¬F81015001¬GP¬UNKNOWN¬Visible¬True¬False¬Great Chesterford Branch¬Crocus Medical Practice¬High Street¬Great Chesterford¬Saffron Walden¬Essex¬CB10 1PL¬52.063735961914063¬0.20229208469390869¬07H¬NHS West Essex CCG¬01799 522327¬weccg.f81015-surgeryresults@nhs.net¬https://www.crocusmedicalpractice.nhs.uk¬01799 531310
10644439¬F81085001¬GP¬UNKNOWN¬Visible¬False¬True¬Brambles Surgery¬Geary Drive¬¬¬Brentwood¬Essex¬CM14 4FZ¬51.626926422119141¬0.2966039776802063¬99E¬NHS Basildon And Brentwood CCG¬¬¬¬
10644440¬F81095002¬GP¬UNKNOWN¬Visible¬False¬True¬Elmstead Surgery¬Chapel Lane¬Elmstead¬¬Colchester¬Essex¬CO7 7AG¬51.881263732910156¬0.99646073579788208¬06T¬NHS North East Essex CCG¬¬¬¬
10644441¬K82066002¬GP¬UNKNOWN¬Visible¬True¬True¬Hawthornden Surgery¬Wharf Lane¬¬¬Bourne End¬Buckinghamshire¬SL8 5RX¬51.578433990478516¬-0.71245676279067993¬14Y¬NHS Buckinghamshire CCG¬01628 530997¬¬https://www.bewgmc.co.uk/¬
10644442¬D81013003¬GP¬UNKNOWN¬Visible¬False¬True¬Trumpington Medical Practice at Clay Farm¬The Clay Farm Centre, Hobson Square¬Hobson Avenue¬Trumpington¬Cambridge¬Cambridgeshire¬CB2 9FN¬52.173473358154297¬0.12258975207805634¬06H¬NHS Cambridgeshire And Peterborough CCG¬¬¬¬
10644444¬E81037007¬GP¬UNKNOWN¬Visible¬False¬True¬Gilbert Hitchcock House Branch¬21 Kimbolton Road¬¬¬Bedford¬Bedfordshire¬MK40 2AW¬52.142536163330078¬-0.45891284942626953¬06F¬NHS Bedfordshire CCG¬¬¬¬
10644445¬G82229001¬GP¬UNKNOWN¬Visible¬False¬False¬Southways¬North Street¬Sutton Valence¬¬Maidstone¬¬ME17 3HT¬51.215816497802734¬0.59121072292327881¬91Q¬NHS Kent And Medway CCG¬¬¬¬
10644447¬P81770001¬GP¬UNKNOWN¬Visible¬False¬True¬Frenchwood Surgery¬49 Frenchwood Avenue¬¬¬Preston¬¬PR1 4ND¬53.754718780517578¬-2.6857974529266357¬01E¬NHS Greater Preston CCG¬¬¬¬
10644448¬L85019001¬GP¬UNKNOWN¬Visible¬False¬True¬Minehead Medical Centre Irnham Lodge Site¬Townsend Road¬¬¬Minehead¬¬TA24 5RG¬51.203338623046875¬-3.4773597717285156¬11X¬NHS Somerset CCG¬¬¬¬
10644450¬C82001003¬GP¬UNKNOWN¬Visible¬True¬True¬South Leicestershire Medical Group - Two Shires Surgery¬Two Shires Surgery¬Torch Way¬¬Market Harborough¬Leicestershire¬LE16 9HL¬52.465446472167969¬-0.91520506143569946¬03W¬NHS East Leicestershire And Rutland CCG¬01858 434523¬¬https://www.southleicestershiremedicalgroup.co.uk/¬
10644452¬C82001005¬GP¬UNKNOWN¬Visible¬True¬True¬South Leicestershire Medical Group - Old School Surgery¬Old School Surgery¬2A Station Street¬¬Kibworth Beauchamp¬Leicestershire¬LE8 0LN¬52.537830352783203¬-0.99398380517959595¬03W¬NHS East Leicestershire And Rutland CCG¬0116 279 2422¬¬https://www.southleicestershiremedicalgroup.co.uk/¬
10644453¬M85002001¬GP¬UNKNOWN¬Visible¬True¬True¬Crompton Road Surgery¬93 Crompton Road¬Handsworth¬¬Birmingham¬¬B20 3QP¬52.510093688964844¬-1.91075599193573¬05L¬NHS Sandwell And West Birmingham CCG¬01215230427¬¬https://www.modalitypartnership.nhs.uk/crompton-road-surgery¬
10644454¬M83723002¬GP¬UNKNOWN¬Visible¬False¬True¬R J Mitchell Surgery¬19 Wright Street¬Talke¬¬Stoke-on-Trent¬¬ST7 1NY¬53.086643218994141¬-2.2595677375793457¬05G¬NHS North Staffordshire CCG¬¬¬¬
10644455¬A83057003¬GP¬UNKNOWN¬Visible¬True¬True¬ EDMG - The Surgery¬Dunelm Road¬Thornley¬¬Durham¬¬DH6 3HW¬54.748832702636719¬-1.4456961154937744¬84H¬NHS County Durham CCG¬¬¬¬
10644456¬A83057004¬GP¬UNKNOWN¬Visible¬True¬True¬EDMG  - Kellhoe¬2 The Green¬Woodland Crescent¬Kelloe¬Durham¬¬DH6 4NU¬54.719993591308594¬-1.4803676605224609¬84H¬NHS County Durham CCG¬¬¬¬
10644457¬A83057005¬GP¬UNKNOWN¬Visible¬True¬True¬EDMG - Wheatley Hill¬Ashmore Terrace¬Wheatley Hill¬¬Durham¬¬DH6 3NP¬54.745571136474609¬-1.4177477359771729¬84H¬NHS County Durham CCG¬¬¬¬
10644458¬G82063002¬GP¬UNKNOWN¬Visible¬False¬True¬The Butchery Surgery¬7 The Butchery¬¬¬Sandwich¬¬CT13 9DL¬51.276012420654297¬1.3398712873458862¬91Q¬NHS Kent And Medway CCG¬¬¬¬
10644459¬C88008001¬GP¬UNKNOWN¬Visible¬True¬True¬The Flowers Health Centre¬¬87 Wincobank Avenue¬¬Sheffield¬South Yorkshire¬S5 6AZ¬53.418056488037109¬-1.4380460977554321¬03N¬NHS Sheffield CCG¬0114 272 5154¬sheccg.flowersmc@nhs.net¬http://flowershealthcentre.nhs.uk¬0114 256 7334
10644460¬B86051001¬GP¬UNKNOWN¬Visible¬True¬True¬Aire Valley Surgery (Rawdon)¬11 New Road Side¬Rawdon¬¬Leeds¬¬LS19 6DD¬53.855537414550781¬-1.6874128580093384¬15F¬NHS Leeds CCG¬01132954234¬¬¬
10644461¬M88038001¬GP¬UNKNOWN¬Visible¬True¬True¬Dartmouth Medical Centre¬1 Richard Street¬¬¬West Bromwich¬¬B70 9JL¬52.520439147949219¬-2.0053949356079102¬05L¬NHS Sandwell And West Birmingham CCG¬¬¬¬
10644462¬B83052004¬GP¬UNKNOWN¬Visible¬True¬True¬Kensington Partnership - Woodroyd Medical Centre¬Woodroyd Centre¬Greenway Road¬¬Bradford¬¬BD5 8ER¬53.774024963378906¬-1.7528078556060791¬36J¬NHS Bradford District And Craven CCG¬01274 377712¬¬¬
10644463¬Y00449001¬GP¬UNKNOWN¬Visible¬True¬True¬Pentagon¬30-34 Pentagon Centre¬¬¬Chatham¬Kent¬ME4 4BB¬51.382854461669922¬0.5263029932975769¬91Q¬NHS Kent And Medway CCG¬¬¬¬
10644465¬B81025004¬GP¬UNKNOWN¬Visible¬True¬True¬Hedon Group Practice¬Market Hill House¬4 Market Hill¬Hedon¬Hull¬¬HU12 8JD¬53.742183685302734¬-0.19980649650096893¬02Y¬NHS East Riding Of Yorkshire CCG¬¬¬¬
10644466¬B81025005¬GP¬UNKNOWN¬Visible¬True¬True¬Holderness Health - Chapel Lane Surgery¬Chapel Lane¬Keyingham¬¬Hull¬¬HU12 9RA¬53.708793640136719¬-0.11386583000421524¬02Y¬NHS East Riding Of Yorkshire CCG¬¬¬¬
10644467¬B81025006¬GP¬UNKNOWN¬Visible¬True¬True¬Prospect Surgery¬Chapel Lane¬Keyingham¬¬Hull¬¬HU12 9RA¬53.708793640136719¬-0.11386583000421524¬02Y¬NHS East Riding Of Yorkshire CCG¬¬¬¬
10644468¬D81060001¬GP¬UNKNOWN¬Visible¬False¬True¬Moat House Surgery Resource Centre¬3 Popes Lane¬Warboys¬¬Huntingdon¬¬PE28 2RN¬52.402034759521484¬-8.3551995456218719E-2¬06H¬NHS Cambridgeshire And Peterborough CCG¬¬¬¬
10644469¬D81606003¬GP¬UNKNOWN¬Visible¬True¬True¬Fenstanton Site¬7E High Street¬Fenstanton¬¬Huntingdon¬¬PE28 9LQ¬52.298366546630859¬-7.2323836386203766E-2¬06H¬NHS Cambridgeshire And Peterborough CCG¬¬¬¬
10644470¬M83028001¬GP¬UNKNOWN¬Visible¬False¬True¬Merton Surgery¬Merton Street¬¬¬Stoke-on-Trent¬¬ST3 1LG¬52.991844177246094¬-2.1283314228057861¬05W¬NHS Stoke On Trent CCG¬¬¬¬
10644472¬A83057006¬GP¬UNKNOWN¬Visible¬True¬True¬EDMG - Thornley¬Dunelm Road¬Thornley¬¬Durham¬¬DH6 3HW¬54.748832702636719¬-1.4456961154937744¬84H¬NHS County Durham CCG¬¬¬¬
10644473¬M83661001¬GP¬UNKNOWN¬Visible¬False¬True¬Adderley Green Surgery Branch¬28-30 Weston Street¬¬¬Stoke-on-Trent¬Staffordshire¬ST3 5DQ¬52.997707366943359¬-2.1245644092559814¬05W¬NHS Stoke On Trent CCG¬¬¬¬
10644474¬M83617002¬GP¬UNKNOWN¬Visible¬True¬True¬Burntwood Health Centre¬Burntwood Health Centre¬Hudson Drive¬¬Burntwood¬Staffordshire¬WS7 0EN¬52.67724609375¬-1.9062755107879639¬05Q¬NHS South East Staffordshire And Seisdon Peninsula CCG¬01543 682654¬darwinmedical.practice@nhs.net¬https://www.darwinmedicalpractice.co.uk/index.aspx¬
10644475¬B81011001¬GP¬UNKNOWN¬Visible¬False¬True¬Dr H S Suri and Partners¬The Surgery¬Lincoln Way¬¬Beverley¬North Humberside¬HU17 8RH¬53.829788208007812¬-0.43466305732727051¬03F¬NHS Hull CCG¬¬¬¬
10644477¬A86020001¬GP¬UNKNOWN¬Visible¬True¬True¬Jesmond Health Partnership (17 Osborne Road)¬17 Osborne Road¬¬¬Newcastle Upon Tyne¬¬NE2 2AH¬54.989555358886719¬-1.6052483320236206¬13T¬NHS Newcastle Gateshead CCG¬0191 281 4588¬ngccg.jesmondhealthpartnership@nhs.net¬http://jesmondhealthpartnership.co.uk¬
10644478¬D81022010¬GP¬UNKNOWN¬Visible¬False¬True¬Bretton Medical Practice¬Rightwell¬Bretton¬¬Peterborough¬¬PE3 8DT¬52.590431213378906¬-0.28187656402587891¬06H¬NHS Cambridgeshire And Peterborough CCG¬¬¬¬
10644479¬D81022011¬GP¬UNKNOWN¬Visible¬True¬True¬Octagon Medical Practice, Thomas Walker Centre¬Princes Street¬¬¬Peterborough¬¬PE1 2QP¬52.584014892578125¬-0.24056129157543182¬06H¬NHS Cambridgeshire And Peterborough CCG¬01733 551008¬¬¬
10644480¬Y05212001¬GP¬UNKNOWN¬Visible¬True¬True¬West Cheltenham Springbank¬1 Springbank Way¬¬¬Cheltenham¬¬GL51 0LG¬51.911441802978516¬-2.120105504989624¬11M¬NHS Gloucestershire CCG¬¬¬¬
10644481¬G82757001¬GP¬UNKNOWN¬Visible¬False¬True¬Newington Surgery¬43 High Street¬Newington¬¬Sittingbourne¬¬ME9 7JR¬51.352222442626953¬0.66742837429046631¬91Q¬NHS Kent And Medway CCG¬¬¬¬
10644482¬B81025007¬GP¬UNKNOWN¬Visible¬True¬True¬Church View Surgery¬5 Market Hill¬Hedon¬¬Hull¬¬HU12 8JE¬53.742710113525391¬-0.20023885369300842¬02Y¬NHS East Riding Of Yorkshire CCG¬01482 899348¬¬¬
10644483¬Y00449002¬GP¬UNKNOWN¬Visible¬True¬True¬Green Suite¬Balmoral Gardens¬¬¬Gillingham¬¬ME7 4PN¬51.385635375976563¬0.54780054092407227¬91Q¬NHS Kent And Medway CCG¬¬¬¬
10644484¬Y00449003¬GP¬UNKNOWN¬Visible¬True¬True¬Twydall¬Twydall Green¬¬¬Gillingham¬¬ME8 6JY¬51.374980926513672¬0.58267396688461304¬91Q¬NHS Kent And Medway CCG¬¬¬¬
10644485¬Y00449004¬GP¬UNKNOWN¬Visible¬True¬True¬Sunlight¬105 Richmond Road¬¬¬Gillingham¬¬ME7 1LX¬51.393962860107422¬0.55030471086502075¬91Q¬NHS Kent And Medway CCG¬¬¬¬
10644488¬M86016001¬GP¬UNKNOWN¬Visible¬True¬True¬Holyhead Surgery¬1 Chester Street¬¬¬Coventry¬¬CV1 4DH¬52.411872863769531¬-1.5224089622497559¬05A¬NHS Coventry And Rugby CCG¬02475096629¬¬https://www.godivagrouppractice.nhs.uk/¬
10644489¬M86016002¬GP¬UNKNOWN¬Visible¬True¬True¬Gosford Green Surgery¬Clay Lane Health Centre¬5 Clay Lane¬¬Coventry¬¬CV2 4LJ¬52.412776947021484¬-1.4828219413757324¬05A¬NHS Coventry And Rugby CCG¬02475 096629¬¬https://www.godivagrouppractice.nhs.uk/¬
10644490¬M82003001¬GP¬UNKNOWN¬Visible¬False¬True¬Sutton Hill Medical Practice¬Maythorne Close¬Sutton Hill¬¬Telford¬¬TF7 4DH¬52.632492065429688¬-2.4384872913360596¬05X¬NHS Telford And Wrekin CCG¬¬¬¬
10644491¬M83723003¬GP¬UNKNOWN¬Visible¬False¬True¬Dr A Malgwa Branch¬74 Crackley Bank¬¬¬Newcastle¬¬ST5 7AA¬53.050643920898437¬-2.2502810955047607¬05G¬NHS North Staffordshire CCG¬¬¬¬
10644496¬Y06487¬GP¬UNKNOWN¬Visible¬False¬True¬Babylon GP at Hand Birmingham¬121 Glover Street¬¬¬Birmingham¬¬B9 4EY¬52.477592468261719¬-1.8778119087219238¬08C¬NHS Hammersmith And Fulham CCG¬0330 8082217¬¬¬
10644497¬M92612006¬GP¬UNKNOWN¬Visible¬False¬True¬Church Street Surgery¬62-64 Church Street¬¬¬Bilston¬¬WV14 0AX¬52.565399169921875¬-2.0764789581298828¬06A¬NHS Wolverhampton CCG¬¬¬¬
10644498¬M92612005¬GP¬UNKNOWN¬Visible¬False¬True¬Bradley Medical Practice¬83-84 Hall Green Street¬¬¬Bilston¬¬WV14 8TH¬52.552852630615234¬-2.0727994441986084¬06A¬NHS Wolverhampton CCG¬¬¬¬
10670167¬Y06499¬GP¬UNKNOWN¬Visible¬False¬True¬Outreach APMS¬70-74 St. Helens Street¬¬¬Ipswich¬¬IP4 2LA¬52.056442260742187¬1.1636576652526855¬06L¬NHS Ipswich And East Suffolk CCG¬01473 341763¬¬¬
10670168¬E81057002¬GP¬UNKNOWN¬Visible¬False¬True¬Shannon Court Surgery¬High Street¬¬¬Sandy¬Bedfordshire¬SG19 1AG¬52.128379821777344¬-0.28663086891174316¬06F¬NHS Bedfordshire CCG¬¬¬¬
10670170¬N84021001¬GP¬UNKNOWN¬Visible¬False¬True¬Trinity Practice¬42 Derby Road¬¬¬Southport¬¬PR9 0TZ¬53.646923065185547¬-2.9954404830932617¬01V¬NHS Southport And Formby CCG¬¬¬¬
10670171¬L83008004¬GP¬UNKNOWN¬Visible¬False¬True¬Armada Surgery¬28 Oxford Place¬¬¬Plymouth¬¬PL1 5AJ¬50.374702453613281¬-4.1448822021484375¬15N¬NHS Devon CCG¬¬¬¬
10670211¬M81026009¬GP¬UNKNOWN¬Visible¬False¬True¬King Street Surgery¬22A King Street¬¬¬Hereford¬¬HR4 9DA¬52.054801940917969¬-2.7183189392089844¬18C¬NHS Herefordshire And Worcestershire CCG¬¬¬¬
10670212¬M81026008¬GP¬UNKNOWN¬Visible¬False¬True¬Credenhill Surgery¬16 Meadow Drive¬Credenhill¬¬Hereford¬¬HR4 7EF¬52.084247589111328¬-2.8069093227386475¬18C¬NHS Herefordshire And Worcestershire CCG¬¬¬¬
10670213¬M81026007¬GP¬UNKNOWN¬Visible¬False¬True¬South Wye Medical Centre¬Belmont Road¬¬¬Hereford¬¬HR2 7JE¬52.049427032470703¬-2.722315788269043¬18C¬NHS Herefordshire And Worcestershire CCG¬¬¬¬
10670214¬M81026006¬GP¬UNKNOWN¬Visible¬False¬True¬Bobblestock Surgery¬Grandstand Road¬¬¬Hereford¬¬HR4 9LP¬52.073692321777344¬-2.7440240383148193¬18C¬NHS Herefordshire And Worcestershire CCG¬¬¬¬
10670255¬L83014003¬GP¬UNKNOWN¬Visible¬False¬True¬Greenswood Medical¬1 Greenswood Road¬¬¬Brixham¬¬TQ5 9HN¬50.389438629150391¬-3.5154836177825928¬15N¬NHS Devon CCG¬¬¬¬
10670256¬L83014002¬GP¬UNKNOWN¬Visible¬False¬True¬St Lukes Medical Centre¬17 New Road¬¬¬Brixham¬¬TQ5 8NA¬50.394321441650391¬-3.5176231861114502¬15N¬NHS Devon CCG¬¬¬¬
10670266¬J82112001¬GP¬UNKNOWN¬Visible¬False¬True¬Totton Health Centre¬Testwood Lane¬Totton¬¬Southampton¬¬SO40 3ZN¬50.920654296875¬-1.4887745380401611¬11A¬NHS West Hampshire CCG¬¬¬¬
10749490¬G82799001¬GP¬UNKNOWN¬Visible¬False¬True¬Minster Medical Centre¬Plover Road¬Minster on Sea¬¬Sheerness¬¬ME12 3LT¬51.415409088134766¬0.7930755615234375¬91Q¬NHS Kent And Medway CCG¬¬¬¬
10749514¬M89017002¬GP¬UNKNOWN¬Visible¬True¬True¬Monkspath Surgery (Solihull Healthcare Partnership)¬Farmhouse Way¬Shirley¬¬Solihull¬¬B90 4EH¬52.391361236572266¬-1.7848712205886841¬15E¬NHS Birmingham And Solihull CCG¬01217111414¬¬https://solihullhealthcarepartnership.nhs.uk¬0121 7113753
10749515¬K84013002¬GP¬UNKNOWN¬Visible¬False¬True¬South Oxford Health Centre¬Lake Street¬¬¬Oxford¬¬OX1 4RP¬51.739299774169922¬-1.2561315298080444¬10Q¬NHS Oxfordshire CCG¬¬¬¬
10775773¬Y06507¬GP¬UNKNOWN¬Visible¬False¬True¬Peacock Healthcare¬428 Carlton Hill¬Carlton¬¬Nottingham¬¬NG4 1JA¬52.965774536132812¬-1.1135554313659668¬52R¬NHS Nottingham And Nottinghamshire CCG¬0115 9580415¬¬¬
10775774¬A87007002¬GP¬UNKNOWN¬Visible¬True¬True¬White Swan Surgery¬Citadel East¬¬¬Newcastle Upon Tyne¬¬NE12 6SS¬55.035930633544922¬-1.565129280090332¬99C¬NHS North Tyneside CCG¬0191 268 8966¬¬http://stephensonparkhealth.co.uk/¬
10775775¬A87007001¬GP¬UNKNOWN¬Visible¬True¬True¬Garden Park Surgery¬225 Denbigh Avenue¬¬¬Wallsend¬¬NE28 0PP¬55.001091003417969¬-1.4975813627243042¬99C¬NHS North Tyneside CCG¬0191 289 2525¬¬http://stephensonparkhealth.co.uk/¬
10775776¬B86006002¬GP¬UNKNOWN¬Visible¬True¬True¬Swillington Medical Practice (Dr Freeman & Partners)¬Hill Crest Close¬Swillington¬¬Leeds¬¬LS26 8DZ¬53.768497467041016¬-1.4251865148544312¬15F¬NHS Leeds CCG¬0113 287 1444¬oulton.marshstreet@nhs.net¬http://oultonmedicalcentre.co.uk¬
10775777¬Y01008004¬GP¬UNKNOWN¬Visible¬True¬True¬Bay Medical Group (Westgate Medical Practice)¬Westgate Medical Practice¬Braddon Close¬¬Morecambe¬Lancashire¬LA4 4UZ¬54.061138153076172¬-2.8555037975311279¬01K¬NHS Morecambe Bay CCG¬01524 511999¬¬Http://www.baymedicalgroup.co.uk¬
10775778¬Y01008003¬GP¬UNKNOWN¬Visible¬True¬True¬Bay Medical Practice (York Bridge Surgery)¬York Bridge Surgery¬5 James Street¬¬Morecambe¬Lancashire¬LA4 5TE¬54.070011138916016¬-2.856266975402832¬01K¬NHS Morecambe Bay CCG¬01524 511999¬¬http://www.baymedicalgroup.co.uk¬
10775779¬Y01008005¬GP¬UNKNOWN¬Visible¬True¬True¬Bay Medical Group (Morecambe Health Centre)¬Morecambe Health Centre¬Heysham Primary Care Centre¬Middleton Way¬Morecambe¬Lancashire¬LA4 5LY¬54.072845458984375¬-2.8595499992370605¬01K¬NHS Morecambe Bay CCG¬01524 511999¬¬http://www.baymedicalgroup.co.uk¬
10775780¬B86006003¬GP¬UNKNOWN¬Visible¬True¬True¬Marsh Street Surgery (Dr Freeman & Partners)¬25A Marsh Street¬Rothwell¬¬Leeds¬¬LS26 0AG¬53.74713134765625¬-1.4778532981872559¬15F¬NHS Leeds CCG¬0113 282 1571¬¬https://www.oultonmedicalcentre.co.uk¬0113 2824720
10775781¬B81008003¬GP¬UNKNOWN¬Visible¬False¬True¬Park Health Branch¬700 Holderness Road¬¬¬Hull¬¬HU9 3JA¬53.7642822265625¬-0.29281988739967346¬03F¬NHS Hull CCG¬¬¬¬
10775782¬K81062001¬GP¬UNKNOWN¬Visible¬False¬True¬Circuit Lane Surgery¬53 Circuit Lane¬¬¬Reading¬¬RG30 3AN¬51.442909240722656¬-1.0067669153213501¬15A¬NHS Berkshire West CCG¬¬¬¬
10775783¬M88038002¬GP¬UNKNOWN¬Visible¬False¬True¬Central Clinic¬Horseley Road¬¬¬Tipton¬¬DY4 7NB¬52.532127380371094¬-2.0453605651855469¬05L¬NHS Sandwell And West Birmingham CCG¬¬¬¬
10775784¬P87027002¬GP¬UNKNOWN¬Visible¬True¬True¬Salford Quays Practice¬118 Phoebe Street¬1st Floor Ordsall Health Centre¬¬Salford¬¬M5 3PH¬53.473983764648438¬-2.2809560298919678¬01G¬NHS Salford CCG¬0161 983 0075¬¬https://www.thequayspractice.nhs.uk¬
10775785¬J82194002¬GP¬UNKNOWN¬Visible¬True¬True¬East Shore Partnership - Milton Park Surgery¬Milton Road¬¬¬Portsmouth¬¬PO3 6DW¬50.800174713134766¬-1.0624128580093384¬10R¬NHS Portsmouth CCG¬¬¬¬
10775970¬M85063010¬GP¬UNKNOWN¬Visible¬True¬True¬Stratford House Surgery¬578 Stratford Road¬Sparkhill¬¬Birmingham¬West Midlands¬B11 4AN¬52.451606750488281¬-1.8645522594451904¬15E¬NHS Birmingham And Solihull CCG¬0121 772 0392¬¬http://www.mmpmedical.com/¬
10775971¬N85625002¬GP¬UNKNOWN¬Visible¬False¬True¬Field Road Medical Centre¬Field Road¬¬¬Wallasey¬¬CH45 5BG¬53.433197021484375¬-3.0450167655944824¬12F¬NHS Wirral CCG¬¬¬¬
10776479¬H84006001¬GP¬UNKNOWN¬Visible¬True¬True¬Richmond Medical Group¬Quadrant House Levett Square¬¬¬Kew Richmond¬¬TW9 4FF¬51.479591369628906¬-0.27844974398612976¬36L¬NHS South West London CCG¬¬¬¬
10776555¬J83052002¬GP¬UNKNOWN¬Visible¬False¬True¬Larkhill Medical Centre¬Larkhill¬¬¬Salisbury¬¬SP4 8QY¬51.197711944580078¬-1.8212258815765381¬92G¬NHS Bath And North East Somerset, Swindon And Wiltshire CCG¬¬¬¬
10776556¬J83052001¬GP¬UNKNOWN¬Visible¬False¬True¬Cross Plain Surgery¬84 Bulford Road¬Durrington¬¬Salisbury¬¬SP4 8DH¬51.197380065917969¬-1.7709648609161377¬92G¬NHS Bath And North East Somerset, Swindon And Wiltshire CCG¬¬¬¬
10776577¬P84017001¬GP¬UNKNOWN¬Visible¬False¬True¬Burnage Medical Centre¬347 Burnage Lane¬¬¬Manchester¬¬M19 1EW¬53.430183410644531¬-2.2004177570343018¬14L¬NHS Manchester CCG¬¬¬¬
10776615¬P87028001¬GP¬UNKNOWN¬Visible¬False¬True¬Oakbank Medical Centre¬Walkden Gateway¬2 Smith Street¬Worsley¬Manchester¬¬M28 3EZ¬53.52490234375¬-2.3985261917114258¬01G¬NHS Salford CCG¬¬¬¬
10776616¬Y03103001¬GP¬UNKNOWN¬Visible¬False¬True¬Special Allocation Scheme (St Ann's Hospital)¬St. Ann's Road¬¬¬London¬¬N15 3TH¬51.58062744140625¬-9.2082247138023376E-2¬93C¬NHS North Central London CCG¬¬¬¬
10776621¬M82025004¬GP¬UNKNOWN¬Visible¬False¬True¬Claypit Street Medical Practice¬Claypit Street¬¬¬Whitchurch¬¬SY13 1NT¬52.972740173339844¬-2.6792018413543701¬05N¬NHS Shropshire CCG¬¬¬¬
10776622¬M82025003¬GP¬UNKNOWN¬Visible¬False¬True¬Churchmere Medical Group¬Ellesmere Medical Practice¬Trimpley Street¬¬Ellesmere¬Shropshire¬SY12 0DB¬52.907852172851562¬-2.8964798450469971¬05N¬NHS Shropshire CCG¬¬¬¬
10776634¬Y06545¬GP¬UNKNOWN¬Visible¬False¬True¬Sel Special Allocation Practice¬Moorside Clinic¬7-9 Moorside Road¬¬Bromley¬¬BR1 5EP¬51.427074432373047¬9.8487148061394691E-3¬72Q¬NHS South East London CCG¬020 36402113¬¬¬
10802704¬M89017003¬GP¬UNKNOWN¬Visible¬True¬True¬The Jacey Practice (Solihull Healthcare Partnership)¬93 Northbrook Road¬Shirley¬¬Solihull¬¬B90 3LX¬52.419662475585938¬-1.8212584257125854¬15E¬NHS Birmingham And Solihull CCG¬0121 745 9333¬¬https://solihullhealthcarepartnership.nhs.uk/¬
10802705¬M89017004¬GP¬UNKNOWN¬Visible¬True¬True¬Haslucks Green MC (Solihull Healthcare Partnership)¬287 Haslucks Green Road¬Shirley¬¬Solihull¬¬B90 2LW¬52.407020568847656¬-1.8411835432052612¬15E¬NHS Birmingham And Solihull CCG¬¬¬¬
10802729¬Y06153¬GP¬UNKNOWN¬Visible¬False¬True¬PC Ext Access Bedoc¬Abbey Fields¬¬¬Bedford¬Bedfordshire¬MK42 9GP¬52.114879608154297¬-0.44850426912307739¬06F¬NHS Bedfordshire CCG¬01234 889088¬¬¬
10802730¬P81115001¬GP¬UNKNOWN¬Visible¬False¬True¬Grange Park Health Centre¬Dinmore Avenue¬¬¬Blackpool¬¬FY3 7RW¬53.828868865966797¬-3.0166153907775879¬00R¬NHS Blackpool CCG¬¬¬¬
10802756¬Y02757001¬GP¬UNKNOWN¬Visible¬False¬True¬Ettingshall Medical Centre¬Herbert Street¬¬¬Bilston¬¬WV14 0NF¬52.570365905761719¬-2.092864990234375¬06A¬NHS Wolverhampton CCG¬¬¬¬
10802864¬Y06354¬GP¬UNKNOWN¬Visible¬False¬False¬Aspiro Healthcare¬Woodsend Medical Centre¬School Place¬¬Corby¬¬NN18 0QP¬52.483844757080078¬-0.71141320466995239¬78H¬NHS Northamptonshire CCG¬01536 212412¬¬¬
10802865¬K83042002¬GP¬UNKNOWN¬Visible¬False¬True¬Kings Heath Health Centre¬North Oval¬¬¬Northampton¬¬NN5 7LN¬52.256832122802734¬-0.9222644567489624¬78H¬NHS Northamptonshire CCG¬¬¬¬
10802866¬D83012004¬GP¬UNKNOWN¬Visible¬False¬True¬Steeple Bumpstead Surgery¬The Surgery¬Bower Hall Drive¬Steeple Bumpstead¬Haverhill¬¬CB9 7ED¬52.039985656738281¬0.44709351658821106¬07K¬NHS West Suffolk CCG¬¬¬¬
10802867¬M83619001¬GP¬UNKNOWN¬Visible¬False¬True¬Dr SB Kulkarni¬Honeywall¬¬¬Stoke-on-Trent¬¬ST4 7JB¬53.005443572998047¬-2.1883089542388916¬05W¬NHS Stoke On Trent CCG¬¬¬¬
10802886¬M89017006¬GP¬UNKNOWN¬Visible¬True¬True¬Dickens Heath MC (Solihull Healthcare Partnership)¬94 Old Dickens Heath Road¬Shirley¬¬Solihull¬¬B90 1SD¬52.386615753173828¬-1.8347476720809937¬15E¬NHS Birmingham And Solihull CCG¬0121 744 9393¬¬https://solihullhealthcarepartnership.nhs.uk/¬
10802887¬M89017005¬GP¬UNKNOWN¬Visible¬True¬True¬Blossomfield Surgery (Solihull Healthcare Partnership)¬308 Blossomfield Road¬¬¬Solihull¬¬B91 1TF¬52.403968811035156¬-1.808225154876709¬15E¬NHS Birmingham And Solihull CCG¬0121 705 5339¬¬https://solihullhealthcarepartnership.nhs.uk/¬
10802912¬J83002004¬GP¬UNKNOWN¬Visible¬False¬True¬Taw Hill Medical Practice¬Aiken Road¬¬¬Swindon¬¬SN25 1UH¬51.594375610351562¬-1.8246269226074219¬92G¬NHS Bath And North East Somerset, Swindon And Wiltshire CCG¬¬¬¬
10802943¬G81102002¬GP¬UNKNOWN¬Visible¬False¬False¬Manor Oak Surgery¬Horebeech Lane¬Horam¬¬Heathfield¬¬TN21 0DS¬50.931079864501953¬0.24584300816059113¬97R¬NHS East Sussex CCG¬¬¬¬
10802965¬F81122001¬GP¬UNKNOWN¬Visible¬False¬True¬Melbourne House Surgery¬Medical Centre¬Parkside Court¬Melbourne Avenue¬Chelmsford¬¬CM1 2DY¬51.749214172363281¬0.45177048444747925¬06Q¬NHS Mid Essex CCG¬¬¬¬
10803011¬P81079002¬GP¬UNKNOWN¬Visible¬False¬True¬Carleton Practice¬9 Castle Gardens Crescent¬¬¬Poulton-le-Fylde¬¬FY6 7NJ¬53.853328704833984¬-3.0056238174438477¬02M¬NHS Fylde & Wyre CCG¬¬¬¬
10803012¬M92612007¬GP¬UNKNOWN¬Visible¬False¬True¬Parkfield Medical Centre¬255 Parkfield Road¬¬¬Wolverhampton¬¬WV4 6EG¬52.567047119140625¬-2.1170532703399658¬06A¬NHS Wolverhampton CCG¬¬¬¬
10829164¬F81122002¬GP¬UNKNOWN¬Visible¬False¬True¬Humber Road Surgery¬27 Humber Road¬¬¬Chelmsford¬¬CM1 7PE¬51.74755859375¬0.48397424817085266¬06Q¬NHS Mid Essex CCG¬¬¬¬
10829171¬M92612008¬GP¬UNKNOWN¬Visible¬False¬True¬Woodcross Lane Surgery¬Woodcross Lane¬¬¬Bilston¬¬WV14 9BX¬52.55133056640625¬-2.099933385848999¬06A¬NHS Wolverhampton CCG¬¬¬¬
10829237¬B82047003¬GP¬UNKNOWN¬Visible¬False¬True¬Unity Health - Wenlock Terrace¬18 Wenlock Terrace¬¬¬York¬¬YO10 4DU¬53.946487426757813¬-1.0751934051513672¬03Q¬NHS Vale Of York CCG¬¬¬¬
10855432¬B81653001¬GP¬UNKNOWN¬Visible¬False¬True¬Hallgate Surgery¬123 Hallgate¬¬¬Cottingham¬¬HU16 4DA¬53.7821044921875¬-0.41294318437576294¬02Y¬NHS East Riding Of Yorkshire CCG¬¬¬¬
10855447¬L82044001¬GP¬UNKNOWN¬Visible¬False¬True¬Veor Surgery Admin Hub¬The Old Fire Station¬Weeth Lane¬¬Camborne¬¬TR14 7DB¬50.215919494628906¬-5.3079128265380859¬11N¬NHS Kernow CCG¬¬¬¬
10855464¬B84019001¬GP¬UNKNOWN¬Visible¬False¬True¬Horne Street Surgery¬Horne Street¬¬¬Halifax¬¬HX1 5UA¬53.725467681884766¬-1.8718218803405762¬02T¬NHS Calderdale CCG¬¬¬¬
10855465¬D83054007¬GP¬UNKNOWN¬Visible¬True¬True¬Church Farm¬Victoria Road¬¬¬Aldeburgh¬¬IP15 5BR¬52.155506134033203¬1.5985689163208008¬06L¬NHS Ipswich And East Suffolk CCG¬¬¬¬
10855494¬F81708001¬GP¬UNKNOWN¬Visible¬True¬True¬East Tilbury Medical Centre¬85 Coronation Avenue¬East Tilbury¬¬Tilbury¬Essex¬RM18 8SW¬51.484615325927734¬0.42119881510734558¬07G¬NHS Thurrock CCG¬01375855643¬¬https://www.easttilburyandcorringham.nhs.uk/¬
10855663¬F81681003¬GP¬UNKNOWN¬Visible¬False¬True¬Epping Close Surgery¬Kennedy Way¬¬¬Clacton-on-Sea¬Essex¬CO15 4AB¬51.803581237792969¬1.1660189628601074¬06T¬NHS North East Essex CCG¬¬¬¬
10880389¬G82122005¬GP¬UNKNOWN¬Visible¬False¬True¬Elmdene¬273 London Road¬¬¬Greenhithe¬¬DA9 9DB¬51.446098327636719¬0.26316699385643005¬91Q¬NHS Kent And Medway CCG¬¬¬¬
10880390¬G82122004¬GP¬UNKNOWN¬Visible¬False¬True¬Bennett Way Surgery¬Bennett Way¬¬¬Dartford¬¬DA2 7JT¬51.420223236083984¬0.25485482811927795¬91Q¬NHS Kent And Medway CCG¬¬¬¬
10880399¬C82076001¬GP¬UNKNOWN¬Visible¬False¬True¬Bottesford Baptist Church¬Queen Street¬Bottesford¬¬Nottingham¬¬NG13 0AH¬52.942100524902344¬-0.80314195156097412¬71E¬NHS Lincolnshire CCG¬¬¬¬
10880486¬L83006009¬GP¬UNKNOWN¬Visible¬True¬True¬Mannamead Surgery¬Mannamead Surgery¬22 Eggbuckland Road¬Mannamead¬Plymouth¬Devon¬PL3 5HE¬50.389278411865234¬-4.1298251152038574¬15N¬NHS Devon CCG¬01752 223652¬d-ccg.mayflower@nhs.net¬https://mayflowermedicalgroup.co.uk¬
10880491¬J82058001¬GP¬UNKNOWN¬Visible¬False¬True¬Rooksdown Practice¬Park Prewett Road¬¬¬Basingstoke¬¬RG24 9RG¬51.281745910644531¬-1.1190299987792969¬10J¬NHS North Hampshire CCG¬¬¬¬
10880548¬P81002009¬GP¬UNKNOWN¬Visible¬True¬True¬Lancaster Medical Practice (Meadowside site)¬1-3 Meadowside¬¬¬Lancaster¬¬LA1 3AQ¬54.043350219726563¬-2.7963733673095703¬01K¬NHS Morecambe Bay CCG¬01524 32622¬¬https://www.lancastermedicalpractice.co.uk/¬
10880549¬P81013003¬GP¬UNKNOWN¬Visible¬False¬True¬Caton Health Centre¬Hornby Road¬Caton¬¬Lancaster¬¬LA2 9QW¬54.076396942138672¬-2.7168283462524414¬01K¬NHS Morecambe Bay CCG¬¬¬¬
10880550¬P81029004¬GP¬UNKNOWN¬Visible¬False¬True¬Arnside Medical Practice¬Orchard Road¬Arnside¬¬Carnforth¬¬LA5 0DP¬54.200244903564453¬-2.8328983783721924¬01K¬NHS Morecambe Bay CCG¬¬¬¬
10880553¬H81615002¬GP¬UNKNOWN¬Visible¬False¬True¬Treloar School and College¬Powell Drive¬Holybourne¬¬Alton¬¬GU34 4GL¬51.162464141845703¬-0.95572417974472046¬99M¬NHS North East Hampshire And Farnham CCG¬¬¬¬
10880596¬E85120002¬GP¬UNKNOWN¬Visible¬False¬True¬Argyle West Ealing¬5 Castle Hill Parade¬The Avenue¬¬London¬¬W13 8JP¬51.514129638671875¬-0.3198220431804657¬07W¬NHS Ealing CCG¬¬¬¬
10880660¬P84047001¬GP¬UNKNOWN¬Visible¬False¬True¬Droylsden Road Surgery Branch¬Newton Heath Health Centre¬2 Old Church Street¬¬Manchester¬¬M40 2JF¬53.500999450683594¬-2.1811840534210205¬14L¬NHS Manchester CCG¬¬¬¬
10917688¬Y02575001¬GP¬UNKNOWN¬Visible¬False¬True¬Child and Family Health Centre¬79 Axe Street¬¬¬Barking¬¬IG11 7LZ¬51.535419464111328¬7.9289168119430542E-2¬07L¬NHS Barking And Dagenham CCG¬¬¬¬
10921143¬Y05472¬GP¬UNKNOWN¬Visible¬True¬False¬Vulnerable Adults Service¬100-102 Westwick Street¬¬¬Norwich¬¬NR2 4SZ¬52.633037567138672¬1.2881515026092529¬26A¬NHS Norfolk And Waveney CCG¬01603 612481¬¬¬
10921202¬Y06659¬GP¬UNKNOWN¬Visible¬True¬False¬Nook Surgery¬Salendine Shopping Centre¬144 Moor Hill Road¬Salendine Nook¬Huddersfield¬West Yorkshire¬HD3 3XA¬53.657089233398437¬-1.8435370922088623¬03A¬NHS Greater Huddersfield CCG¬01484 463350¬¬¬
10927448¬G81042001¬GP¬UNKNOWN¬Visible¬False¬True¬Matlock Road Surgery¬10 Matlock Road¬¬¬Brighton¬¬BN1 5BF¬50.843639373779297¬-0.15790057182312012¬09D¬NHS Brighton And Hove CCG¬¬¬¬
10927449¬D81057002¬GP¬UNKNOWN¬Visible¬False¬True¬Lakeside at St Neots - Lakeside at Eaton Socon¬274 Great North Road¬Eaton Socon¬¬St. Neots¬¬PE19 8BB¬52.222579956054688¬-0.28690177202224731¬06H¬NHS Cambridgeshire And Peterborough CCG¬¬¬¬
10927450¬J81022002¬GP¬UNKNOWN¬Visible¬False¬True¬The Village Medical Practice¬Vernon House¬164 Station Road¬West Moors¬Ferndown¬¬BH22 0JB¬50.824184417724609¬-1.8880605697631836¬11J¬NHS Dorset CCG¬¬¬¬
10927549¬P84066001¬GP¬UNKNOWN¬Visible¬False¬True¬Merseybank Surgery¬36 Mersey Bank Avenue¬¬¬Manchester¬¬M21 7NN¬53.422763824462891¬-2.2629969120025635¬14L¬NHS Manchester CCG¬¬¬¬
10927586¬J84003001¬GP¬UNKNOWN¬Visible¬False¬True¬Grove House Surgery¬102 Albert Street¬¬¬Ventnor¬¬PO38 1EU¬50.594955444335938¬-1.2023112773895264¬10L¬NHS Isle Of Wight CCG¬¬¬¬
10927600¬K82026001¬GP¬UNKNOWN¬Visible¬False¬True¬Water Eaton Health Centre¬Fern Grove¬Bletchley¬¬Milton Keynes¬¬MK2 3HN¬51.979278564453125¬-0.72579383850097656¬04F¬NHS Milton Keynes CCG¬¬¬¬
10927601¬P81020003¬GP¬UNKNOWN¬Visible¬True¬True¬Burnley Group Practice - Kiddrow Lane Site¬Kiddrow Lane¬¬¬Burnley¬¬BB12 6LH¬53.795177459716797¬-2.2886106967926025¬01A¬NHS East Lancashire CCG¬¬¬¬
10927615¬D81030001¬GP¬UNKNOWN¬Visible¬False¬True¬Old Exchange Surgery¬East Street¬¬¬St. Ives¬¬PE27 5PB¬52.324440002441406¬-7.2672814130783081E-2¬06H¬NHS Cambridgeshire And Peterborough CCG¬¬¬¬
10928104¬L84027003¬GP¬UNKNOWN¬Visible¬False¬True¬Marybrook Medical Centre¬Marybrook Street¬¬¬Berkeley¬¬GL13 9BL¬51.692359924316406¬-2.4583017826080322¬11M¬NHS Gloucestershire CCG¬¬¬¬
10928895¬J84013001¬GP¬UNKNOWN¬Visible¬False¬True¬Shanklin Medical Centre¬1 Carter Road¬¬¬Shanklin¬¬PO37 7HR¬50.631893157958984¬-1.1791341304779053¬10L¬NHS Isle Of Wight CCG¬¬¬¬
10928899¬J82007001¬GP¬UNKNOWN¬Visible¬False¬True¬New Milton Health Centre¬Spencer Road¬¬¬New Milton¬¬BH25 6EN¬50.754783630371094¬-1.6549705266952515¬11A¬NHS West Hampshire CCG¬¬¬¬
10928900¬J82007002¬GP¬UNKNOWN¬Visible¬False¬True¬Barton Surgery¬1 Edmunds Close¬Barton on Sea¬¬New Milton¬¬BH25 7EN¬50.745819091796875¬-1.6614001989364624¬11A¬NHS West Hampshire CCG¬¬¬¬
10928901¬J82007003¬GP¬UNKNOWN¬Visible¬False¬True¬Webb-Peploe House¬45 Church Lane¬¬¬Lymington¬¬SO41 3RA¬50.756549835205078¬-1.5433012247085571¬11A¬NHS West Hampshire CCG¬¬¬¬
10928902¬B86039001¬GP¬UNKNOWN¬Visible¬False¬True¬Westfield Medical Centre¬The Reginald Centre¬263 Chapeltown Road¬¬Leeds¬¬LS7 3EX¬53.817676544189453¬-1.5316882133483887¬15F¬NHS Leeds CCG¬¬¬¬
10935125¬F82042002¬GP¬UNKNOWN¬Visible¬False¬True¬King Edwards Medical Centre¬1 King Edwards Road¬¬¬Barking¬¬IG11 7TB¬51.533641815185547¬0.08424030989408493¬07L¬NHS Barking And Dagenham CCG¬¬¬¬
10935144¬M83030002¬GP¬UNKNOWN¬Visible¬False¬True¬Boney Hay Surgery¬11 Longfellow Road¬¬¬Burntwood¬¬WS7 2EY¬52.690330505371094¬-1.926753044128418¬05Q¬NHS South East Staffordshire And Seisdon Peninsula CCG¬¬¬¬
10935145¬P81740001¬GP¬UNKNOWN¬Visible¬False¬True¬Lostock Hall Village Surgery¬1 William Street¬Lostock Hall¬¬Preston¬¬PR5 5RZ¬53.726325988769531¬-2.6934285163879395¬00X¬NHS Chorley And South Ribble CCG¬¬¬¬
10935146¬P81740002¬GP¬UNKNOWN¬Visible¬False¬True¬Medicare Unit Surgery¬1 Croston Road¬Lostock Hall¬¬Preston¬¬PR5 5RS¬53.725242614746094¬-2.6923954486846924¬00X¬NHS Chorley And South Ribble CCG¬¬¬¬
10935147¬P81740003¬GP¬UNKNOWN¬Visible¬False¬True¬Croston Medical Centre¬30 Brookfield¬Croston¬¬Leyland¬¬PR26 9HY¬53.666152954101563¬-2.773728609085083¬00X¬NHS Chorley And South Ribble CCG¬¬¬¬
10935148¬P81740004¬GP¬UNKNOWN¬Visible¬False¬True¬Eaves Lane Surgery¬311 Eaves Lane¬¬¬Chorley¬¬PR6 0DR¬53.659824371337891¬-2.619035005569458¬00X¬NHS Chorley And South Ribble CCG¬¬¬¬
10935381¬L83120004¬GP¬UNKNOWN¬Visible¬False¬True¬Kingsdown Clinic¬Mill Lane¬¬¬Teignmouth¬¬TQ14 9BQ¬50.548374176025391¬-3.5111455917358398¬15N¬NHS Devon CCG¬¬¬¬
10935382¬L83120003¬GP¬UNKNOWN¬Visible¬False¬True¬The Den Site¬2 Den Crescent¬¬¬Teignmouth¬¬TQ14 8BG¬50.545783996582031¬-3.4951136112213135¬15N¬NHS Devon CCG¬¬¬¬
10936359¬B83038002¬GP¬UNKNOWN¬Visible¬False¬True¬Eccleshill Community Hospital¬Newlands Way¬¬¬Bradford¬¬BD10 0JE¬53.823078155517578¬-1.7121117115020752¬36J¬NHS Bradford District And Craven CCG¬¬¬¬
10942815¬Y06792¬GP¬UNKNOWN¬Visible¬True¬True¬Broad Oak Medical Practice¬Strelly Health Centre¬116 Strelly Road¬¬Nottingham¬¬NG8 6LN¬52.973232269287109¬-1.2277108430862427¬52R¬NHS Nottingham And Nottinghamshire CCG¬0115 979 7910¬¬https://www.broadoakmedicalpractice.nhs.uk/¬
10942822¬M87003001¬GP¬UNKNOWN¬Visible¬False¬True¬Moss Grove Surgery Kinver¬High Street¬Kinver¬¬Stourbridge¬¬DY7 6HL¬52.447544097900391¬-2.2280857563018799¬05C¬NHS Dudley CCG¬¬¬¬
10943222¬G81021001¬GP¬UNKNOWN¬Visible¬True¬True¬Foundry Healthcare Lewes¬Southover Road¬¬¬Lewes¬¬BN7 1US¬50.871814727783203¬0.01099772471934557¬97R¬NHS East Sussex CCG¬01273480888¬hwlhccg.foundryhealthcarelewes@nhs.net¬https://www.foundryhealthcarelewes.co.uk¬
10943229¬G81021003¬GP¬UNKNOWN¬Visible¬False¬True¬Lewes Victoria Hospital¬Nevill Road¬¬¬Lewes¬¬BN7 1PE¬50.875156402587891¬-5.5177528411149979E-3¬97R¬NHS East Sussex CCG¬¬¬¬
10943230¬G81021002¬GP¬UNKNOWN¬Visible¬True¬True¬Foundry Healthcare Lewes¬38 Anchor Field¬Ringmer¬¬Lewes¬¬BN8 5QN¬50.892349243164063¬6.0826398432254791E-2¬97R¬NHS East Sussex CCG¬¬¬¬
10943368¬P81160004¬GP¬UNKNOWN¬Visible¬True¬True¬Myrtle House¬154 Blackburn Road¬¬¬Accrington¬¬BB5 0AE¬53.753402709960937¬-2.3728277683258057¬01A¬NHS East Lancashire CCG¬01254 282501 (ext. 1)¬¬¬
10944197¬D81022012¬GP¬UNKNOWN¬Visible¬False¬True¬Thomas Walker Surgery¬405A Fulbridge Road¬¬¬Peterborough¬¬PE4 6SE¬52.609855651855469¬-0.26423496007919312¬06H¬NHS Cambridgeshire And Peterborough CCG¬¬¬¬
10946722¬K84028003¬GP¬UNKNOWN¬Visible¬False¬True¬Horsefair Surgery¬South Bar House¬South Bar Street¬¬Banbury¬¬OX16 9AD¬52.057430267333984¬-1.3406754732131958¬10Q¬NHS Oxfordshire CCG¬¬¬¬
10946925¬G84604002¬GP¬UNKNOWN¬Visible¬False¬True¬Highland Medical Practice - Orpington Surgery¬59 Sevenoaks Road¬¬¬Orpington¬¬BR6 9JN¬51.368621826171875¬9.6406102180480957E-2¬72Q¬NHS South East London CCG¬¬¬¬
10947078¬P81095001¬GP¬UNKNOWN¬Visible¬False¬True¬Daneshouse Branch¬Old Hall Street¬¬¬Burnley¬¬BB10 1LZ¬53.800762176513672¬-2.2384850978851318¬01A¬NHS East Lancashire CCG¬¬¬¬
10948611¬C82001006¬GP¬UNKNOWN¬Visible¬False¬True¬Fleckney Surgery¬High Street¬Fleckney¬¬Leicester¬¬LE8 8AJ¬52.535560607910156¬-1.0447523593902588¬03W¬NHS East Leicestershire And Rutland CCG¬¬¬¬
10948612¬E82001003¬GP¬UNKNOWN¬Visible¬False¬True¬Berkhamsted Surgery¬Doctors Commons Road¬¬¬Berkhamsted¬¬HP4 3BY¬51.759281158447266¬-0.56894552707672119¬06N¬NHS Herts Valleys CCG¬¬¬¬
10949079¬B82098003¬GP¬UNKNOWN¬Visible¬False¬True¬East Parade Medical Practice¬89 East Parade¬¬¬York¬¬YO31 7YD¬53.965995788574219¬-1.0618200302124023¬03Q¬NHS Vale Of York CCG¬¬¬¬
10949080¬G83066004¬GP¬UNKNOWN¬Visible¬False¬True¬Crook Log Surgery¬20 Clarence Road¬¬¬Bexleyheath¬¬DA6 8ER¬51.458175659179687¬0.12919686734676361¬72Q¬NHS South East London CCG¬¬¬¬
10953814¬G82233004¬GP¬UNKNOWN¬Visible¬False¬True¬Healthy Living Centre¬Yellow Suite¬Balmoral Gardens¬¬Gillingham¬¬ME7 4PN¬51.385635375976563¬0.54780054092407227¬91Q¬NHS Kent And Medway CCG¬¬¬¬
10954735¬C88015003¬GP¬UNKNOWN¬Visible¬False¬True¬Avenue Medical Practice¬7 Reney Avenue¬¬¬Sheffield¬¬S8 7FH¬53.324501037597656¬-1.4903210401535034¬03N¬NHS Sheffield CCG¬¬¬¬
10955013¬G81021004¬GP¬UNKNOWN¬Visible¬False¬True¬River Lodge Surgery¬Malling Street¬¬¬Lewes¬¬BN7 2RD¬50.874835968017578¬0.01883196085691452¬97R¬NHS East Sussex CCG¬¬¬¬
10955030¬B83614001¬GP¬UNKNOWN¬Visible¬False¬True¬Whetley Medical Centre¬2 Saplin Street¬¬¬Bradford¬¬BD8 9DW¬53.803573608398437¬-1.7779304981231689¬36J¬NHS Bradford District And Craven CCG¬¬¬¬
10955077¬F81181001¬GP¬UNKNOWN¬Visible¬False¬True¬Barbara Castle Health Centre¬Broadley Road¬¬¬Harlow¬¬CM19 5SJ¬51.748893737792969¬7.3809213936328888E-2¬07H¬NHS West Essex CCG¬¬¬¬
10955078¬B84016001¬GP¬UNKNOWN¬Visible¬False¬True¬Bankfield Surgery at Rosemount House¬Rosemount House¬Rosemount Estate¬Huddersfield Road¬Elland¬¬HX5 0EE¬53.681140899658203¬-1.8303370475769043¬02T¬NHS Calderdale CCG¬¬¬¬
10955079¬B84012003¬GP¬UNKNOWN¬Visible¬False¬True¬Spring Hall Group Practice at Southowram Surgery¬Law Lane¬¬¬Halifax¬¬HX3 9QB¬53.712295532226562¬-1.8316816091537476¬02T¬NHS Calderdale CCG¬¬¬¬
10955080¬B84012002¬GP¬UNKNOWN¬Visible¬False¬True¬Spring Hall Group Practice at Queens Road Surgery¬252 Queens Road¬¬¬Halifax¬¬HX1 4NJ¬53.724769592285156¬-1.8815840482711792¬02T¬NHS Calderdale CCG¬¬¬¬
10955123¬Y06810¬GP¬UNKNOWN¬Visible¬True¬False¬Whitehouse Health Centre¬Brahaman Way¬Whitehouse¬¬Milton Keynes¬¬MK8 1BP¬52.034946441650391¬-0.81105482578277588¬04F¬NHS Milton Keynes CCG¬0113 2843158¬¬¬
10955124¬H81119002¬GP¬UNKNOWN¬Visible¬False¬True¬Whyteleafe Surgery¬19 Station Road¬¬¬Whyteleafe¬¬CR3 0EP¬51.308387756347656¬-0.07874596118927002¬92A¬NHS Surrey Heartlands CCG¬¬¬¬
10955564¬M83625003¬GP¬UNKNOWN¬Visible¬False¬True¬Foden Street Surgery¬32 Foden Street¬¬¬Stoke-on-Trent¬¬ST4 4BX¬52.997047424316406¬-2.188227653503418¬05W¬NHS Stoke On Trent CCG¬¬¬¬
10956128¬P1R9P¬GP¬UNKNOWN¬Visible¬False¬True¬Sir John Kirk Close Surgery¬3 Sir John Kirk Close¬¬¬London¬¬SE5 0BB¬51.479587554931641¬-0.09948451817035675¬72Q¬NHS South East London CCG¬¬¬¬
10956175¬I7Z2C¬GP¬UNKNOWN¬Visible¬False¬True¬Whitchurch Surgery¬49 Oving Road¬Whitchurch¬¬Aylesbury¬¬HP22 4JF¬51.882175445556641¬-0.84260618686676025¬14Y¬NHS Buckinghamshire CCG¬¬¬¬
10956176¬I7H6E¬GP¬UNKNOWN¬Visible¬False¬True¬Nordon House Surgery¬Norden House¬Avenue Road¬Winslow¬Buckingham¬¬MK18 3DW¬51.944858551025391¬-0.88301098346710205¬14Y¬NHS Buckinghamshire CCG¬¬¬¬
